371819716
512829832
222446247
107639081
172319913
249541534
44070331
247002566
323950509
445701672
393483705
42182102
535531180
514725792
26814425
531372521
196659005
259276097
63491345
197946594
395768971
308363149
524176967
245149547
305484437
467962531
124681239
51906114
241498219
406593253
526733307
318156953
251094859
57856186
236272994
258258361
268922349
106052788
224740413
136179067
332320353
370195813
36506306
461089766
266727163
388443335
204549872
143277047
113644421
89350059
309790324
2303549
34661149
340470334
211336574
240318429
138852687
41377545
516057104
190435254
280736900
281458684
113933933
194570402
2743451
180998461
446008597
327038153
340300527
243591891
443486594
285161944
298085917
229315771
316977619
99986300
357591999
34524849
445981470
484859051
227255548
449758633
155881244
433980224
490569539
263583789
18631463
53278287
483104070
475728521
269831904
72375187
475022197
364376926
74124098
183983809
404238019
24646486
76092012
435242821
186599691
496162475
109420706
314313006
364435533
369311294
217027808
23136625
4915208
301630711
388272789
363152479
491370547
484662753
67716585
332432461
511597791
328948655
519658065
25443400
26488773
441039020
257751578
346844720
388752079
513226212
506569508
125980818
288244923
440807279
398175849
373816696
347022004
453380302
116326568
351774109
28843304
405630379
173459496
33039273
458068703
21915460
114641798
406182821
501043453
174059504
503441159
11787031
99035280
455154243
197202727
447274340
156609783
505807618
84669204
267704860
53496518
95994096
335947062
246667326
527019768
261488353
424238856
113470935
98050352
183515183
5090878
482483611
201168330
133314543
128559787
191904295
117766939
482585025
405267811
454110610
138113823
491466107
458387663
132366106
44512217
63312747
445556499
85119563
41158458
389406304
309529356
397999558
479063491
523153574
290765195
247564422
232653602
217305788
461477240
440094833
326876307
393981668
301341301
529046341
466944127
17690466
315375888
529871933
116917083
346392923
193021224
300042814
449958735
44682204
17081499
299764068
326849232
534580239
436512211
96128281
166965283
187171616
319547981
135827686
376775907
233269419
369456757
314918624
52446894
320569474
15674714
414562979
347270982
422397264
500120602
36896193
513469601
71174518
7928669
285532740
408025046
13181673
284078134
93056831
71548424
316753926
53416856
38512028
74775158
240763300
227462512
6040181
116824684
301343673
250592346
389659187
166139351
489347516
504621226
422316334
527826788
143726575
515903238
351071377
529904145
183082731
439282994
485612759
61946128
524645242
225531585
528927824
325375583
311723620
202594192
286340064
174719930
520081033
312624640
369100164
128908694
399828077
352263758
293909863
477987956
188471373
356039541
56669257
497040790
473390415
53285941
335148306
194887715
485823318
440534838
19830087
506431910
493471174
394169146
310785359
197883039
229343301
33119047
142147488
388812311
410639785
98287067
13332491
95070230
125595870
535622907
135054148
399805469
288569417
237694710
426244658
92684677
460874075
145327101
144455856
399311589
490516132
256412821
62579368
500932674
119465478
163951957
347483484
62478364
48775767
13932311
446546306
396453848
475481067
320303884
507438850
326135061
176239183
321718136
133566539
283243546
396996698
452655623
422692565
502300138
20793935
114382586
235301036
177014956
536388398
400608271
35693060
38233895
461909390
55865841
127136268
535717069
185623414
292597176
267005971
483491167
224769914
517379633
1034983
437676736
302888322
40262008
248338617
152104899
194655150
363936603
418584256
440610578
497880836
174416044
161404886
118227479
145897628
493476039
516686425
79712062
282415434
342594949
416968470
244146550
313094194
230991505
434772489
256525506
114200144
301030553
55653199
528376606
371635820
296462595
451106501
254840621
514236770
389448045
59442667
22587612
295914704
201382092
484093817
127938251
324763904
142357237
18516508
314073695
534134456
247254728
305770175
37073387
222544028
113655071
511006956
491310977
506963853
306870712
306841284
483179716
535042274
348113971
459199569
229100847
349753011
518912772
388379009
125467126
223529682
180054357
444580287
274183997
117159288
164771665
247910072
435339611
143466055
104167442
458043846
411641964
49152096
132996574
164634960
178074114
483963124
115632884
130728313
18093160
467666998
235153643
286579478
229844948
128967706
228951183
357395995
179716034
133196330
435837282
468164003
145275204
179816438
80166685
195636276
45585995
30120362
10751607
252051834
438958427
367396049
373117300
182861453
197108128
237903660
415610447
119941772
37519234
351538109
170454789
296365887
32770599
436670089
414569184
452702594
37627983
91879076
30438243
335913286
405971861
372860672
493902315
424379578
288402708
315991342
253597170
368587580
100119427
12764713
530083467
248274429
244711596
88893740
414671989
120549136
283061456
143745560
14136589
19081725
59881472
309288363
471424187
529708102
59059659
400790326
155638520
235039594
325180828
455211282
298821246
58882653
423758204
320245627
45515016
148951761
480065614
510568917
124139893
531543174
348102940
175601215
354686796
43585442
179681480
95941111
442061909
23670793
460970535
298060681
448677161
156387660
201786961
378554041
524399962
174046090
435295984
387494603
195854421
290219442
24675361
169488873
459879001
70046411
250458907
307867436
25323364
302312000
483007545
308681071
177415490
320106240
233123396
406995775
432448593
30621906
242021665
403829994
16075548
8800472
430326723
12673342
247711958
277065365
95321265
273591676
302644022
265095497
297657144
117150452
167957030
98678466
451332822
449822167
173539144
184416191
281675905
98614010
128876531
255913254
435684657
173659752
149582811
326303814
199379865
285581099
309327358
371420714
396663375
174309597
167088447
87918532
146404708
7936533
175905423
9540469
536729263
372012188
354871522
309031380
31972161
366084985
32495045
434390063
446126220
291986536
122771520
514691558
153678729
441852208
464532130
466210615
20675368
379420577
156367811
292952703
164132293
449143361
110793667
170981534
503113404
136763867
314898786
89990669
59253693
143457824
442459035
293532893
96959820
245050123
370999128
419984975
311586877
368587410
111931906
175616405
215048142
25234790
57424802
412571737
415436688
347993449
403342945
198136006
129188186
386148316
409772236
368384177
142413534
266295909
272258631
231383979
282994609
195051944
451420150
15241163
202897822
10463670
234364880
390555887
300137113
297545848
75735294
244793751
246398146
24945525
52638984
426122693
505790318
289142383
20223068
371841523
506642440
367493058
110419966
79353919
167011556
310035078
278758502
338699166
261452763
261054823
19140081
411702460
147371881
216339779
193981566
261992847
157102466
352808632
427844877
30806400
16324793
349234029
483044845
133963346
167774191
488319165
109231803
448865578
385905884
395456799
391162016
150220025
35217803
525682604
412907095
337225108
457739705
420531121
418828855
158486707
138575457
250398556
136738861
193616888
107121296
452549002
495374594
328230174
114382297
495687005
257927165
243582063
330669005
162214300
469419582
402859115
492398146
316912306
499775431
42813689
196168404
57801003
460160259
384388025
224674203
500038248
133844075
515928711
161738020
260267461
409382001
124079777
449363422
396383975
464872072
500801973
217542475
275838256
472098048
135990022
529435802
148308327
63879713
21317969
16764239
305300531
409548665
370928738
171808816
332055699
117321613
216741817
477349905
279784847
439284136
220882818
239492293
223695376
519958631
406623808
228673939
176855564
3631684
36604224
174183876
139056607
30049486
511507043
74981854
307518061
505857807
10206641
283406790
191508813
271344586
234571877
318868133
357985801
36574958
334767244
280760056
316263421
358903805
71027627
37765392
452628818
530724098
350164782
238003873
298701601
143278350
456505952
88019976
262929599
287025126
372881079
477271674
229910209
10935477
183716019
385089930
454857576
27389180
432801068
122331652
21284776
145609310
7970220
141322827
300610881
180573558
203475735
266902328
64992392
154234464
397576794
403005503
9766897
413101700
158726181
238498055
329329786
14935195
446628045
282575432
44754011
87629535
422968661
136532729
368756823
202714157
208338118
379103977
237645886
459534593
460203094
401096148
261640479
162537755
132625246
359667752
526509949
421156612
123347618
234639823
237063899
875481
462817042
241696542
400356190
73306765
324648425
168662033
530994655
249791890
212155458
504915247
382780015
280717697
517756999
411324605
417737362
347545602
399093201
378372247
346871051
325092938
338964686
138823640
225880425
180029802
197997901
132042096
477185864
306952961
197106582
138835755
3462682
279173677
411778026
372826037
364538386
215118833
262211435
480738461
106797949
523484707
132071287
220370398
37464977
69130206
186880435
49128090
477219363
525018628
241580042
91875187
311949443
54338636
335051771
474438440
529582589
68378337
355768750
239250021
279128869
360626331
17068398
207454398
174632050
273856037
160806408
45853180
241516642
444937435
94535844
205902201
370960531
307344916
449484375
101962496
301675982
149427873
425622800
412437283
225320456
107568004
528195936
486220087
221091401
11426208
333264977
435858095
483210872
58288741
400651189
69415140
333434155
362369821
110337313
454015539
152267031
504437187
235052119
119710441
95252178
401819109
367499423
64287054
218785764
263005213
488238738
132789320
219952270
498234153
519307809
518546246
177441988
80038286
137775128
272776200
122201989
333596354
302103781
263268344
413257835
403674901
63165345
403159169
474804783
301131911
533313592
352950670
432023849
255346587
455589793
196721546
66868837
350197703
316268929
158731788
56824589
47167400
211920496
152625038
161569456
123923426
111233183
123995869
237009228
68105421
513522673
237911965
276614952
217686968
475780739
117711845
519812529
77304185
331119112
338396245
295451373
150595622
463836028
390759621
485017113
282443004
143589780
143675080
395698829
447384964
508624116
507250663
48691451
62503602
124836355
353622866
312535556
521844717
495526369
183209453
456286415
219873793
334936124
433811206
142875984
447359412
97580520
41252431
425647199
40920759
104736412
253480148
286144381
74835190
366738208
250312029
382099291
189082258
102486532
7114848
28496410
143190436
522096949
16070654
254717392
464258856
185140295
95048811
166669423
291924124
244777180
128278394
78403454
254336429
447553331
419787649
515619828
190465579
105689568
15493664
179882820
221187577
196974031
228878957
389955809
383518005
75131669
503732422
392373667
278805875
233076002
297609491
206511999
417940476
68832449
87746699
57489243
84867072
216546202
258517159
371194407
1881765
167645798
465795458
375897308
305215127
270555476
520767220
164469660
227430616
414268332
26837244
475831264
182502732
483551547
117250958
336386713
51069363
104808509
151663514
260025533
522308192
239935391
400335264
359738281
443037972
482174404
236809459
217798440
67825581
221572881
232758856
502086128
431859123
473189125
248627123
445543787
364672445
58080800
108038884
94034371
334258562
102180492
350933537
479931004
502039559
119677103
360581297
240707828
477728469
284224854
209445379
34812603
176642869
318937883
152056357
279423077
535410625
498868372
487529567
534212151
278146926
512146591
405496826
214619304
213009867
382161374
219709303
256042581
437081506
62889502
270390998
216395436
231576155
496936145
363922053
338345224
283799661
106838551
220188232
26514209
314278768
80523403
79815466
180600459
92109921
392011267
154390238
507254815
32519816
484443272
421054906
222873638
305692828
330537133
384616477
454071682
456262696
294546234
236509813
536579241
506086530
22271490
24935417
464155257
215180788
514461575
333377165
321192893
20185697
440799834
192886801
392793004
213983835
279126231
66054888
200225769
192029981
476873788
410735391
44520160
494218377
535665309
162372548
47950947
204020601
102654619
71525885
511763045
467635873
536720977
303648506
12121740
156229871
464528698
187407644
188713108
491716418
325887879
328359518
291724073
52213883
479150310
385429877
211221645
114276885
489232662
323091090
89394788
336014929
253334243
117207034
480899610
79444358
532292196
243220849
257986961
467036845
234419664
205259320
358321016
357632895
217371442
455470966
69357411
524291509
173916610
66723323
298741975
357740473
198103847
326978830
525464458
132915692
421339702
430800825
186613683
404853925
302058393
170816717
510979922
384520420
229162255
480222588
315079364
413863279
499985250
324666560
483120123
315616136
322577765
277669302
344313129
90170370
75663731
131818976
57313641
284395636
398917521
407168313
38932650
51647769
461633615
505253481
210207397
464623870
116990966
530029924
34886969
227452292
178095674
17053393
295613617
346248165
90218980
438999739
98355831
94771412
278918978
495073348
55293763
387796772
277444859
111961427
421642005
176633585
465902738
247479616
46367156
94259210
39465520
410632706
510354918
390541996
403043403
461842226
495915968
396994668
12997235
395495785
267641080
529349863
162143355
481718964
502505701
427684710
215415570
280362604
391306314
150783968
457104662
451161251
59336627
184636096
139733742
511583237
230479352
232634355
197977355
319854544
296091985
264697669
452327684
297916902
166755454
191907069
428607185
389589946
397875716
69290102
152647450
349203985
383674009
223466133
515907518
519541168
164503562
465870750
24304521
315093067
308035037
153843235
406351758
35540399
46058730
380805512
45715803
448059142
80322451
508861898
413271415
277793091
301169231
372874439
418697644
129974162
99063763
27051225
121458208
528786812
229887494
315124378
234315376
203058357
110564409
532243814
404041460
54856942
471061231
359401667
430230935
299658446
371827598
524030842
399754929
311190700
118026007
423958288
69438655
325262619
471600197
46239697
254235945
131378056
263580221
369805767
109078580
444694541
155154084
144158871
250964955
370161228
180518254
376572290
473580270
358497376
345757601
224905252
381080351
69033535
395021290
193795637
323852268
312484844
379646484
290629143
103649008
512140742
402246262
36320021
196385390
377099554
118636233
277429798
123192060
324525766
30612115
391265454
51845129
350566534
369114449
229430445
15371085
26903191
127585189
399887775
308379578
150816163
296200933
144921304
251181822
132785323
424848927
14502360
426468299
289558048
421876664
144855252
159236348
302447807
473173644
291251425
211936673
435908247
147120416
285045365
96487378
133971952
199313985
468372946
420444429
421424905
311443737
259483411
466871830
412337376
271221848
407351388
426389253
31897042
311399652
270587067
333187631
392688519
448726952
283361551
221200188
442485104
387283780
272477188
106039718
214994893
158435507
282315839
194876223
142132669
55912883
340363338
136343299
286933484
349476136
507447815
482780851
315008730
252896152
532788546
43934977
396798619
301925934
327716235
506385317
115999110
239113068
88559527
323466260
525075370
88188266
518731138
110726196
326500410
210179386
266878574
12938089
362704544
115279765
123133323
306180130
14683612
148465205
485813491
258545241
391142910
43653879
319580356
335817434
376194050
448282722
122032219
76479342
447800633
55501609
279737292
306958818
329199401
215480871
363866127
7617885
40031438
278180261
28050628
529666671
442203781
432551099
453552521
1964369
535875882
412727562
462182682
350702040
85763111
81602545
382090170
73660068
411965968
508850105
350348485
264452739
498667629
302193375
259560317
357682526
437330786
224294204
4817386
359873707
37167134
454599306
84839739
436878931
413285765
64437119
529210966
87339590
190850012
462741236
299022843
493838379
490127647
493516657
52381320
17140568
498738555
522214306
248768170
474125014
7875801
7559580
300522480
232071959
422313638
99993554
397103614
100539777
490094489
54563309
323692739
397449966
103643905
216231929
466903697
111533614
62277820
243330442
55147625
297928130
326203670
511742863
487483663
231412436
348385169
172790059
257580766
62940050
421336805
178477280
512630466
227047433
400612476
182253727
478720930
358894656
20378034
8626013
284846726
347029731
402533472
341248371
437199720
360504285
532490763
381961665
251400121
320247362
470171423
311907934
21361498
237348308
27736511
357863706
72482557
193187954
218528285
303898084
371405443
150297160
526200814
273538075
156700651
210894343
84537605
384140749
142056484
400015588
115209392
329170359
164933007
520584482
507682168
86521614
341970244
330937183
517323931
326658022
332768922
502617481
365971453
449395367
184291045
321603544
178468308
361682746
142037162
313607638
438700366
442297640
202785902
167393317
1554569
204044561
19781077
401933171
39997640
67183105
47515981
119635196
314634952
482989384
270494121
395683546
356971791
515518395
168256957
164024663
354038562
458051086
71085726
17494949
236805152
27178765
454913473
93349272
96787770
204479235
521856975
268686270
46238607
250944410
119535919
524897765
49831344
363398380
218595417
455808138
357183472
99157389
125608548
22873216
334790282
281263248
489138120
513582981
60908544
171985160
285375334
358669491
279646622
479915095
272976591
437049391
531845370
472309195
284289799
11365478
457938054
535113033
313203217
527990571
112545356
380224446
66123936
385853397
139572941
280113387
37164325
161758421
328869717
154373280
141252717
195147138
219689974
13650755
326416871
412815536
320991284
88584781
441813622
175899466
424465059
204176551
464484003
86546273
412108028
290493454
309196295
241109781
30777155
345805937
197404027
463730470
60452656
100815375
409948655
212432684
274560944
500464167
378606739
46435489
62908672
84621346
516527918
442982501
367586005
197043946
136540680
265310029
405551206
112370104
357417514
536087516
195729461
184367268
167813430
465285951
237860116
346288225
260898432
469340291
197379134
450006769
298737262
280939900
327474364
383543555
362786664
178882934
314023707
293361895
48196343
26616022
349599639
488702316
254469909
187951186
243690920
163474473
254230474
28754944
475469864
199774531
37435274
84935032
253456989
526336402
535453676
300576220
459883727
277530971
481125010
217433619
499614023
452828226
240402559
74334496
456851014
68811726
6765050
522140068
215674248
254814221
37243929
269670814
306709879
240388924
289826890
37051240
155244138
99119716
499887184
465956852
445449440
379230886
289869616
348597436
418994832
347382149
40237408
106593637
107942785
462811939
194766994
450026276
482740783
483712445
425633525
536566873
6367414
20303746
499845061
505192827
222549953
398581666
31140028
166465031
426901280
492590418
296330367
39648805
12967286
217284132
478659147
409329764
124542397
74685631
100071975
86776132
259161459
70861453
473530472
502635894
439490127
163064625
205567046
310826839
105954049
282093521
289393570
405024820
220064660
261383657
122165940
46705500
24600268
280869624
445148240
132158646
335841301
107496140
87447497
135662904
46864936
229715570
463777231
102214127
173035064
71425304
376582942
509019798
390450164
8534215
475319131
73124384
128315729
2084300
495393411
426735881
461644702
217080887
92629293
509593844
25800057
212500945
218970557
247365915
460168827
265342367
1259359
267758183
444368651
493074794
354506961
179403820
434825201
456234460
466124023
529393320
479946000
504971996
173361439
374884832
47353686
57174779
29115141
314013558
185927866
152906618
340571524
75047182
429509271
290652172
283682844
44495137
282376537
259215016
443978377
139662740
20806746
332857910
257417117
312472990
259343959
485396407
145625465
295333895
131047553
267498678
506896800
194075542
185254394
103314908
109506570
530885637
423686787
50656004
488025669
92088165
13507263
418085547
171102780
193555705
148197287
102877504
111479473
389214812
127500438
463573888
38008712
120142886
308377928
347676967
387651747
386594164
264917583
336326110
59753845
267522141
288473072
117560433
159022133
389861518
286789951
232623190
107310246
226365903
178912119
136750910
53212156
478666191
300967393
420820855
61650751
157181170
450757672
227035232
530512172
154147484
206187858
73030272
496432518
68985901
506408065
315872962
395160103
442347553
358248785
370389388
365574409
531748372
519136924
17980490
144953460
527952238
266380832
44325368
413752975
343762154
443927035
161250278
3996582
238396661
36757987
36150382
304888215
457921417
292509146
119341862
501102865
314345612
530668908
188256295
209184236
188408060
394155582
120403819
154927706
177339546
329614852
215586675
515294007
508860379
161165238
110451294
37290583
466928984
329401377
116777063
341956027
16918627
428976892
194447046
6590890
76171796
156390645
57065649
54799315
344358819
505299822
515015820
140655757
536157124
400029154
160369771
435393682
330013633
162366296
71345844
81300510
200631231
377972721
33647228
307854511
7059497
481594058
99692997
30221889
47850931
380840496
441110939
170520770
73387225
134741439
147288697
282264981
354820895
202775716
119139390
165110154
418848063
375465596
304591981
213800994
330642454
95301779
307255586
117371284
27978298
153502471
507331996
319730104
535866073
488935967
364970866
408236060
535787837
434424159
118088367
249234615
479548846
33480630
457103810
378718826
395512810
156393241
400712141
235759586
345359630
254360588
309905693
80249577
434810674
105051911
303705660
484594744
444821571
383009054
402788558
101954459
166205210
356503554
142354599
513462559
536458239
481011342
213073131
59696525
414998941
471170434
518396402
425623410
4339130
177427779
26600955
208724321
461507586
405246426
429521424
169287736
93854450
462595904
186843814
525226207
176987343
48893261
524577221
79905491
330641697
491873675
451998176
12377315
386620309
447486419
89552165
131652085
479429743
63699886
529820728
212440837
376140512
462738292
145172093
346950633
525893400
166408509
507697918
116304212
168995164
379215677
509990742
441720911
39532403
203668548
154322239
427016854
204868951
495692410
151715795
392939094
450496045
331868181
101235197
28619508
115131626
275876290
323321916
279815514
378137553
174036135
134257347
190012409
284801086
207636350
181016123
360026871
108132586
116886060
130879642
179541729
255089512
317971644
3914504
129611486
292096896
444550358
284879869
344314881
172904210
16508624
459803329
363674272
487724377
318940785
317055856
237092172
369971451
285728006
296068791
481386214
452284592
352631000
356851019
529299798
373406908
201237377
488969768
101434623
315259036
243861974
472977672
26128961
412662455
489066557
139051828
246556638
211694382
395722535
171254790
460691762
505401522
424994378
291932641
415948241
45875092
304685334
248759889
140863624
310492149
392297665
268896596
65334537
211499077
395355200
509777491
448021292
340163111
467187301
134678780
188973465
10342322
332013417
45060668
158446707
527616280
213298624
163798396
184180743
518190966
104000810
302882278
521542191
126017552
455986158
494223079
284984683
270660784
189685995
293608312
169504990
243502211
268558767
307662563
301884988
249419656
457322453
519928230
141602990
360071199
489026549
38977705
488411899
276685543
281127555
525794500
119426671
188523120
445245835
259883202
234426717
72924597
213997741
356181853
399991278
466476210
135406397
294718771
307802008
123640472
297115246
1191870
316265041
236582334
250758500
338619417
369103622
456673829
469348706
233790544
106149021
442168998
442624156
1141223
432906076
82163105
426689793
8257694
53547120
361928270
67428758
341989340
386645647
231931306
383103571
53117150
444351337
249833559
391793321
81804414
170419485
410206042
398958851
385557900
164912749
209773238
250362341
83603078
172057486
76565721
227769773
64309312
531841747
325325291
48880383
499381147
480083930
512503477
489076198
465006954
83401354
78555750
3485806
297353367
439924592
93332718
498071043
126869306
281269789
98420767
231901366
215759275
282511665
23136816
452819459
329211612
484747712
437471269
483444468
364366157
151765284
195384077
368963050
428026203
282268291
32225974
401712157
358534733
331921496
408401361
155137614
369111807
367789139
505723226
67826529
520077069
184893783
164851487
75180785
357849474
411709904
412915779
191065301
482866331
404123975
435544018
480603386
379114380
89791311
395928817
176869458
344269246
358570499
425718496
18674861
508495108
376943379
184079652
265208926
129571540
476506526
533341681
507850392
317857017
362328703
423583020
113019473
256212562
517348112
492654414
118718602
237416377
525405842
38762018
61213610
20743076
143615679
255143800
349975622
100241117
129042440
389247059
323504687
522440530
103737885
226835464
198745670
379901599
376514050
327041549
173844311
413905107
318493567
379127586
271484704
12709042
109840060
311051224
248713997
437065464
127125435
467109780
179510387
451832494
44273487
87530744
463224195
300938012
331088418
239891746
100907022
7609875
61064063
285205633
139492392
219236828
170584783
294498570
409432349
199478014
501287933
387326427
251357682
4465799
338130301
302822720
300123193
16658278
193859535
86421401
30973127
185163002
528299409
204563871
342296985
66514919
182186847
342570841
248506834
189164950
442218086
286363956
422548092
450618257
372144094
133003674
37630015
410074760
67081838
418821283
383163650
250244840
220686681
505758955
1734219
218438595
523082065
235634423
532623213
296742274
351787427
118385023
401665250
308387263
459947880
109416139
24513768
410034642
430312696
4030840
517501466
370247548
428018739
227409983
77709940
516003170
291028015
446349002
10164152
343437737
63842662
151348573
315004051
108438007
525547987
154736301
498587877
233115205
2511998
482379126
224673816
303526805
512759448
160673121
309054956
269784011
344554385
425041055
35237984
268519767
422782013
425231027
528513161
500802289
260824427
406360139
132692628
130152970
452832500
359021897
203611348
410781698
158933311
384839863
63810276
486325209
239414665
267277533
353033816
409948210
212386382
476190669
192090616
199966593
317608600
98223716
107355633
243252298
106512164
51171313
194143705
102842731
145606773
40935224
402257450
365175012
496949350
59975293
303255177
352527034
92464765
307883612
429281178
263356465
300354627
416101985
127348856
272182026
481029953
46311946
66975261
294889389
425134147
228780583
469924601
159797431
148124545
323350859
424132333
174676617
311465881
528099953
82894140
435591295
373736790
259418141
501771472
97028685
502565729
301841150
412252684
209428731
283436757
501200308
156938841
163038296
242514332
179257414
351825658
532879304
299548342
513954905
379608320
84867554
335645503
234629337
441385549
103294612
232782300
194876819
225437473
501842752
268533967
253420041
298821565
36181296
184339952
196835536
125252088
111583922
54795365
406930641
62103592
29085849
306842610
174422626
525197923
300505165
129883248
267409641
316769707
442124167
19277872
230643096
178138103
409598871
350201414
375284790
343349683
294964878
320788938
529904920
54642079
503774133
218664585
98756802
377349562
375428155
273527286
355894166
121789255
126676505
421174048
60756655
324517054
236911268
414954416
298867252
204309102
325771074
483501659
19165889
415806664
427832771
413890348
535509786
72697080
12708806
146905716
134786717
414211110
316166352
303314165
67397862
223059181
74306469
162289190
296658645
431884389
313989579
400055620
212007943
420008665
310478835
267089505
467235622
127638473
151738909
360057123
75049203
482435936
503269023
183823032
427961291
124234274
108406686
468483408
458375530
290540152
352224169
74258305
221463562
111811944
343998154
312399426
340721938
281091485
363320378
23340480
50811565
449229266
389208001
325016455
309577137
229643091
334365106
120024921
246167776
366366103
139977300
113791646
447222411
390021155
291886689
323711238
116908005
261086631
480389807
34478968
412263741
458885080
534327519
31543693
100861770
103772347
87343446
9407555
212053367
211304718
154225893
528751321
417559235
387807798
164979490
117925344
439728518
9002388
300955132
418225433
231580193
490941497
313713296
425962187
157548136
364042352
63092851
179396422
501153563
271847751
500248192
167325013
396864782
217129146
18693174
343235568
59147158
25071690
100357337
3692667
139487516
161355366
351793963
108494377
301858579
19165959
86480967
157571269
33299632
264398357
212509962
261209037
443121242
92942537
65946098
496514400
17114756
342469728
374839074
22750144
215284551
484513624
149820726
276596200
28783069
296479459
225635504
328683638
14075453
266840909
50626806
64794120
36677726
16089410
71174015
273325160
455682385
335069286
436708288
421800986
20622791
378793915
429090777
425982821
194136670
226907989
396905641
394089528
514068026
500438202
368696420
329287987
16246203
249126368
21411684
124454343
428037605
520840458
439964080
474434346
436846028
495505264
284164435
218400417
258696107
121787866
502729733
70107447
133205762
459734907
11624095
8818576
486136165
403747028
530745824
451985044
164613302
121141154
74873296
502297975
394293004
249136687
265121494
486408710
298308443
147528484
36823382
379612200
13179802
34420734
483999127
259782835
499493928
396840154
102755939
7181287
421653019
262535505
123088550
223272552
491823973
317263514
211778116
384202104
398553390
71850579
430190244
376816490
73212755
383102468
20000385
331265915
153768057
210037618
185563772
204304557
138094324
283879204
96307347
522314245
485328708
83921221
196108587
277514179
70804066
451255404
467120245
229734695
465169544
409430730
385757864
399988493
475058052
364243435
453393697
24774383
410796548
177974783
479715772
360093081
79917010
440180530
134329329
350325768
282002581
496882235
136722744
116346015
401119092
111532774
415843385
331952462
510605210
504937595
246917228
285636240
533940368
444148463
350047519
523324312
529667723
164467218
173249184
7361656
400318644
522974563
3751179
428769488
31265218
339724640
451935437
503215185
501099027
359579061
9891933
421092727
325483385
457281150
332120220
101152120
181850505
240963132
129141643
371804915
179289348
415519872
262421189
20453404
122642365
110797512
116761516
531705960
128108749
481394502
309553871
315592338
256392094
78322735
251751042
459599092
162460757
519325553
219064998
73171592
415288330
224869403
513957028
170444448
47431147
212441804
314112249
70354844
178517217
398205471
231655547
320002757
291496780
110944025
147220765
479324189
450495742
255298096
88201574
148324708
462613069
506976708
114954177
528415404
218808534
7670791
397914075
394051594
384425461
176086331
305952396
197875385
319333108
119119942
308093446
458422445
336813623
178722783
157688944
396271764
536190706
310740288
69393331
144815246
386088435
288420002
304151604
466890519
356822315
181089313
354165090
261302584
294344457
105130254
312261507
503896379
67679338
1874307
182214928
228146738
16861027
119091433
283091116
209614074
433370276
183321260
14916740
435348518
300233798
315081509
426231159
1692402
96567269
529043139
492399211
160356962
15239451
60435448
413253881
45764294
343804370
236527740
437756081
162164889
143127942
68122286
172193127
312539584
408808786
190808976
326901635
170210536
330624924
287708120
71604922
320017469
526115839
312326385
271926692
298912033
176361833
169520516
206090053
119456147
185623646
119561912
286588447
285099633
346922426
67373901
318607617
394398486
400008727
150750077
198569926
116170330
371792413
315321543
349012082
362290974
305762799
525459742
132128269
260996518
522426496
157795704
213966251
76902841
397471266
168196148
31266867
54876313
482002373
219693215
288551596
292880217
92963074
331034333
126073824
255956376
80570212
161358692
191134837
471256322
108869853
343500931
451304232
97428512
102616493
408903331
286828408
274873518
280895373
82665353
530348088
374141356
21992099
392967788
63371698
68652837
232967349
505056623
446380956
530708550
386024687
145773939
243752066
291539108
511856356
93110602
506704026
536620538
436062861
459070541
279760770
502608369
383650763
517741229
345611800
512464746
237951765
528883199
215390165
366317712
295255745
316992397
151573590
111186862
134954536
189264408
105045425
95927432
212808587
149124176
326618030
309483546
121898996
347603829
513802318
108315750
456187453
475738201
468205865
73137884
484957422
325151905
404727454
87579679
366406872
431957663
373620397
329908706
518434618
49476124
76991622
319730130
338567774
104320432
380978610
8790431
137767038
86866885
317693455
439083681
3069850
66837561
44150226
119992055
46494138
358971846
239340229
217163348
442927763
345517546
222406067
322308940
441820079
32607031
212237474
213709745
95574608
156429065
505795379
282172074
63141115
353688875
1402745
376519347
63645180
455296262
218876208
209958331
115338234
455420657
90382118
323493862
525885591
411014251
527772985
203825490
425082713
331356805
131780285
136608275
418630004
44587361
59223353
130612816
316031122
275009062
163748005
26119161
276191537
146390733
199610675
117417916
80819268
368346448
518654239
465869630
271623525
161375380
451500243
517889713
284767440
524707886
349454555
365054244
14710397
203099743
300424446
46475023
101198745
513576778
16136358
534195623
430886946
52026703
306453165
2985446
309693167
98188664
121855800
180174323
48582517
140691897
502648590
268654429
166497072
58577633
247378243
495546093
36647864
212732683
461324182
293714409
218423791
5132720
434878423
47098163
5874607
316523072
334990039
484964918
173412539
296073811
469242934
69974637
476774926
367222008
410755966
60287043
333477551
145376191
310735420
498236286
514749292
429266693
283337534
527224122
238811653
370946599
160656948
33565819
530765706
261904164
281006382
242277816
461499299
478976340
200929517
366238207
186477298
33301249
279493019
278498309
433608806
534415517
31009744
526938171
3302562
257476673
246886123
109862942
124295042
290592241
324413728
15407292
344159592
464003919
65742014
505213563
454935505
340739542
146113533
444224776
209501248
420634594
280490561
164907282
436263578
326891240
409580791
2871347
111271278
50257967
278360299
407859399
404259873
389558677
507313542
139289950
460113504
469037452
174939223
394130058
154459671
422366409
407812582
434109255
518334399
290190960
430020941
178663700
255914479
178051033
33332824
100765473
417412026
383341249
34307827
97431615
533993510
535680690
398570151
72265518
134209096
475872551
71390009
76000038
265929632
262175330
132610072
399852793
38295876
113410779
59151352
49770264
171484694
120487148
362796262
169772693
144825587
159664892
327579541
96137534
110858327
270435217
108307908
444388221
45958397
24987679
455854332
282035900
148025146
144630431
159987391
50051884
422000271
106676673
429163385
207003113
420653176
201149698
11282584
471627511
320459134
345302589
330461227
166462738
419816927
306925927
345564854
503906628
399208619
415581161
46276397
53318345
302748241
346001005
421419224
486932854
249597433
41732292
398484380
204050538
39057981
460479375
120577715
403063565
224595487
31192919
290717581
48789414
212989388
90362392
415305390
373757421
30673751
73425371
67061842
213207327
356422191
185093331
481709070
433081021
434901100
983037
288107001
197037371
451570377
61736971
96204156
462589836
25177386
37463285
318574608
221142152
160375148
285844758
286251566
314187213
169324262
399528300
314351311
254183070
241007390
439158651
156791458
521952862
354088775
78747564
57738262
70926528
306734403
459446366
138311257
126404343
156601558
384600339
490980734
409503066
227516507
460638338
513347636
129100219
522798454
1401371
47020107
319206644
299243060
118886521
172406691
511540283
110552188
482183890
507787849
340635358
383574499
104274437
373837629
508583865
440664970
156841507
324925424
283037797
161210391
192303085
507208572
413245349
527724978
449607387
415967710
223408060
364232942
349134089
487017970
51603264
508021773
356776783
241971472
411284376
370167740
238917296
366107802
384313741
224009395
198095317
422312370
158584709
179781270
450434173
512780990
350286066
357078709
386166968
201579775
96299131
282862863
194257816
237432292
304175192
97830388
354953
56983334
265410261
198268417
16371231
286539275
28385316
241496151
382459753
503047176
262023981
359324133
480003472
430482299
238244721
389295982
315287293
323189005
152119254
481132658
211164882
58992611
276766797
505685313
292405022
130788772
365820028
375483036
288452968
73954991
137548988
400222825
518327299
261523050
146822386
197162448
241695322
68476995
398326372
325327685
136162379
21380088
173309358
292908989
443992345
267205187
304794575
170230582
60234170
49776614
167194009
5223458
18971103
20395627
196017076
266689496
535385299
399496256
148514231
524042293
506816625
460639245
74470410
512957233
148191418
395923024
182678189
288174141
283483181
459916803
33918462
355736253
367273499
261611814
313662927
129314733
226443991
492946695
22246890
8113442
367735764
175483076
415031657
375479444
500472913
269327553
85043757
93391408
486383254
412084843
111823885
428905407
359889118
106701558
105791199
208887532
504218099
386865352
30894295
518353199
373449178
46399487
262322955
128409976
296054849
125717319
371995497
398425535
396361914
358346124
525002751
408627400
120579721
378226539
340007944
25534896
111693773
239205329
511463995
35230310
414578721
216767909
204708592
277647608
153638531
282170318
348320151
193247390
210698255
170321175
307484642
360208953
170747700
465652697
13050897
257230772
386055595
349306774
34616203
340630058
283399588
274977450
333995427
335963239
451784833
44113226
318365389
423422934
424721653
82250416
92006390
213082845
184336158
484520863
52485758
64372049
346092681
272204255
49484083
346918462
22399245
224492096
260185735
126625473
527604497
11832978
138903748
392798569
233912555
507775278
358536440
250665041
325735004
95228461
23707443
54816902
148099472
146522673
178066546
406935225
298197204
510184365
218522012
520852453
384297303
212858876
249313579
11324365
238683210
163493364
157561453
448991470
114207279
536459774
120999516
427194619
410054576
515825691
96429169
103926170
192767432
12294022
265927335
79814680
367441505
197626302
204344094
160499771
85466284
368340143
399252897
532734254
74134457
150451020
447104495
103836195
382070325
56127934
507490365
117973158
446283746
304382395
101618934
329044710
15701794
285877859
164234736
52476887
173369231
331532461
30245677
156532852
213559556
289663913
36163026
373712066
289342508
287910202
51160250
33579638
382572478
522026307
194142415
77586304
112614407
465434238
490758555
436572884
419655938
322438027
314154581
214232867
418389367
198768480
458143175
269212970
67094348
102886615
171240447
280692919
308994737
405777215
444029776
147595718
299929599
310024829
485939927
317983551
69652093
109783917
391110879
344365626
33867232
342000684
346071542
453019672
412250731
497850099
29386082
196191151
338923959
336802647
289039745
158094283
532724101
479442293
481345685
296672643
55515468
31848278
189544884
441301622
383563558
124386548
238544350
280073114
26007877
444584969
380361379
498101264
237819900
32555318
300013132
52665492
25198313
216927922
161620987
385286894
35068520
207681618
40753611
78891327
283769296
191318001
432278482
54051594
228801861
233733150
252468170
135454638
451940971
492921570
164099429
190867239
497182162
371441161
479524493
72571820
459347269
68239815
101036776
172544045
363899624
399480393
14016824
339118137
283027235
78235027
121118063
292534199
220186586
99154058
437774647
39518183
303611933
392832496
55351683
164802673
143805017
357645778
337731927
286597643
261561927
443563216
333765229
167985108
298097729
303632682
505803415
428359330
402494280
521741093
213852354
423759388
63332243
204413983
132930119
186871549
67505752
456896017
510258152
389820300
13475699
100792866
168424226
129119554
49439902
327765770
295200628
370283827
368775064
84914815
352817650
329933890
272127736
188797300
420642912
200420200
413820669
96748276
331971322
165758436
170890636
69218822
67478399
465639756
72193273
438085988
364677841
298481938
8894826
282166655
417555940
67459496
517201517
196827700
184844041
42015711
191832508
272402052
494800297
217762653
215089834
231968623
320720948
61351363
381527504
84154264
178400946
263091489
245905800
471900489
377867107
373336142
119581424
456414378
312080978
468247260
376051146
338147740
347483791
386805952
221999087
480424484
333865303
382984139
43154914
187574467
347758373
336079058
392284835
334375485
531706469
312711270
516432639
167810896
56759551
327163921
208398347
9786881
231732525
508064870
189136734
224943375
450615571
227886586
59443889
384016290
102957916
142716710
314459552
108414680
138296903
430620158
137316574
440153795
43491322
132553702
508636562
435056859
89921301
298700980
215402971
482235000
449132995
413669621
480488585
29079199
475059991
274701729
103255417
81190676
253530438
174110497
135583344
455469276
40301171
521290628
78776945
407272361
463458032
510851282
225576223
229092766
438468244
396708746
97380098
256252113
420793921
478116790
498638959
122986089
205022794
305605303
86665369
125243509
298107867
409401215
516442028
332131353
38875435
397438946
226833662
439688344
204107547
209651220
353974779
321837291
99493370
269383444
160242931
204246961
493952955
332174930
432006774
354969763
313208968
428754724
520462011
166766819
10829499
225744196
102566817
81009515
98166777
488920427
315136757
152339984
196901503
258942198
444438323
110060057
37417441
424199750
184347429
519910411
112845377
39134330
28353233
360283842
256000747
411292164
273358328
36627363
149924019
268604120
511557937
199275368
101243780
407493384
19223210
122040332
444107408
510901748
322231796
23012830
415223413
178353646
379785358
319884358
250231649
413652358
268402474
75498546
388273568
140267745
112736143
266625023
225150387
294440630
275231974
229818946
495559505
490226211
350008434
488281543
185688515
522510517
82070663
527270074
527963136
274011947
370082758
11871123
121413237
100586270
119574696
284959420
298561453
430788474
290779609
177008544
15375540
473774039
481671554
98015421
369730253
486753258
16025107
121877695
20678204
216093832
392883518
45528034
482587554
193863321
389177815
136437315
32021751
247139867
312696502
121343963
188941723
320856606
210307721
343261071
346838635
373991047
527831544
372141374
86353485
230575898
338869842
14474528
141980806
101165250
105493113
385565378
40397763
422874984
19380716
87143724
57064915
496507340
225043527
13502054
256905032
298519509
431872890
215433678
457502954
101059900
500165176
69216447
214749163
285990768
421447851
3575423
380640430
52721812
16261064
475747531
154738613
284111675
276071025
161851309
349737249
5985658
536173979
449564811
61178952
536229061
289630994
34684653
137257510
216992967
155417429
494294092
519203826
40446838
56545737
474882215
452520611
108937946
486157862
293054788
227808169
458085323
378824713
33311597
158571766
342838053
484726596
496762973
116596174
315547548
261472094
465315571
366438602
319813630
430170654
176781847
206591683
192820513
70301007
179088106
535520116
405349862
268266415
48853124
210748494
336023362
531707907
392162760
208238898
39409221
272904808
99653318
360639741
4936853
453875511
380826853
214294881
192640887
220362687
448587924
50744793
368356366
150056773
326657709
322123673
244496777
530933503
157996709
459044557
221071435
138569860
464822470
152433332
386560386
188272359
337239102
759906
273577725
428463222
495517413
102894742
80091796
208702379
336909265
344121954
437437662
307430339
231512283
267197696
194314967
374783726
94027596
446196475
454599105
75967525
225778284
190567927
30634519
73368557
99958748
411277868
275538041
176936484
345438672
498148474
424813453
330884836
432365305
9871308
391201171
115423052
378101770
435252353
31122832
391939680
403900651
294791188
382472377
398963695
487604549
380350838
434880769
488350947
229793777
451255372
292223231
101416236
506589351
7796820
39277028
370801439
251681956
137874435
13914791
80242524
29109992
443306816
204853087
219594174
337062326
322147192
330550352
418543965
304125504
293355777
527732378
415557762
395115358
354018841
451407927
431685105
232662257
484753622
47924757
335726078
470823621
481437127
536673387
252318644
232619785
45470129
406083285
135120266
206694264
243374912
317093199
528772127
444828946
132139003
202328515
377834737
327119107
235595552
242901734
433418808
46231672
231820367
200000091
351044276
2378207
255971576
208023455
473029013
140261316
252916050
172262383
42834858
255820438
413027971
49155535
352657001
477551470
170540066
429421927
379168978
311858020
420743071
343392584
392953515
126614404
525228407
93355581
332977329
145378992
323831549
366327773
397462025
158708556
190848357
261430078
311384955
3631876
463684
440148139
63998919
79033979
204825005
154605510
531939421
223000159
273845507
132582682
350430100
185260749
363940673
156835116
233454664
262152012
230896434
298626064
347684900
321626395
64953012
342716156
9843676
360285301
533299690
408123539
295174556
292102216
89365523
162362607
246757548
215695045
390425590
221027713
239614710
152342266
340184855
214407411
47543813
151573785
124279153
219024969
135665674
390594548
360903893
200256142
102158431
266485830
533932620
391069190
14941135
471687293
93372271
496956528
341973284
246171873
422641265
482068950
364105135
149378337
145113451
67193157
222627032
401971265
44937806
75552897
251170753
6586118
107120267
529139143
167771602
23160420
511346229
274289733
495503630
292376405
525924969
521789785
108306278
87216703
250882469
99130360
160517668
227527796
137793015
171534575
26460580
307949451
293502854
511423266
102394000
240074427
356352426
228369084
71947926
500411049
43934384
436607178
282947292
124025376
10903501
386163934
363926144
413486117
151891348
88031162
189355742
59286933
306700343
392996500
256005363
302464268
395183385
346836072
437688539
488818752
237153861
384741245
428334150
448688875
450311688
339365852
88668649
444021174
28524609
25972154
207245533
111181807
355678736
380267342
94118348
142730444
56033275
250617662
322603137
98122005
44352878
217937443
501810868
461467002
225661413
506320443
419861233
308401898
137823886
529401287
183400229
258598241
427086240
358200508
119589148
304178777
448847510
481106250
408388531
125396592
432373740
277350429
377642767
60045510
131922803
6790540
96608583
420269303
488783546
129053885
184489937
513962503
509354592
85353188
523449437
493644008
356552313
328036631
529214624
472548881
362847218
226043154
39548993
189954450
270824199
325159756
307473459
252379261
229321369
194281947
376443797
378813874
466362667
335872494
105423919
223361661
144566437
340402872
291496609
37836148
399441389
395472330
242135830
85906921
500498043
434849368
502612168
417985909
71993121
230975569
484522008
36169860
37899426
522375905
114531284
483277413
430433910
296502282
12430554
59837398
288665522
277691814
277961855
75425006
297814583
180420504
466434370
418981563
501537161
54435325
473233767
48248601
105752594
335346095
271585874
195779908
527436238
171238936
493074385
512413027
258832966
514431235
349058936
343887153
437276959
444770350
437598111
316225382
173810795
62719443
503514965
400090589
430171651
175669724
362011337
443528132
24484695
166616627
250811869
490146960
182210196
47701357
344084417
265684805
164855230
48447235
11158522
253710615
499460547
99488455
213194555
378380394
343730048
199299425
181809479
465015750
252895859
485056734
490867944
341840925
451883328
484556355
143079604
480512310
162572068
134959874
26958039
9877391
467079189
525820592
482916724
479633902
27224470
377954976
219618176
304299734
79010293
263384130
519753713
95682433
237844013
402706328
366809683
114806802
207466309
341144424
332698156
45175136
81979948
245158556
483308288
69999013
136062544
385550324
370457586
126688672
223532371
187505900
145913961
145368964
277339217
153032510
26623714
252883443
183385363
172966104
259295380
447055484
95766329
227204751
273463207
313015217
301884508
296925005
100451910
512627260
44979497
513919322
201449021
435910184
394390453
254901531
187722632
139652636
302911858
472930248
425183543
360276883
259093129
44344577
438749670
355855097
121046033
319494688
403803633
47618945
325786338
389383711
6953384
152720602
280878949
284978241
475827830
129284347
73431519
364747546
177671270
301432540
262225605
490771090
411897405
345329560
256633383
509815756
249508893
157268109
294420245
191496664
211045611
327109483
517483779
480809895
312789339
384377557
33127529
408466515
445950923
506113579
162399721
372679188
215864628
377889234
478776867
312974652
512687723
155210712
391127805
125637121
530728984
317281588
391491174
308684436
143426876
498789884
369272511
204000138
514210969
534433468
492629441
275434295
472044488
457073683
138144548
113901709
379170494
65894116
532415332
140224558
453411497
161563801
324038207
183784599
192183341
440184523
519570003
447567849
119089494
21762487
145344700
161279834
522027050
500989213
532545298
63055034
122571395
410300087
430000978
289526571
187794124
450032941
139871476
121011487
127810840
270236337
483271298
52453887
133257930
105758896
390834480
94554120
295253512
3518965
108796174
153225500
525471360
77936430
512864534
445277037
