       1       0     577    6.5635   10  102    9  111
    21    1.072    0.574     -0.579  0.000     2.67     5.61    -0.00     0.00
    21   -2.459    4.513    -14.293  0.000     1.30     1.22    -2.99     3.19
    21   -5.338   -0.768      3.075  0.000    -1.69     0.74     0.52     1.12
    21   -1.053   -0.807      0.492  0.000     1.91    -0.53     0.01     0.02
    21    0.659    1.213     -1.411  0.000     1.94    -0.51    -0.02     0.02
    21    1.430    1.375     -0.447  0.000     0.73     1.61    -0.07     1.71
    21    1.056    2.803      5.891  0.000     0.87     2.04     0.56     0.63
    21   -0.736    1.852     -0.333  0.000     0.30     2.95    -0.37     1.19
    21    0.449    0.822      2.093  0.000    -3.50     1.10     0.03     0.03
    21    0.057   -0.266     -0.013  0.000     0.29     1.47     1.25     1.66
    21    0.471   -1.492     -0.262  0.000    -2.04    -2.96    -0.55     2.74
    21    0.657    2.333      1.075  0.000    -2.89     3.05     1.04     2.31
    21    2.260    0.611     -0.764  0.000     3.02    -0.52    -0.25     0.64
    21    2.512   -0.474     -0.749  0.000    -1.93     1.18    -0.48     1.64
    21    0.964   -1.956      1.750  0.000    -1.64     5.62     0.02     0.04
    21    0.310   -2.448      7.153  0.000     3.44     1.55     7.06     7.48
    21   -1.368   -0.061     -0.346  0.000    -3.02    -1.69    -1.28     5.26
    21   -2.406    0.572      3.012  0.000    -3.32     5.21     2.07     2.69
    21   -1.983   -0.246     -1.144  0.000    -2.36     4.86    -0.02     0.04
    21    2.822    1.333      5.782  0.000     1.23    -1.03     0.04     0.05
    21    5.038   -2.701     -6.472  0.000    -2.68     3.65    -0.03     0.05
    21    1.347   -1.571     -1.613  0.000     0.64     2.22    -1.18     2.30
    21   -1.868   -0.663     -6.926  0.000    -1.69     0.33    -1.94     2.04
    21    0.352    1.973     -0.096  0.000     4.08     0.42    -0.00     0.05
    21    2.478    0.249     -1.008  0.000     2.61    -0.32    -0.15     0.73
    21   -3.945   -1.561    -15.405  0.000    -1.64    -0.27    -0.05     0.05
    21    1.713    4.495     -0.798  0.000    -0.75     3.41    -0.04     0.27
    21    0.428    0.410      1.568  0.000     1.12     2.75     1.07     1.50
    21   -0.555    4.684      1.520  0.000    -2.33    -0.73     0.16     0.60
    21    1.625    0.346      1.738  0.000    -1.62     3.70     0.04     0.06
    21    1.031   -0.047      0.462  0.000    -0.07     1.26     0.69     1.18
    21    2.447    0.925      3.753  0.000     1.96    -0.51     0.05     0.06
    21   -1.196   -2.170      2.383  0.000     0.46     3.34     0.89     1.52
    21   -1.754    0.599     -0.524  0.000     0.65     3.94    -0.20     0.78
    21    0.566   -0.228      0.313  0.000     2.71    -3.59     1.15     1.73
    21   -1.656    0.814     -0.442  0.000     2.03    -0.49    -0.59     1.45
    21   -0.402    3.546      9.269  0.000    -1.24    -0.23     0.06     0.06
    21   -1.932   -0.064      3.337  0.000     2.76     3.92     0.06     0.06
    21   -0.806   -0.261      0.007  0.000     0.66     0.45    -0.17     0.38
    21    1.081   -0.678      0.768  0.000    -1.85     5.73     0.12     0.30
    21    1.970    2.982      0.618  0.000    -1.27     0.09    -0.00     0.50
    21    0.091   -1.766      0.385  0.000     0.04    -1.94    -0.09     2.36
    21   -1.535    0.709     -1.246  0.000    -2.76     3.69    -0.04     0.07
    21    0.191   -1.945      0.398  0.000    -2.32     4.79     0.01     0.07
    21    0.600    0.268      0.235  0.000     0.17     3.28     0.08     1.16
    21    2.394   -1.711     -0.487  0.000    -0.57    -1.03     0.31     2.26
    21    1.389    1.506      0.504  0.000    -1.39     5.60     0.02     0.08
    21    0.373   -0.713      1.654  0.000     1.52    -2.78     0.31     0.39
    21    2.928    1.625     -0.547  0.000     0.15    -6.37    -0.01     0.08
    21    1.431   -1.709      4.606  0.000     0.54     0.35     7.09     7.97
    21    0.909   -0.580      2.120  0.000     1.24    -1.06     0.07     0.08
    21   -1.861   -0.583      2.305  0.000    -0.75     3.43     2.53     3.16
    21   -0.026    3.023      6.042  0.000     0.65     2.24     0.21     0.25
    21    2.717   -0.456      9.958  0.000     0.78     1.88     0.23     0.24
    21   -1.309    0.021     -1.944  0.000     0.65     0.45    -0.19     0.38
    21    1.968   -1.403     -1.512  0.000     1.99    -0.57    -0.05     0.09
    21    0.129    0.773      0.695  0.000    -0.44     4.84     0.96     1.56
    21   -0.341   -1.338     -0.349  0.000     0.39     0.92     0.11     1.04
    21   -0.981    0.789     -0.246  0.000     2.70    -3.13    -0.02     0.10
    21    0.529   -2.245     -3.617  0.000    -1.22    -0.30    -0.08     0.10
    21   -0.797    0.681     -0.575  0.000    -2.10     0.95    -0.53     1.64
    21    0.553    1.010     -6.421  0.000    -1.90     2.07    -0.10     0.11
    21   -0.882    0.544     -2.558  0.000     0.41     0.70    -3.18     3.28
    21    0.311    1.621     -1.649  0.000     0.73     2.07    -0.14     0.22
    21    0.483   -0.013     -0.918  0.000     0.30     2.97    -0.60     1.24
    21   -0.725   -1.134      0.610  0.000     1.15     0.03     0.30     0.53
    21    1.872    0.384      0.409  0.000    -1.34     5.57     0.02     0.11
    21    2.125    0.785    -14.398  0.000    -1.36     6.38    -4.92     5.00
    21    0.807    0.327      0.746  0.000     1.11     2.66     1.15     1.50
    21    0.091   -1.997      4.286  0.000     0.74     1.98     0.85     0.92
    21    1.551    3.384      2.116  0.000     2.22    -1.62     1.08     1.94
    21   -2.154   -0.536     -0.222  0.000    -0.44     2.76    -0.99     2.08
    21    0.018   -2.412     -4.208  0.000     0.57     0.11    -0.10     0.11
    21   -1.228   -0.456     -1.105  0.000    -2.23     1.20    -0.08     0.12
    21   -1.288    1.793     -0.466  0.000    -5.51     4.26    -0.04     3.75
    21    0.883    0.243      0.750  0.000     0.27     0.99     0.33     1.04
    21    0.504   -0.135      0.423  0.000    -0.16    -1.28     0.08     0.12
    21   -1.497    1.020      1.962  0.000     0.25     2.11     0.09     0.12
    21   -1.989    0.473     -2.062  0.000     1.34     0.78    -1.81     2.39
    21   -0.946   -0.442      0.141  0.000     3.81    -3.69     0.02     0.12
    21   -0.772   -1.782     -0.492  0.000    -3.07    -1.74    -1.28     5.26
    21   -0.815   -1.590     -2.110  0.000    -3.04    -1.14    -0.85     1.21
    21   -2.093   -0.976      0.537  0.000    -5.49     4.26     0.14     3.75
    21    0.552    0.746      1.372  0.000    -1.43     0.67     0.65     1.18
    21   -0.555   -0.237      0.069  0.000    -1.25    -1.00    -0.71     1.73
    21   -0.555    0.775      0.505  0.000    -1.69    -0.17     0.06     0.13
    21    0.030    1.232      3.352  0.000     1.34     3.11     0.12     0.13
    21    0.176   -1.019      1.892  0.000    -1.40    -2.79     0.11     0.13
    21   -0.025   -1.262     -1.346  0.000     0.87     1.12    -1.26     1.69
    21    0.264    1.776      3.404  0.000    -1.37     0.16     0.68     0.84
    21   -0.389   -0.576     -0.325  0.000    -0.94     1.46    -1.03     1.80
    21   -0.419   -0.251     -0.270  0.000     0.31    -1.84    -5.71     6.18
    21   -0.704   -0.451     -1.572  0.000    -2.39    -1.35    -0.12     0.14
    21    2.636   -0.188      7.396  0.000    -2.33    -0.62     0.13     0.14
    21    1.063    0.188     -0.069  0.000     2.07    -0.50    -0.01     0.14
    21   -0.281   -0.697     -1.055  0.000     4.05     0.29    -0.12     0.14
    21   -0.577    3.678     -1.057  0.000    -0.24     2.12    -0.30     1.26
    21   -0.761   -1.498      0.823  0.000     1.17    -0.45     1.18     1.97
    21    0.149   -1.521      1.120  0.000    -1.15    -0.41     1.08     1.56
    21   -0.086    0.208      1.245  0.000     1.18     0.12     0.58     0.75
    21   -0.718    0.404      1.479  0.000    -0.15     1.94     2.45     3.17
    21   -1.016   -0.321     -2.987  0.000    -0.82    -1.88    -0.14     0.15
    21   -1.570    0.022      0.366  0.000    -2.85     3.67     0.03     0.15
    21    0.607    0.590     -4.486  0.000     1.32     1.82    -2.46     2.53
    21   -1.254    1.525      1.517  0.000    -0.49    -0.82     0.48     2.26
    21   -0.495    2.516      6.012  0.000    -1.67     5.71     0.14     0.15
    21   -1.448    0.733      2.977  0.000     4.09    -3.61     0.14     0.15
    21   -2.175   -2.231     -8.989  0.000     0.09     2.31    -0.36     0.39
    21    1.293    1.709      1.218  0.000    -2.17     3.20     0.60     0.94
    21    1.208    2.341     -1.529  0.000     0.40     2.16    -1.33     2.30
    21   -0.282   -0.087      0.829  0.000    -2.01     3.28     0.52     0.94
    21   -0.429   -0.214     -0.325  0.000    -2.80    -0.41    -0.09     0.16
    21    0.058    0.149      0.172  0.000    12.64     8.10     9.91    17.92
    21   -0.653   -0.361     -1.433  0.000    -0.32     0.18    -0.15     0.16
    21    0.722   -1.402      1.272  0.000    -2.21    -0.83     1.87     2.99
    21   -0.127   -0.288      0.371  0.000    -3.55     0.99     0.13     0.17
    21   -0.769    1.457      6.466  0.000     0.77     2.36     0.17     0.17
    21   -3.002    0.037      2.483  0.000    -3.80     2.55     0.94     1.74
    21   -2.579    0.573      6.126  0.000    -0.31    -0.21     0.16     0.17
    21    0.663    0.557     -0.159  0.000    -1.53     5.76    -0.03     0.18
    21   -0.080    0.131      0.219  0.000    -0.00    -0.73     0.37     1.66
    21   -1.905    1.589     -6.047  0.000    -2.78     3.25    -0.16     0.18
    21    0.409    0.055     -0.089  0.000     0.08     0.93    -0.04     0.18
    21   -0.895    2.033      3.609  0.000     0.90    -0.18     0.15     0.18
    21    1.253   -1.531     -0.673  0.000     0.83     1.66    -0.06     0.18
    21    0.217    1.789      0.515  0.000    -0.14     1.73     0.06     1.04
    21    0.693    1.146     -0.528  0.000     2.86    -3.04    -0.07     0.18
    21    1.184   -1.145     -4.900  0.000     1.29     3.44    -0.18     0.19
    21    1.865   -1.423      2.888  0.000    -0.26     1.82     2.44     3.17
    21    1.232    0.036      2.849  0.000     0.63     2.08     0.82     0.88
    21   -2.454    0.439      4.285  0.000    -0.47     1.02     0.61     0.72
    21   -0.622   -0.126      0.497  0.000    -2.18    -0.72     1.90     2.99
    21   -0.638    0.640      0.240  0.000    -2.28     1.36     0.05     0.20
    21   -0.226   -0.497     -5.219  0.000    -2.09     4.56    -3.11     3.42
    21    1.269    0.399     -1.419  0.000     2.27    -1.42    -1.05     1.48
    21   -0.282   -0.216      1.519  0.000    -0.36     1.68     1.05     1.22
    21   -0.299    0.023     -0.828  0.000     0.24     1.64    -1.55     2.01
    21   -0.145   -1.122      4.426  0.000    -0.35    -0.11     1.92     1.95
    21    1.949    0.227     -5.128  0.000    -1.12    -0.89    -2.81     3.08
    21   -0.073   -0.898      2.387  0.000    -0.13     0.17     1.13     1.17
    21    1.606   -0.322     -0.072  0.000     0.93     2.12    -0.09     0.27
    21   -2.138   -0.215     -6.506  0.000     1.27     3.06    -0.20     0.21
    21    0.481    0.403      0.658  0.000     2.48    -1.63     0.94     1.55
    21    0.888    0.412     -4.575  0.000     1.97    -0.50    -0.21     0.21
    21    1.153   -2.005      5.915  0.000     0.79    -1.52     2.47     2.69
    21   -0.799   -0.284     -0.769  0.000    -3.00    -1.13    -0.89     1.21
    21   -0.620   -1.377      1.316  0.000    -3.15     2.42     0.83     1.56
    21    0.711    2.466     -0.617  0.000     2.72     5.81    -0.05     0.22
    21    0.935   -0.900     -2.354  0.000    -1.65     0.81    -0.98     1.18
    21    1.443    1.165     -1.140  0.000    -0.02     0.67    -0.36     0.49
    21    1.262    0.818      0.249  0.000     1.52     3.19     0.04     0.22
    21    0.917   -1.638     -0.611  0.000     0.04    -1.90     0.14     2.36
    21   -1.368    0.219      3.130  0.000    -1.75     5.66     0.21     0.22
    21    1.185   -1.946      2.164  0.000    -0.75    -0.01     0.55     0.90
    21   -0.167    0.202      0.946  0.000    -0.55     3.37     2.63     3.16
    21    1.288    0.007      5.541  0.000     1.58    -0.96    14.33    14.67
    21    1.761   -0.145      3.878  0.000    -0.42    -0.95     1.93     2.21
    21    0.140    0.465      0.191  0.000    -1.60     5.86     0.08     0.23
    21    1.339    1.855      0.752  0.000     0.77     1.55    -0.13     1.71
    21   -0.611    1.702     -0.369  0.000     0.71     2.54    -0.05     0.24
    21    3.517   -1.459      7.340  0.000     2.69    -1.81     0.21     0.24
    21   -0.751   -1.739    -14.542  0.000    -0.79    -1.89    -0.24     0.24
    21    0.024   -1.008     -1.860  0.000    -1.41    -2.85    -0.21     0.24
    21    0.542   -1.659     -8.183  0.000     1.95    -0.57    -0.24     0.25
    21    1.089   -1.785     -3.493  0.000    -1.56    -0.37    -0.21     0.25
    21   -0.294    1.845     -2.043  0.000     1.22     3.65    -0.18     0.25
    21    0.438   -0.440     -0.505  0.000     2.47    -1.49    -0.99     1.48
    21   -3.698    2.011     -2.750  0.000    -1.12     4.36    -0.14     0.25
    21   -0.306   -0.513      0.077  0.000     0.66     2.11     0.03     0.25
    21   -2.744   -2.357     21.507  0.000    -2.18    -1.56     0.25     0.25
    21   -1.244    3.318     -4.461  0.000     0.58     2.78    -0.77     1.06
    21   -0.258    0.860     -0.643  0.000    -2.21    -1.33    -0.15     0.26
    21    1.891   -1.209      8.503  0.000    -0.19    -0.26     0.25     0.26
    21    0.172    0.419     -0.452  0.000    -2.26     5.03    -0.18     0.26
    21    2.031    1.518     11.502  0.000     1.38     3.10     0.25     0.26
    21   -0.422   -0.031      0.471  0.000    -1.77     0.83     0.59     1.23
    21   -0.519    0.162      0.391  0.000    -0.23     2.27    -0.22     1.04
    21   -0.831   -1.221      1.857  0.000     0.63     1.77     0.20     0.26
    21   -0.370   -1.078     -3.727  0.000    -1.78     3.11    -0.25     0.26
    21    0.479    0.436      0.369  0.000    -0.57     3.37    -0.02     0.34
    21    2.179   -1.454     -1.153  0.000     0.22     3.20     0.13     1.05
    21    0.481   -1.448     -1.596  0.000     0.27     1.35    -0.88     1.23
    21   -1.649   -1.587    -11.852  0.000    -0.18     0.36    -8.61     8.76
    21   -0.945    0.573     -1.966  0.000    -2.38    -1.78    -2.36     2.72
    21    0.117   -0.250      0.311  0.000     0.39    -3.66     4.52     5.71
    21   -0.537    0.221      0.273  0.000    -2.37     1.32     0.12     0.28
    21   -0.946    1.189      4.708  0.000    -1.71     5.71     0.26     0.28
    21    0.612    0.689      1.500  0.000    -0.58     3.49     7.63     7.99
    21    0.331   -0.977     -2.303  0.000     0.12    -6.52    -0.26     0.28
    21    0.748    1.381     -9.604  0.000    -0.04     0.31    -8.61     8.76
    21    0.432   -0.586     -0.456  0.000     0.08     1.57    -0.09     1.04
    21    1.675   -1.930    -10.783  0.000     0.28     0.54    -1.88     1.96
    21    0.483   -0.927     -0.236  0.000     1.41    -0.61    -0.15     0.60
    21   -0.168   -0.389     -0.554  0.000    -1.51     5.38    -0.23     0.29
    21   -0.125    2.030      0.611  0.000    -0.86     3.44     0.08     0.29
    21    1.318   -2.870    -25.563  0.000    -2.13     1.19    -0.30     0.30
    21   -0.393    0.611     -0.024  0.000     0.35     3.36     0.77     1.52
    21   -0.696    0.044     -4.283  0.000     1.83    -0.07    -0.31     0.31
    21    0.035   -2.157      1.411  0.000    -0.70     0.60     0.17     0.31
    21   -0.717    1.185      0.222  0.000    -3.93     2.62     0.73     1.74
    21   -1.104    1.736      3.062  0.000    -0.81     2.72     0.26     0.32
    21   -0.807   -0.216      2.240  0.000     1.42    -3.11     0.30     0.32
    21   -0.586   -0.445     -1.338  0.000    -0.84     2.48    -0.29     0.33
    21    0.018    0.945      0.756  0.000     1.01     0.56     0.70     1.10
    21   -1.189   -0.114      4.614  0.000    -1.74     5.64     0.32     0.33
    21    1.102    0.373      1.818  0.000     1.51     3.13     0.28     0.33
    21   -0.533    0.953     -1.200  0.000    -0.41     2.73    -0.85     2.08
    21   -0.505    0.207     -0.979  0.000     3.93     0.43    -0.29     0.33
    21   -0.948   -0.162     -5.525  0.000     2.66     0.05    -0.33     0.34
    21   -0.337   -0.438      0.433  0.000     0.08     1.10     0.64     1.18
    21    0.362   -0.292     -0.737  0.000    -2.18    -1.64    -2.34     2.72
    21    0.225    0.772     -2.785  0.000    -2.27     2.13   -13.06    13.31
    21   -0.196    0.424     -1.151  0.000     0.17     1.75    -1.72     1.84
    21    1.086    0.380      0.048  0.000     2.26    -0.41     0.01     0.35
    21    0.117   -0.111     -0.017  0.000     0.52     3.95    -0.21     0.78
    21    0.825   -0.467      0.091  0.000    -0.21    -0.74     0.29     2.05
    21   -0.687   -0.449     -0.509  0.000     0.32     0.01    -0.18     0.35
    21    1.543    2.066     -1.602  0.000    -1.31    -0.91    -0.77     2.01
    21   -0.406    0.218      1.747  0.000    -1.49    -2.69     0.34     0.36
    21   -0.644   -0.470      1.092  0.000     1.09    -6.85     0.29     0.36
    21    0.397    0.098     -0.010  0.000    -0.24    -0.38     0.05     1.39
    21   -2.098   -0.071     -2.513  0.000    -0.48    -1.26    -0.28     0.36
    21    0.488    0.983      2.365  0.000     1.43    -2.47     0.33     0.36
    21   -0.675    1.257     -3.554  0.000     0.13     2.52    -0.34     0.37
    21   -1.037   -1.146      5.483  0.000    -1.69     5.31     1.36     1.41
    21   -0.546   -1.325     -4.798  0.000    -0.12     0.73    -0.45     0.49
    21    0.121    0.229     -0.305  0.000     0.37     1.56    -0.64     1.28
    21   -0.218    1.023     -2.086  0.000     0.04     2.33    -0.35     0.39
    21   -0.702    2.422      1.415  0.000     0.16     3.30     0.07     1.16
    21   -0.608    0.473     -2.343  0.000    -2.24     1.30    -0.36     0.38
    21    0.504   -1.370     -0.535  0.000     0.51     1.03    -0.55     2.60
    21   -0.735   -0.487      0.454  0.000    -7.75     0.18     7.16    11.38
    21    0.023   -0.165     -0.049  0.000    -2.97    -1.12    -0.84     1.15
    21    0.016   -0.221     -0.323  0.000     1.08     2.44     0.22     0.77
    21    0.256    1.531     -1.122  0.000     1.62     2.35    -3.47     4.50
    21    2.186   -1.415      8.943  0.000     0.43    -1.66     2.73     2.85
    21    1.687    1.078     -5.224  0.000    -1.25    -0.88    -2.87     3.08
    21    2.309   -1.426    -11.430  0.000     1.10     1.94    -2.48     2.53
    21    0.078    0.219     -0.069  0.000     0.68     2.20    -0.69     0.99
    21   -0.431   -0.632      1.102  0.000     0.20     1.87     1.03     1.09
    21   -0.765   -0.607     -0.102  0.000    -0.34    -0.76    -0.55     1.48
    21    0.524    0.537      1.240  0.000     0.76     0.36     7.02     7.97
    21    0.186   -0.404      0.167  0.000     0.95     1.97     0.14     0.41
    21    2.866   -1.503     15.836  0.000     1.25     2.02     2.93     2.99
    21    1.161   -1.031      1.487  0.000    -0.64     4.80     1.12     1.56
    21    0.418   -0.132      0.072  0.000     2.98    -1.89     0.07     0.42
    21   -0.822    0.858     -1.003  0.000    -1.00     1.47    -1.07     1.80
    21    1.094    1.152      3.081  0.000     1.11     4.34     0.38     0.42
    21   -0.700    0.296      1.293  0.000    -3.14    -1.30     0.37     0.43
    21   -0.962   -0.262      0.287  0.000    -0.42    -1.50     0.15     1.75
    21   -0.250   -0.144      0.080  0.000     0.29     1.86     1.02     1.18
    21    0.017   -0.511      0.618  0.000     2.59    -2.04     0.34     0.44
    21   -0.370   -0.640     -1.858  0.000    -0.06     2.04    -0.41     0.44
    21    1.567    0.527      8.707  0.000     0.51     2.10     0.90     0.92
    21    0.123   -0.060      1.524  0.000     0.87     4.92     3.08     4.03
    21    1.601    0.563      0.953  0.000    12.54     8.02     9.99    17.92
    21   -0.924    1.263     -7.544  0.000    -2.43    -0.55    -0.44     0.45
    21   -0.809   -0.091      1.208  0.000     0.43    -3.61     4.50     5.71
    21    0.277   -1.030     -3.251  0.000     1.37     2.93    -0.43     0.45
    21    0.796    1.342    -11.536  0.000     4.11     0.42    -0.45     0.45
    21    0.236    0.069     -0.376  0.000    -0.38    -0.97    -0.36     1.48
    21   -0.690   -0.792     -1.735  0.000     2.51     5.43    -0.39     0.46
    21   -0.130    0.171     -1.348  0.000    -0.06     1.88    -3.16     3.98
    21   -0.427    0.326      0.141  0.000    -1.29     4.53     0.12     0.46
    21    0.520    0.218     -0.887  0.000     0.25     2.28    -0.39     0.46
    21   -1.161    0.473     -1.907  0.000    -1.66     0.78    -1.03     1.18
    21   -0.886   -0.782     -0.806  0.000     1.25    -1.93    -0.26     0.46
    21    0.066    0.372     -0.363  0.000     1.30     3.81    -0.32     0.46
    21   -0.077    0.275      1.059  0.000    -4.91     2.69     5.11     6.99
    21   -0.773    0.544     -1.735  0.000    -2.33    -1.40    -0.41     0.47
    21   -0.948   -0.009      3.315  0.000     1.03     4.34     0.46     0.48
    21    0.076   -1.885     -3.997  0.000     0.16     1.66    -1.21     1.32
    21   -1.330    0.008      7.961  0.000    -1.21     0.08     5.96     6.05
    21    0.037    0.734      0.762  0.000     0.83    -1.16     3.05     3.41
    21    0.487   -0.732     -0.396  0.000     2.33    -0.59    -0.43     1.07
    21   -0.442   -2.101      0.525  0.000     1.57     0.46     0.12     0.49
    21   -0.610   -0.864     -4.759  0.000    -0.27     0.31    -0.48     0.50
    21   -0.609    1.717     -0.543  0.000    -1.32     1.24     0.31     1.62
    21   -0.287   -0.264      0.895  0.000    -2.33     0.36     0.46     0.50
    21    0.144   -0.138     -0.144  0.000    -0.08     1.84    -3.26     3.98
    21   -0.592    0.029     -0.745  0.000     1.61    -0.51    -0.40     0.51
    21    0.929    0.022      3.645  0.000    -0.13     0.47     0.49     0.51
    21   -0.245   -0.632      0.757  0.000     2.27    -1.65     1.21     1.94
    21   -0.729   -0.172      0.078  0.000    -1.34     3.04     0.05     0.52
    21   -0.332    1.180     -2.935  0.000     0.89    -0.08    -0.48     0.52
    21   -0.164    0.841     -0.584  0.000    -1.02     4.68    -0.29     0.52
    21    0.466   -0.315      0.555  0.000     1.03     1.59     0.37     0.52
    21   -1.945    1.463    -20.423  0.000    -3.48     1.70    -0.52     0.53
    21    0.525   -0.776      4.214  0.000     1.15     0.13     2.39     2.43
    21   -0.410    0.207     -0.329  0.000    -1.16    -1.67    -0.31     0.53
    21    0.058   -0.467     -0.601  0.000     1.97    -0.10    -0.47     0.61
    21    0.662    0.058      0.163  0.000     0.60    -6.36     0.13     0.54
    21    1.412   -0.089     -7.092  0.000     0.40     0.57    -3.21     3.28
    21    0.734   -1.291     -3.814  0.000    -2.61     3.49    -0.51     0.55
    21    0.310   -0.157      0.105  0.000    -0.37     2.92     0.16     0.55
    21   -0.272    0.212     -1.238  0.000     0.38     0.07    -3.43     4.05
    21    0.896    0.792      6.902  0.000     1.05     4.26     0.55     0.55
    21    0.176    1.237      1.905  0.000     4.20    -3.34     0.47     0.56
    21   -0.945    0.399      4.776  0.000    -1.52    -2.68     0.55     0.56
    21    0.306   -1.389     -5.219  0.000     0.31    -1.86    -5.65     6.18
    21    0.214   -0.175     -0.127  0.000     0.43     1.85    -0.24     0.57
    21    0.501    0.389     -2.862  0.000    -2.04     1.30    -0.56     0.58
    21   -0.210   -0.773     -6.490  0.000    -0.68     1.12    -7.21     7.34
    21   -0.033   -1.376     -0.307  0.000    -2.02    -2.94    -0.41     2.74
    21   -0.054    0.621     -1.106  0.000    -2.71    -0.07    -0.51     0.59
    21    0.184   -0.393     -1.314  0.000     1.39     0.88    -2.01     2.51
    21    0.020    0.005      0.002  0.000    -1.38     1.80    21.82    22.13
    21   -0.178    0.974      5.020  0.000     0.76     2.44     0.60     0.61
    21   -1.022   -0.227      0.940  0.000    -0.13     1.96     0.41     0.61
    21   -0.292   -0.100     -0.007  0.000    -0.02    -2.85    -0.01     0.62
    21    0.236    1.116     -3.695  0.000     1.97    -0.34    -0.59     0.62
    21    0.126    0.084      0.254  0.000     2.19    -0.35     0.53     0.62
    21    0.355   -0.431      1.271  0.000    -2.78    -1.58     0.57     0.62
    21   -0.256    0.187     -0.169  0.000     0.76    -0.71    -0.29     0.62
    21    2.252   -0.153     -7.074  0.000     1.44    -1.65    -0.60     0.63
    21   -0.572    0.607      6.657  0.000    -3.56     1.15     0.63     0.64
    21    0.643   -0.489     -1.060  0.000     4.38     0.13    -0.51     0.64
    21   -0.291    2.012    -10.108  0.000    -1.78     6.13    -1.60     1.68
    21    0.895   -0.730     -4.196  0.000     0.31     1.87    -1.36     1.42
    21   -0.580   -0.304      0.273  0.000     0.43     0.24     0.25     0.65
    21    1.407    0.565     -3.879  0.000     1.75    -2.99    -0.61     0.66
    21   -0.074   -0.157     -0.069  0.000    -0.35     1.65     0.86     1.22
    21    0.067    2.444      9.263  0.000    -0.83     3.33     0.65     0.67
    21    1.183    0.894     10.459  0.000    -0.86     4.32     0.67     0.67
    21   -0.389    0.351     -1.039  0.000     0.09     2.26    -0.60     0.67
    21    1.436   -1.174     -3.911  0.000    -1.40    -0.45    -0.61     0.68
    21   -1.725    1.677     -2.838  0.000     0.26     0.47    -0.52     0.68
    21    0.158   -0.210      0.060  0.000    -1.94    -1.84     0.15     0.68
    21   -0.358    0.369      1.077  0.000    -1.86     5.86     0.62     0.69
    21   -0.887    1.069      2.275  0.000     0.07     3.30     3.52     3.85
    21    0.680   -1.047      7.459  0.000    -2.25     1.01     5.48     5.63
    21    0.567   -1.058      2.015  0.000     1.18    -0.40     1.37     1.97
    21   -0.361    0.470      0.196  0.000    -1.69     0.76     0.74     1.23
    21   -1.000   -0.715      1.511  0.000     0.58    -0.53     0.55     0.71
    21    0.898   -1.582     -6.581  0.000     0.12     2.02    -0.68     0.71
    21    0.672   -1.231      5.224  0.000    -0.92     1.03     0.69     0.72
    21    1.536    0.477      1.303  0.000     0.85     2.22     0.45     0.72
    21   -0.287    1.001     13.281  0.000    -0.85     3.22     0.72     0.72
    21    0.509    0.451     -2.599  0.000    -1.62     3.31    -0.70     0.72
    21   -0.407    0.267      0.242  0.000    -2.87     0.27     0.77     1.33
    21    0.184    0.698      1.434  0.000     2.78     1.79     6.00     6.35
    21    0.087   -0.739     -0.085  0.000    -0.10    -0.74     0.09     1.66
    21    0.483   -0.327      4.513  0.000    -0.99     0.23     5.96     6.05
    21   -0.179    1.054      3.476  0.000    -2.46     1.73     8.76     9.03
    21    0.945    0.247     -1.467  0.000     0.72     2.19    -0.83     0.97
    21   -0.427    1.723      4.026  0.000    -1.14     0.95     1.02     1.07
    21    0.853   -0.344     -6.228  0.000     4.18     0.33    -0.76     0.77
    21   -1.291    1.198     18.534  0.000    -0.46     0.93     0.77     0.77
    21   -0.318    1.160      5.443  0.000    -1.71     1.57     4.25     4.40
    21    0.232   -0.497      0.403  0.000     2.98    -0.51     0.46     0.78
    21    0.552    1.091      4.401  0.000    -0.22     0.15     1.11     1.17
    21   -0.009   -0.295     -0.237  0.000     0.45     0.11    -3.54     4.05
    21   -0.579   -0.108      9.781  0.000    -0.36    -0.12     1.94     1.95
    21   -0.735   -0.073     -0.828  0.000    -1.02     0.19    -0.29     0.86
    21    0.423   -2.242     10.371  0.000    -0.74    -2.04     0.80     0.82
    21   -0.406    0.067     -0.070  0.000     1.13    -0.39    -0.14     0.82
    21   -1.052    0.198      4.136  0.000    -3.72     1.13     0.81     0.84
    21   -0.495    0.181      1.594  0.000     1.11    -2.51     0.80     0.85
    21   -0.570   -0.640      3.061  0.000    -0.27    -2.49     0.82     0.85
    21    1.773    0.062      8.677  0.000     0.27     1.87     1.12     1.18
    21   -1.304   -1.665     16.959  0.000     0.66     1.71     0.85     0.85
    21    0.557    0.957     -7.220  0.000    -1.47     6.17    -4.48     4.52
    21    0.902   -0.376     -4.278  0.000     1.36     0.39    -0.84     0.86
    21   -0.293   -0.231      2.971  0.000    -0.51     3.50     7.61     7.99
    21    0.703   -0.367     -0.490  0.000     2.08    -0.75    -0.67     1.45
    21   -0.148   -0.506     -2.255  0.000    -2.38     4.67    -0.85     0.87
    21   -0.218   -0.682      5.037  0.000     1.58     1.13    10.25    10.44
    21    0.431   -0.235      0.407  0.000    -1.35     0.99     0.29     1.29
    21   -0.761   -1.262    -13.890  0.000    -2.51     0.58    -5.81     5.86
    21    0.255   -0.080     -0.092  0.000     2.14     2.82    -0.29     0.89
    21    0.984    0.213      3.962  0.000     2.76     1.78     6.04     6.35
    21   -1.962   -0.582     -9.120  0.000    -1.81    -0.32    -0.87     0.89
    21    1.529   -0.073     -8.229  0.000     0.61     0.67    -2.53     2.58
    21    1.570   -1.025     -3.908  0.000     1.40     1.32    -2.91     3.19
    21   -0.190   -0.236     -0.997  0.000    -2.31     1.02    -0.88     0.92
    21   -0.010    0.795     -4.910  0.000     0.07     0.87    -0.92     0.93
    21   -0.382    0.743      0.870  0.000     1.22     0.45     0.85     1.10
    21    0.979    1.077      4.861  0.000     0.76    -1.21     4.84     5.04
    21   -0.049   -0.833     -3.982  0.000     0.97     4.00    -0.93     0.95
    21    1.004   -0.685    -20.039  0.000    -1.39     5.51    -0.96     0.96
    21   -0.214    0.383      2.492  0.000     3.47    -0.82     0.95     0.96
    21   -0.190    0.412     -0.466  0.000    -0.99     1.48    -0.70     0.97
    21   -0.025    0.402     -0.119  0.000     1.19    -0.69    -0.28     0.99
    21   -1.179   -1.669     -4.813  0.000     0.15     1.78    -1.72     1.84
    21   -0.098    0.590      1.315  0.000    -0.77     1.27     0.91     1.00
    21   -1.200   -0.292      5.574  0.000    -3.73     1.04     1.00     1.03
    21   -0.529    0.333     -1.807  0.000     0.11     1.94    -1.45     1.60
    21   -0.993   -0.538    -10.422  0.000     0.96    -0.44   -10.35    10.39
    21   -0.153   -1.093    -21.067  0.000    -3.43     1.61    -1.05     1.05
    21   -0.164    0.088      0.129  0.000    -7.80     0.17     7.18    11.38
    21   -1.387   -0.545      0.874  0.000    -4.35     0.76     0.53     1.05
    21    0.691   -0.979     -4.735  0.000     0.88     1.47    -1.04     1.07
    21    0.721   -0.638      3.143  0.000     0.94    -1.18     4.81     5.04
    21   -0.921    0.390     11.474  0.000     1.53     2.27    17.32    17.39
    21    0.699    0.088     -2.417  0.000     0.50     2.43    -1.04     1.08
    21   -1.188    0.917     -9.139  0.000    -2.25     2.11   -13.08    13.31
    21   -0.843    1.054     -8.485  0.000    -0.36     0.60    -1.07     1.09
    21   -0.134    0.141     -0.812  0.000     0.14     2.24    -1.06     1.09
    21    1.886    0.253    -23.583  0.000     0.11     2.19    -1.11     1.11
    21    0.019    0.097      2.507  0.000     1.54     2.49    17.31    17.39
    21   -0.452    0.299      0.439  0.000    -0.98     0.95     0.70     1.12
    21    0.778   -0.806      1.533  0.000     1.41    -0.75     0.92     1.13
    21    2.181   -0.263      6.475  0.000     2.24    -0.12     1.08     1.14
    21   -0.717    0.272      6.548  0.000    -1.40     1.79    21.84    22.13
    21    0.926   -0.101      6.152  0.000    -1.98    -1.55     1.13     1.14
    21   -0.098   -0.088     -0.011  0.000    -2.80     2.90     0.93     2.31
    21   -0.453   -1.867     -2.211  0.000     1.35    -3.81    -0.87     1.15
    21   -2.099   -0.893     15.204  0.000    -2.03    -0.22     1.14     1.15
    21   -0.087   -0.122      0.319  0.000     1.70     1.54     5.87     5.98
    21    0.537    0.361      1.058  0.000    -0.73     0.09     1.00     1.18
    21   -0.454   -0.502     -2.189  0.000    -2.33     5.58    -1.12     1.18
    21    0.772   -0.589      0.200  0.000     0.82     0.21     0.24     1.18
    21   -1.616   -0.255    -10.208  0.000     0.15     3.14    -5.74     5.85
    21    0.369    0.286      2.071  0.000    -2.07    -0.80     4.91     5.02
    21    0.156   -0.790      1.468  0.000    -2.83    -1.95     1.04     1.19
    21   -1.242    0.333      5.353  0.000     0.71     4.27     1.16     1.19
    21   -0.109   -0.798      2.847  0.000    -1.78     5.25     1.34     1.41
    21   -0.335    0.167      0.430  0.000    -1.20     2.01     2.46     2.83
    21    0.885    1.065     -7.931  0.000     0.46     1.02    -3.33     3.37
    21    0.249    0.562     -3.220  0.000    -1.53    -0.05    -1.20     1.23
    21   -0.434    0.175      1.449  0.000    -2.53     0.64     1.19     1.25
    21    0.849   -0.765      8.097  0.000    -0.55     2.95     2.07     2.10
    21    0.388    1.835     15.536  0.000     1.71     1.69     5.58     5.64
    21    0.589    0.280     -3.640  0.000     1.62     0.28    -3.50     3.53
    21   -0.520   -0.257     -1.336  0.000    -3.18     2.98    -1.16     1.27
    21   -0.424   -0.362      2.869  0.000    -2.03    -0.86     4.92     5.02
    21   -1.502   -0.103      3.283  0.000    -2.19     3.65     1.17     1.28
    21    0.679    0.228      3.594  0.000     1.73     1.68     6.77     6.91
    21    0.935    0.027      0.547  0.000    -1.36     1.23     0.28     1.62
    21   -1.715   -0.951     11.405  0.000    -1.85     5.54     1.30     1.32
    21    1.518   -2.078     26.956  0.000    -0.18     0.12     1.32     1.32
    21    0.196    0.501     -2.468  0.000    -1.55     3.96    -1.30     1.33
    21   -0.155   -1.043      8.167  0.000    -3.53     0.93     1.33     1.34
    21   -1.364   -0.963      7.862  0.000     1.30    -3.24     1.32     1.35
    21    1.092    0.982     12.585  0.000    -2.06     0.60     1.35     1.36
    21   -0.113   -0.844     -0.538  0.000     1.09    -2.79    -0.73     1.37
    21   -0.284   -0.199     -0.389  0.000     0.45    -0.93    -2.85     3.24
    21    0.677   -0.337     -3.680  0.000    -2.08    -1.44    -1.39     1.41
    21   -1.471    0.179    -15.738  0.000     1.53     0.09    -3.51     3.53
    21    0.334    0.259      0.539  0.000     1.86     4.88     1.12     1.42
    21    0.094    0.380     -0.665  0.000    -1.69     0.34    -1.95     2.04
    21    0.647    0.013     -0.825  0.000     1.83    -0.25    -1.13     1.44
    21   -0.084   -0.209      2.312  0.000     0.19     3.29     3.57     3.85
    21   -0.070   -0.172      0.088  0.000    -2.26     1.96     0.63     1.46
    21    0.237   -0.238      1.281  0.000    -0.86     0.35     1.41     1.46
    21   -0.441   -0.744     -3.963  0.000     1.37    -3.35    -1.43     1.47
    21    0.596   -0.221     -2.880  0.000     4.38     0.26    -1.45     1.48
    21   -0.067   -0.392     -0.701  0.000     3.95    -0.36    -1.29     1.49
    21   -0.202    1.547     -5.853  0.000    -0.91     1.24    -7.18     7.34
    21   -0.122   -0.191     -0.473  0.000    -1.19     2.61    -1.36     1.51
    21    0.361    0.257     -0.430  0.000     3.62     0.71    -1.08     1.55
    21    0.031    0.282      0.382  0.000     1.08     5.12     1.25     1.55
    21   -0.231   -0.201      0.324  0.000    -0.18     1.40     1.14     1.57
    21    1.386   -0.604     -6.568  0.000     1.30     4.06    -1.53     1.57
    21   -0.135    0.473     -0.151  0.000    -0.10     3.51    -0.47     1.58
    21    1.683    0.029     11.210  0.000    -1.52     2.68     5.78     5.84
    21    0.469    0.859     -1.998  0.000     1.65     2.41    -3.40     4.50
    21   -0.291   -0.173      0.076  0.000    -1.61    -2.06     0.35     1.63
    21    1.149   -0.606     -5.746  0.000    -1.35    -1.49    -4.06     4.18
    21    0.539   -0.360      0.407  0.000     4.09     0.89     0.87     1.64
    21   -0.170   -1.621     16.881  0.000     0.81     1.94     1.63     1.64
    21    0.753    1.373     -5.772  0.000    -1.28     6.35    -4.89     5.00
    21   -0.877   -0.249     12.806  0.000    -0.36    -0.26     1.66     1.66
    21    0.190   -0.045     -0.116  0.000    -0.24     3.36    -0.87     1.69
    21    0.021    0.194      0.216  0.000     1.29     5.47     1.26     1.69
    21   -0.795    0.127      6.468  0.000    -1.59     2.94     5.79     5.84
    21   -0.288   -0.102      0.029  0.000    -1.35    -0.89    -0.75     2.01
    21    0.213   -0.559     -0.931  0.000    -1.82    -2.39    -1.44     1.71
    21   -0.325   -0.494     -2.668  0.000    -1.96     2.87    -1.68     1.72
    21   -0.926   -0.050     -1.051  0.000    -1.55    -1.01    -1.89     2.12
    21    0.955    0.269     -1.344  0.000     2.96    -0.23    -1.44     1.80
    21    0.495   -1.754    -33.687  0.000     1.96    -0.62    -1.83     1.84
    21    0.662   -0.099     -0.094  0.000     0.34     1.08    -0.62     2.60
    21    0.129   -0.054     -3.389  0.000     0.86    -0.51   -10.34    10.39
    21   -0.560    0.533     -0.142  0.000     0.00     4.34    -0.34     1.87
    21    0.650    0.301      2.013  0.000     3.16     1.59     7.07     7.48
    21    0.246   -0.572     -2.730  0.000    -1.46    -0.65    -1.86     1.90
    21   -0.332    1.010      3.346  0.000     2.76     2.21     1.81     1.90
    21    0.166   -0.244     -0.857  0.000     0.41    -1.00    -2.81     3.24
    21    0.520   -0.748    -11.475  0.000     1.62    -3.20    -1.92     1.93
    21    0.436   -0.155      0.412  0.000     4.13    -3.68     1.28     1.93
    21   -0.176   -0.407     -1.680  0.000     0.12     1.60    -1.91     1.98
    21   -1.181    0.455      0.607  0.000    -4.00     3.13     0.86     1.98
    21    0.110   -0.065      0.348  0.000     1.50    -0.93    14.35    14.67
    21    0.135    0.402      2.153  0.000     0.76     2.49     2.04     2.08
    21    0.541   -0.315     -7.282  0.000    -1.94     5.75    -2.09     2.10
    21   -0.166   -1.007     -8.932  0.000    -1.67    -0.51    -2.17     2.18
    21    0.425   -0.771     -5.482  0.000    -1.24    -3.03    -2.16     2.18
    21   -0.371    0.335     -0.069  0.000    -1.82     1.86    -0.30     2.20
    21   -0.186    0.538     -5.415  0.000     2.59     5.83    -2.26     2.27
    21   -0.412   -0.727     -6.326  0.000    -0.41    -0.04    -2.26     2.28
    21    0.363   -0.049      4.065  0.000     0.93     1.88     2.28     2.29
    21    0.969   -0.595     -5.151  0.000     0.16    -0.04    -2.25     2.30
    21    0.383    0.664      1.962  0.000    -1.72     1.60     4.23     4.40
    21    0.939   -0.728     -4.333  0.000     0.68     2.02    -2.25     2.34
    21   -1.107    0.453      5.145  0.000     1.04     0.02     2.29     2.35
    21   -1.178    0.945      7.221  0.000    -0.64     0.77     2.33     2.38
    21    1.161    0.982      5.841  0.000     0.03     2.92     3.43     3.57
    21   -0.519   -0.347      2.321  0.000    -2.73     1.82     8.73     9.03
    21    0.359    0.019     -1.062  0.000     2.32    -3.04    -2.34     2.47
    21    0.935   -0.880     11.622  0.000    -1.21    -2.92     2.46     2.48
    21    0.660   -0.374      6.512  0.000     2.13    -0.21     2.48     2.49
    21    0.481   -0.154     -2.853  0.000    -1.91    -1.45    -2.50     2.54
    21    1.145   -0.282      3.117  0.000     0.87    -1.15     3.09     3.41
    21    2.518   -0.670     -7.682  0.000     1.82     3.97    -2.56     2.71
    21   -1.500   -0.057    -10.987  0.000    -2.51    -1.54    -2.69     2.72
    21    0.060   -0.398     -1.572  0.000     0.66    -3.33    -2.69     2.78
    21   -0.852    0.476      4.410  0.000     0.65     0.76     2.77     2.84
    21    0.049    0.734     -2.996  0.000    -0.56     3.26    -8.80     8.88
    21    0.493   -0.811     -3.306  0.000    -0.30     1.89    -2.78     2.89
    21   -0.787    0.384     -2.871  0.000    -1.32    -1.24    -4.04     4.18
    21    0.397   -0.582      3.206  0.000     0.10    -0.05     2.86     2.93
    21    0.117    0.565     -0.920  0.000    -0.80     2.17    -2.54     3.00
    21   -0.354    0.683     -4.272  0.000    -2.57     5.34    -2.96     3.01
    21   -0.196   -0.613     12.649  0.000     0.27     1.91     3.08     3.09
    21   -0.069    0.661     -0.255  0.000    -2.10     4.57    -3.17     3.42
    21    0.522   -0.137      1.150  0.000     4.23     1.32     2.83     3.13
    21    0.530   -1.388    -19.351  0.000    -1.54    -0.49    -3.21     3.22
    21    0.478   -0.114      1.691  0.000     1.86     1.63     5.56     5.71
    21    0.992   -0.662      8.738  0.000    -0.99    -3.01     3.69     3.72
    21   -0.107    1.015    -11.617  0.000    -1.94     2.38    -3.71     3.72
    21   -0.532    0.393     -1.185  0.000     0.04    -1.97    -3.33     3.81
    21   -0.022    0.189      0.339  0.000     3.93    -1.76     3.38     3.87
    21    0.322   -0.450      1.366  0.000     1.65     2.08     4.44     4.56
    21    0.412   -0.402      2.243  0.000     0.02     0.16     3.92     4.04
    21    0.516    0.176     -1.807  0.000    -0.30    -2.35    -3.90     4.07
    21    0.433    0.014      0.845  0.000    -0.04     4.20     3.68     4.14
    21   -0.005   -0.188     -0.236  0.000    -2.40    -0.10    -3.24     4.14
    21    0.263    0.947    -13.674  0.000    -2.60    -0.06    -4.25     4.26
    21   -0.758    0.368      4.584  0.000    -2.12    -2.38     4.31     4.38
    21   -0.072    0.110     -5.991  0.000    -0.53     3.33    -8.79     8.88
    21   -0.409   -0.810      7.570  0.000     2.53    -3.68     4.57     4.60
    21   -0.236    0.241     -3.077  0.000     1.18    -2.72    -4.58     4.61
    21    0.020    0.389      3.153  0.000    -0.67     1.45     4.74     4.78
    21    0.303    0.321      0.222  0.000     1.18     6.29     2.15     4.79
    21   -0.333   -0.350      1.508  0.000    -1.12    -0.17     4.63     4.86
    21   -0.708   -0.012     -8.518  0.000    -2.52     5.83    -5.11     5.13
    21    0.199    0.591     -6.950  0.000     0.17     2.62    -5.16     5.18
    21    0.156    0.312     -1.493  0.000     0.73     3.46    -5.09     5.23
    21    0.029    0.632     -1.948  0.000     0.16     3.14    -5.75     5.85
    21    0.408   -0.049      1.602  0.000     1.73     1.08    10.24    10.44
    21    0.527    0.629      5.947  0.000    -0.60     1.23     5.88     5.94
    21   -0.498    0.175      4.729  0.000    -0.22    -1.04     6.64     6.77
    21   -0.337   -0.640     -6.565  0.000     1.04    -3.22    -6.25     6.28
    21    0.281    0.343      2.283  0.000    -0.86     6.61     6.44     6.56
    21    0.293    0.257      1.239  0.000     5.44    -2.30     6.44     6.75
    21   -0.295    0.046      2.692  0.000    -0.99    -1.14     6.76     6.80
    21    0.471    0.507     11.698  0.000    -1.35     5.98     7.72     7.73
    21    0.111   -0.034      0.037  0.000     5.70     3.41     2.44     8.07
    21    0.093    0.646     -7.225  0.000     2.03     0.20    -8.05     8.09
    21   -0.243   -0.561     -2.362  0.000     1.05    -1.99    -8.08     8.35
    21   -0.564    0.747     -5.156  0.000     0.45    -1.40    -8.32     8.46
    21    0.597    0.191    -19.192  0.000     4.35     0.46    -8.83     8.83
    21   -0.087    0.104      0.121  0.000    -3.22     2.62     6.63     9.95
    21   -0.485   -0.131     -6.446  0.000    -3.47    -0.57   -10.41    10.44
    21    0.371   -0.192     -3.012  0.000    -0.86     0.56   -10.39    10.49
    21    0.094    0.130      0.755  0.000     5.51     2.33    11.44    11.69
    21   -0.473    0.272     -5.941  0.000    -1.23     1.02   -12.17    12.22
    21    0.261   -0.331     -7.464  0.000    -2.29     2.65   -12.61    12.63
    21   -0.208    0.286     -3.213  0.000     0.43     4.60   -12.62    12.70
    21    0.205    0.048     -0.226  0.000    12.46    -1.65    -9.42    12.87
    21   -0.162   -1.126      8.355  0.000    -1.09     1.42    12.90    13.02
    21   -0.573   -0.106      7.716  0.000    -2.23     0.40    14.96    15.00
    21    0.310   -0.420     21.254  0.000     1.05     1.79    15.20    15.20
    21   -0.128    0.055     -0.673  0.000    -3.89     4.48   -16.02    16.36
    21   -0.128    0.863     -9.071  0.000    -2.67     1.32   -20.41    20.50
    21   -0.261    0.841     -2.849  0.000    -4.32     5.63   -21.16    22.15
    21   -0.024   -0.043     -0.072  0.000    -7.77   -14.26   -19.43    23.47
    21   -0.017   -0.187     -1.627  0.000    -0.07    -0.50   -25.17    25.34
    21   -0.318   -0.484    -15.579  0.000    -2.58     1.04   -32.82    32.84
    21    0.118   -0.072      3.735  0.000     2.02     3.57    32.90    32.92
    21    0.137   -0.081     11.807  0.000     2.10     0.68    37.10    37.11
    21    0.152    0.093      1.907  0.000     2.85     1.67    38.96    39.13
    21    0.217    0.187    -16.169  0.000    -1.67    -0.01   -52.43    52.44
    21   -0.301   -0.223    -12.365  0.000    -3.12    -1.65   -77.40    77.44
    21   -0.151   -0.200     10.637  0.000    -2.15    -1.05   101.82   101.85
    21    0.043   -0.073      9.384  0.000     1.74    -2.89   433.75   433.77
