 14.4000      0.90327604      0.90204356      1.05479769      0.09391274      0.07496925      0.90327604      0.90204356      1.05479769      0.08759824      0.09391968      0.07495537      0.09697837      0.90327604      0.90204356      1.05479769       0.09391274      0.07496925      0.90327604      0.90204356      1.05479769      0.08759824      0.09391968      0.07495537      0.09697837
 12.9000      0.81876731      0.81476274      0.97134443      0.08896469      0.09613934      0.81876731      0.81476274      0.97134443      0.09135624      0.08896622      0.09613629      0.11157778      0.81876731      0.81476274      0.97134443       0.08896469      0.09613934      0.81876731      0.81476274      0.97134443      0.09135624      0.08896622      0.09613629      0.11157778
 10.2000      0.72407301      0.71841890      0.92724551      0.07978100      0.17079186      0.72407301      0.71841890      0.92724551      0.11011795      0.07975328      0.17084731      0.15208128      0.72407301      0.71841890      0.92724551       0.07978100      0.17079186      0.72407301      0.71841890      0.92724551      0.11011795      0.07975328      0.17084731      0.15208128
 10.8000      0.97906683      0.85730029      1.08505756      0.10078394      0.13400736      0.97906683      0.85730029      1.08505756      0.11185841      0.10078371      0.13400782      0.11425003      0.97906683      0.85730029      1.08505756       0.10078394      0.13400736      0.97906683      0.85730029      1.08505756      0.11185841      0.10078371      0.13400782      0.11425003
  9.9000      0.85509618      0.80297648      1.00096577      0.08028354      0.13835594      0.85509618      0.80297648      1.00096577      0.09964101      0.08041229      0.13809845      0.11652608      0.85509618      0.80297648      1.00096577       0.08028354      0.13835594      0.85509618      0.80297648      1.00096577      0.09964101      0.08041229      0.13809845      0.11652608
 12.6000      0.92275432      0.87564285      1.07005865      0.06691609      0.13249856      0.92275432      0.87564285      1.07005865      0.08877691      0.06693416      0.13246242      0.09620861      0.92275432      0.87564285      1.07005865       0.06691609      0.13249856      0.92275432      0.87564285      1.07005865      0.08877691      0.06693416      0.13246242      0.09620861
 11.1000      0.89289880      0.86781261      1.03478201      0.08656658      0.11479334      0.89289880      0.86781261      1.03478201      0.09597550      0.08653245      0.11486159      0.10748754      0.89289880      0.86781261      1.03478201       0.08656658      0.11479334      0.89289880      0.86781261      1.03478201      0.09597550      0.08653245      0.11486159      0.10748754
  9.6000      0.83394345      0.76536221      0.94272720      0.09635550      0.10061576      0.83394345      0.76536221      0.94272720      0.09777559      0.09638231      0.10056213      0.11724486      0.83394345      0.76536221      0.94272720       0.09635550      0.10061576      0.83394345      0.76536221      0.94272720      0.09777559      0.09638231      0.10056213      0.11724486
 12.6000      1.04566594      0.96718861      1.24691508      0.07873252      0.25405642      1.04566594      0.96718861      1.24691508      0.13717382      0.07879036      0.25394074      0.13118322      1.04566594      0.96718861      1.24691508       0.07873252      0.25405642      1.04566594      0.96718861      1.24691508      0.13717382      0.07879036      0.25394074      0.13118322
 16.2000      0.59843268      0.59687701      0.74036180      0.05415694      0.07605874      0.59843268      0.59687701      0.74036180      0.06145754      0.05414694      0.07607873      0.10269749      0.59843268      0.59687701      0.74036180       0.05415694      0.07605874      0.59843268      0.59687701      0.74036180      0.06145754      0.05414694      0.07607873      0.10269749
