#  1) time(fm/c)
# 2)total
# 3)elastic
# 4)NN->NR
# 5)NN->RR
# 6)NR->NN
# 7)RR->NN
# 8)RR->NR
# 9)RR->RR,NR->NR
# 10)MB->R
# 11)MB->MB
# 12)MM->M
# 13)MM->MM
# 14)jet decay
# 15) resonance decay
# 16)BB 17) MB 18)MM 19)aBB
  0.3000 0.0000E+00 0.0000E+00 0.0000E+00 0.0000E+00 0.0000E+00 0.0000E+00 0.0000E+00 0.0000E+00 0.0000E+00 0.0000E+00 0.0000E+00 0.0000E+00 0.0000E+00 0.0000E+00 0.0000E+00 0.0000E+00 0.0000E+00 0.0000E+00
  0.6000 0.3333E+00 0.3333E+00 0.0000E+00 0.0000E+00 0.0000E+00 0.0000E+00 0.0000E+00 0.0000E+00 0.0000E+00 0.0000E+00 0.0000E+00 0.0000E+00 0.0000E+00 0.0000E+00 0.3333E+00 0.0000E+00 0.0000E+00 0.0000E+00
  0.9000 0.1000E+01 0.3333E+00 0.6667E+00 0.0000E+00 0.0000E+00 0.0000E+00 0.0000E+00 0.0000E+00 0.0000E+00 0.0000E+00 0.0000E+00 0.0000E+00 0.0000E+00 0.0000E+00 0.1000E+01 0.0000E+00 0.0000E+00 0.0000E+00
  1.2000 0.6667E+00 0.3333E+00 0.3333E+00 0.0000E+00 0.0000E+00 0.0000E+00 0.0000E+00 0.0000E+00 0.0000E+00 0.0000E+00 0.0000E+00 0.0000E+00 0.0000E+00 0.3333E+00 0.6667E+00 0.0000E+00 0.0000E+00 0.0000E+00
  1.5000 0.2333E+01 0.2000E+01 0.3333E+00 0.0000E+00 0.0000E+00 0.0000E+00 0.0000E+00 0.0000E+00 0.0000E+00 0.0000E+00 0.0000E+00 0.0000E+00 0.0000E+00 0.0000E+00 0.2333E+01 0.0000E+00 0.0000E+00 0.0000E+00
  1.8000 0.3333E+01 0.1000E+01 0.1667E+01 0.3333E+00 0.0000E+00 0.0000E+00 0.0000E+00 0.0000E+00 0.3333E+00 0.0000E+00 0.0000E+00 0.0000E+00 0.0000E+00 0.3333E+00 0.3000E+01 0.3333E+00 0.0000E+00 0.0000E+00
  2.1000 0.4333E+01 0.2000E+01 0.6667E+00 0.0000E+00 0.1000E+01 0.0000E+00 0.0000E+00 0.3333E+00 0.3333E+00 0.0000E+00 0.0000E+00 0.0000E+00 0.0000E+00 0.3333E+00 0.4000E+01 0.3333E+00 0.0000E+00 0.0000E+00
  2.4000 0.1100E+02 0.5667E+01 0.3333E+01 0.3333E+00 0.3333E+00 0.0000E+00 0.0000E+00 0.6667E+00 0.6667E+00 0.0000E+00 0.0000E+00 0.0000E+00 0.0000E+00 0.1000E+01 0.1033E+02 0.6667E+00 0.0000E+00 0.0000E+00
  2.7000 0.1500E+02 0.7000E+01 0.6000E+01 0.6667E+00 0.3333E+00 0.0000E+00 0.0000E+00 0.6667E+00 0.3333E+00 0.0000E+00 0.0000E+00 0.0000E+00 0.0000E+00 0.1667E+01 0.1467E+02 0.3333E+00 0.0000E+00 0.0000E+00
  3.0000 0.1533E+02 0.8667E+01 0.3333E+01 0.3333E+00 0.6667E+00 0.0000E+00 0.0000E+00 0.6667E+00 0.1667E+01 0.0000E+00 0.0000E+00 0.0000E+00 0.0000E+00 0.2333E+01 0.1367E+02 0.1667E+01 0.0000E+00 0.0000E+00
  3.3000 0.2100E+02 0.1267E+02 0.3000E+01 0.0000E+00 0.1333E+01 0.0000E+00 0.0000E+00 0.2000E+01 0.2000E+01 0.0000E+00 0.0000E+00 0.0000E+00 0.0000E+00 0.3000E+01 0.1900E+02 0.2000E+01 0.0000E+00 0.0000E+00
  3.6000 0.2633E+02 0.1800E+02 0.4333E+01 0.0000E+00 0.6667E+00 0.0000E+00 0.0000E+00 0.1000E+01 0.2000E+01 0.3333E+00 0.0000E+00 0.0000E+00 0.0000E+00 0.2333E+01 0.2400E+02 0.2333E+01 0.0000E+00 0.0000E+00
  3.9000 0.3100E+02 0.1600E+02 0.9000E+01 0.6667E+00 0.1333E+01 0.0000E+00 0.0000E+00 0.6667E+00 0.3333E+01 0.0000E+00 0.0000E+00 0.0000E+00 0.0000E+00 0.5667E+01 0.2767E+02 0.3333E+01 0.0000E+00 0.0000E+00
  4.2000 0.3533E+02 0.1933E+02 0.8000E+01 0.0000E+00 0.2000E+01 0.0000E+00 0.0000E+00 0.2333E+01 0.3333E+01 0.0000E+00 0.3333E+00 0.0000E+00 0.0000E+00 0.3667E+01 0.3133E+02 0.3667E+01 0.3333E+00 0.0000E+00
  4.5000 0.4600E+02 0.2667E+02 0.1200E+02 0.3333E+00 0.1000E+01 0.0000E+00 0.0000E+00 0.2000E+01 0.3333E+01 0.6667E+00 0.0000E+00 0.0000E+00 0.0000E+00 0.4000E+01 0.4133E+02 0.4667E+01 0.0000E+00 0.0000E+00
  4.8000 0.4800E+02 0.2733E+02 0.1067E+02 0.0000E+00 0.1667E+01 0.0000E+00 0.0000E+00 0.3333E+01 0.5000E+01 0.0000E+00 0.0000E+00 0.0000E+00 0.0000E+00 0.8000E+01 0.4267E+02 0.5333E+01 0.0000E+00 0.0000E+00
  5.1000 0.6433E+02 0.4033E+02 0.1167E+02 0.1000E+01 0.2333E+01 0.0000E+00 0.0000E+00 0.3333E+01 0.5333E+01 0.3333E+00 0.0000E+00 0.0000E+00 0.0000E+00 0.6667E+01 0.5800E+02 0.6333E+01 0.0000E+00 0.0000E+00
  5.4000 0.7200E+02 0.3800E+02 0.1500E+02 0.2000E+01 0.3667E+01 0.0000E+00 0.0000E+00 0.6000E+01 0.7000E+01 0.0000E+00 0.3333E+00 0.0000E+00 0.0000E+00 0.8000E+01 0.6400E+02 0.7667E+01 0.3333E+00 0.0000E+00
  5.7000 0.8033E+02 0.4400E+02 0.1400E+02 0.1667E+01 0.5667E+01 0.0000E+00 0.3333E+00 0.7333E+01 0.7000E+01 0.3333E+00 0.0000E+00 0.0000E+00 0.0000E+00 0.9000E+01 0.7267E+02 0.7667E+01 0.0000E+00 0.0000E+00
  6.0000 0.8600E+02 0.5133E+02 0.1333E+02 0.6667E+00 0.5667E+01 0.0000E+00 0.1000E+01 0.6667E+01 0.7000E+01 0.3333E+00 0.0000E+00 0.0000E+00 0.0000E+00 0.1000E+02 0.7867E+02 0.7333E+01 0.0000E+00 0.0000E+00
  6.3000 0.9867E+02 0.5867E+02 0.1733E+02 0.3333E+00 0.5000E+01 0.3333E+00 0.1667E+01 0.7667E+01 0.7667E+01 0.0000E+00 0.0000E+00 0.0000E+00 0.0000E+00 0.1333E+02 0.9067E+02 0.8000E+01 0.0000E+00 0.0000E+00
  6.6000 0.1017E+03 0.5833E+02 0.1467E+02 0.0000E+00 0.9000E+01 0.3333E+00 0.3333E+00 0.6667E+01 0.1133E+02 0.1000E+01 0.0000E+00 0.0000E+00 0.0000E+00 0.1433E+02 0.8900E+02 0.1267E+02 0.0000E+00 0.0000E+00
  6.9000 0.1140E+03 0.6533E+02 0.1933E+02 0.3333E+00 0.6333E+01 0.0000E+00 0.3333E+00 0.8000E+01 0.1333E+02 0.6667E+00 0.3333E+00 0.0000E+00 0.0000E+00 0.1700E+02 0.9967E+02 0.1400E+02 0.3333E+00 0.0000E+00
  7.2000 0.1263E+03 0.7633E+02 0.1533E+02 0.1000E+01 0.8000E+01 0.0000E+00 0.3333E+00 0.8667E+01 0.1433E+02 0.2000E+01 0.3333E+00 0.0000E+00 0.0000E+00 0.1933E+02 0.1097E+03 0.1633E+02 0.3333E+00 0.0000E+00
  7.5000 0.1347E+03 0.7267E+02 0.2533E+02 0.3333E+00 0.7333E+01 0.0000E+00 0.3333E+00 0.1067E+02 0.1567E+02 0.2333E+01 0.0000E+00 0.0000E+00 0.0000E+00 0.2200E+02 0.1167E+03 0.1800E+02 0.0000E+00 0.0000E+00
  7.8000 0.1503E+03 0.8067E+02 0.2533E+02 0.1333E+01 0.1133E+02 0.0000E+00 0.6667E+00 0.1067E+02 0.1933E+02 0.1000E+01 0.0000E+00 0.0000E+00 0.0000E+00 0.1933E+02 0.1287E+03 0.2167E+02 0.0000E+00 0.0000E+00
  8.1000 0.1593E+03 0.9867E+02 0.1800E+02 0.6667E+00 0.8333E+01 0.0000E+00 0.1000E+01 0.1300E+02 0.1667E+02 0.2000E+01 0.1000E+01 0.0000E+00 0.0000E+00 0.2333E+02 0.1387E+03 0.1967E+02 0.1000E+01 0.0000E+00
  8.4000 0.1703E+03 0.1107E+03 0.1833E+02 0.1000E+01 0.8333E+01 0.3333E+00 0.6667E+00 0.8333E+01 0.2067E+02 0.2000E+01 0.0000E+00 0.0000E+00 0.0000E+00 0.1967E+02 0.1453E+03 0.2500E+02 0.0000E+00 0.0000E+00
  8.7000 0.1673E+03 0.9633E+02 0.2167E+02 0.6667E+00 0.1167E+02 0.0000E+00 0.3333E+00 0.1000E+02 0.2367E+02 0.2667E+01 0.3333E+00 0.0000E+00 0.0000E+00 0.2767E+02 0.1403E+03 0.2667E+02 0.3333E+00 0.0000E+00
  9.0000 0.1817E+03 0.1080E+03 0.1900E+02 0.0000E+00 0.1133E+02 0.0000E+00 0.6667E+00 0.1633E+02 0.2500E+02 0.1333E+01 0.0000E+00 0.0000E+00 0.0000E+00 0.2867E+02 0.1533E+03 0.2800E+02 0.3333E+00 0.0000E+00
  9.3000 0.1847E+03 0.1127E+03 0.2300E+02 0.1333E+01 0.1267E+02 0.0000E+00 0.1333E+01 0.1033E+02 0.2167E+02 0.1667E+01 0.0000E+00 0.0000E+00 0.0000E+00 0.2700E+02 0.1603E+03 0.2433E+02 0.0000E+00 0.0000E+00
  9.6000 0.1843E+03 0.1133E+03 0.1867E+02 0.3333E+00 0.1300E+02 0.0000E+00 0.6667E+00 0.1233E+02 0.2500E+02 0.1000E+01 0.0000E+00 0.0000E+00 0.0000E+00 0.2133E+02 0.1570E+03 0.2733E+02 0.0000E+00 0.0000E+00
  9.9000 0.1903E+03 0.1157E+03 0.2133E+02 0.3333E+00 0.1000E+02 0.0000E+00 0.2000E+01 0.1467E+02 0.2533E+02 0.1000E+01 0.0000E+00 0.0000E+00 0.0000E+00 0.2533E+02 0.1633E+03 0.2700E+02 0.0000E+00 0.0000E+00
 10.2000 0.1917E+03 0.1087E+03 0.2000E+02 0.3333E+00 0.1733E+02 0.0000E+00 0.1667E+01 0.1633E+02 0.2500E+02 0.2000E+01 0.0000E+00 0.3333E+00 0.0000E+00 0.3067E+02 0.1637E+03 0.2767E+02 0.3333E+00 0.0000E+00
 10.5000 0.1910E+03 0.1153E+03 0.2233E+02 0.6667E+00 0.1233E+02 0.0000E+00 0.1667E+01 0.1067E+02 0.2567E+02 0.2000E+01 0.3333E+00 0.0000E+00 0.0000E+00 0.2400E+02 0.1620E+03 0.2867E+02 0.3333E+00 0.0000E+00
 10.8000 0.2067E+03 0.1203E+03 0.2433E+02 0.6667E+00 0.1533E+02 0.0000E+00 0.2333E+01 0.1367E+02 0.2733E+02 0.2667E+01 0.0000E+00 0.0000E+00 0.0000E+00 0.2967E+02 0.1760E+03 0.3067E+02 0.0000E+00 0.0000E+00
 11.1000 0.2153E+03 0.1363E+03 0.2033E+02 0.3333E+00 0.1367E+02 0.0000E+00 0.3333E+00 0.1567E+02 0.2567E+02 0.2667E+01 0.3333E+00 0.0000E+00 0.0000E+00 0.3233E+02 0.1867E+03 0.2833E+02 0.3333E+00 0.0000E+00
 11.4000 0.1993E+03 0.1227E+03 0.2167E+02 0.1333E+01 0.9333E+01 0.0000E+00 0.1333E+01 0.1633E+02 0.2467E+02 0.1333E+01 0.3333E+00 0.3333E+00 0.0000E+00 0.3033E+02 0.1723E+03 0.2633E+02 0.6667E+00 0.0000E+00
 11.7000 0.1880E+03 0.1120E+03 0.1933E+02 0.3333E+00 0.1533E+02 0.0000E+00 0.2000E+01 0.1200E+02 0.2533E+02 0.1667E+01 0.0000E+00 0.0000E+00 0.0000E+00 0.2933E+02 0.1603E+03 0.2767E+02 0.0000E+00 0.0000E+00
 12.0000 0.2060E+03 0.1250E+03 0.2033E+02 0.3333E+00 0.1567E+02 0.0000E+00 0.1667E+01 0.1300E+02 0.2433E+02 0.5333E+01 0.3333E+00 0.0000E+00 0.0000E+00 0.3867E+02 0.1750E+03 0.3067E+02 0.3333E+00 0.0000E+00
 12.3000 0.2043E+03 0.1183E+03 0.1700E+02 0.1333E+01 0.1567E+02 0.0000E+00 0.2333E+01 0.1600E+02 0.3133E+02 0.2333E+01 0.0000E+00 0.0000E+00 0.0000E+00 0.3067E+02 0.1700E+03 0.3433E+02 0.0000E+00 0.0000E+00
 12.6000 0.1870E+03 0.1177E+03 0.1467E+02 0.6667E+00 0.1133E+02 0.0000E+00 0.0000E+00 0.1333E+02 0.2533E+02 0.3667E+01 0.3333E+00 0.0000E+00 0.0000E+00 0.3200E+02 0.1577E+03 0.2900E+02 0.3333E+00 0.0000E+00
 12.9000 0.1823E+03 0.1137E+03 0.1267E+02 0.0000E+00 0.1200E+02 0.0000E+00 0.1333E+01 0.7667E+01 0.3267E+02 0.2333E+01 0.0000E+00 0.0000E+00 0.0000E+00 0.3233E+02 0.1463E+03 0.3600E+02 0.0000E+00 0.0000E+00
 13.2000 0.1827E+03 0.1067E+03 0.1733E+02 0.1000E+01 0.1367E+02 0.3333E+00 0.1333E+01 0.1133E+02 0.2933E+02 0.1333E+01 0.0000E+00 0.3333E+00 0.0000E+00 0.3267E+02 0.1507E+03 0.3167E+02 0.3333E+00 0.0000E+00
 13.5000 0.1820E+03 0.1147E+03 0.1667E+02 0.3333E+00 0.1267E+02 0.0000E+00 0.1000E+01 0.8000E+01 0.2500E+02 0.3333E+01 0.3333E+00 0.0000E+00 0.0000E+00 0.2700E+02 0.1523E+03 0.2933E+02 0.3333E+00 0.0000E+00
 13.8000 0.1643E+03 0.1073E+03 0.1000E+02 0.3333E+00 0.1433E+02 0.0000E+00 0.6667E+00 0.3667E+01 0.2533E+02 0.2333E+01 0.3333E+00 0.0000E+00 0.0000E+00 0.2867E+02 0.1353E+03 0.2867E+02 0.3333E+00 0.0000E+00
 14.1000 0.1650E+03 0.1000E+03 0.1433E+02 0.3333E+00 0.1200E+02 0.0000E+00 0.1000E+01 0.9333E+01 0.2533E+02 0.2000E+01 0.6667E+00 0.0000E+00 0.0000E+00 0.2133E+02 0.1360E+03 0.2833E+02 0.6667E+00 0.0000E+00
 14.4000 0.1427E+03 0.9200E+02 0.7333E+01 0.1000E+01 0.8000E+01 0.0000E+00 0.6667E+00 0.7333E+01 0.2367E+02 0.2333E+01 0.3333E+00 0.0000E+00 0.0000E+00 0.2733E+02 0.1157E+03 0.2667E+02 0.3333E+00 0.0000E+00
 14.7000 0.1413E+03 0.9200E+02 0.8667E+01 0.0000E+00 0.1000E+02 0.0000E+00 0.1000E+01 0.6667E+01 0.2100E+02 0.2000E+01 0.0000E+00 0.0000E+00 0.0000E+00 0.2700E+02 0.1177E+03 0.2367E+02 0.0000E+00 0.0000E+00
 15.0000 0.1260E+03 0.7933E+02 0.7000E+01 0.0000E+00 0.7333E+01 0.0000E+00 0.3333E+00 0.8000E+01 0.2167E+02 0.2000E+01 0.3333E+00 0.0000E+00 0.0000E+00 0.2067E+02 0.1010E+03 0.2467E+02 0.3333E+00 0.0000E+00
 15.3000 0.1273E+03 0.7833E+02 0.1033E+02 0.6667E+00 0.1000E+02 0.0000E+00 0.1000E+01 0.6667E+01 0.1933E+02 0.6667E+00 0.3333E+00 0.0000E+00 0.0000E+00 0.2667E+02 0.1060E+03 0.2100E+02 0.3333E+00 0.0000E+00
 15.6000 0.1170E+03 0.7533E+02 0.4667E+01 0.0000E+00 0.1267E+02 0.0000E+00 0.1333E+01 0.4333E+01 0.1600E+02 0.2333E+01 0.3333E+00 0.0000E+00 0.0000E+00 0.2167E+02 0.9767E+02 0.1900E+02 0.3333E+00 0.0000E+00
 15.9000 0.1050E+03 0.6500E+02 0.5333E+01 0.0000E+00 0.8000E+01 0.0000E+00 0.3333E+00 0.5333E+01 0.1933E+02 0.1333E+01 0.3333E+00 0.0000E+00 0.0000E+00 0.1733E+02 0.8367E+02 0.2100E+02 0.3333E+00 0.0000E+00
 16.2000 0.1100E+03 0.6967E+02 0.5333E+01 0.3333E+00 0.7667E+01 0.0000E+00 0.3333E+00 0.3667E+01 0.2067E+02 0.2333E+01 0.0000E+00 0.0000E+00 0.0000E+00 0.2267E+02 0.8633E+02 0.2367E+02 0.0000E+00 0.0000E+00
 16.5000 0.9933E+02 0.6167E+02 0.7667E+01 0.0000E+00 0.8333E+01 0.3333E+00 0.1000E+01 0.4333E+01 0.1533E+02 0.6667E+00 0.0000E+00 0.0000E+00 0.0000E+00 0.2367E+02 0.8233E+02 0.1700E+02 0.0000E+00 0.0000E+00
 16.8000 0.1027E+03 0.6067E+02 0.5667E+01 0.0000E+00 0.9000E+01 0.0000E+00 0.1000E+01 0.4667E+01 0.2033E+02 0.1000E+01 0.3333E+00 0.0000E+00 0.0000E+00 0.2100E+02 0.8033E+02 0.2200E+02 0.3333E+00 0.0000E+00
 17.1000 0.9567E+02 0.5700E+02 0.7333E+01 0.0000E+00 0.8667E+01 0.0000E+00 0.3333E+00 0.5333E+01 0.1600E+02 0.1000E+01 0.0000E+00 0.0000E+00 0.0000E+00 0.1800E+02 0.7833E+02 0.1733E+02 0.0000E+00 0.0000E+00
 17.4000 0.8433E+02 0.5400E+02 0.4000E+01 0.0000E+00 0.5667E+01 0.0000E+00 0.0000E+00 0.2000E+01 0.1733E+02 0.1333E+01 0.0000E+00 0.0000E+00 0.0000E+00 0.1700E+02 0.6567E+02 0.1867E+02 0.0000E+00 0.0000E+00
 17.7000 0.7467E+02 0.4367E+02 0.3333E+01 0.0000E+00 0.5667E+01 0.0000E+00 0.0000E+00 0.3000E+01 0.1767E+02 0.1333E+01 0.0000E+00 0.0000E+00 0.0000E+00 0.1867E+02 0.5533E+02 0.1933E+02 0.0000E+00 0.0000E+00
 18.0000 0.7133E+02 0.4700E+02 0.1667E+01 0.3333E+00 0.4667E+01 0.0000E+00 0.0000E+00 0.1000E+01 0.1567E+02 0.6667E+00 0.3333E+00 0.0000E+00 0.0000E+00 0.1567E+02 0.5400E+02 0.1700E+02 0.3333E+00 0.0000E+00
 18.3000 0.7067E+02 0.4500E+02 0.2000E+01 0.0000E+00 0.4000E+01 0.0000E+00 0.3333E+00 0.2000E+01 0.1467E+02 0.2333E+01 0.3333E+00 0.0000E+00 0.0000E+00 0.2133E+02 0.5333E+02 0.1700E+02 0.3333E+00 0.0000E+00
 18.6000 0.5967E+02 0.3533E+02 0.3333E+01 0.0000E+00 0.4333E+01 0.0000E+00 0.0000E+00 0.1333E+01 0.1467E+02 0.6667E+00 0.0000E+00 0.0000E+00 0.0000E+00 0.1600E+02 0.4367E+02 0.1600E+02 0.0000E+00 0.0000E+00
 18.9000 0.4767E+02 0.3000E+02 0.1000E+01 0.0000E+00 0.4667E+01 0.0000E+00 0.0000E+00 0.6667E+00 0.1067E+02 0.6667E+00 0.0000E+00 0.0000E+00 0.0000E+00 0.1333E+02 0.3600E+02 0.1167E+02 0.0000E+00 0.0000E+00
 19.2000 0.4667E+02 0.2700E+02 0.2333E+01 0.0000E+00 0.4000E+01 0.0000E+00 0.0000E+00 0.1333E+01 0.1100E+02 0.1000E+01 0.0000E+00 0.0000E+00 0.0000E+00 0.1767E+02 0.3400E+02 0.1267E+02 0.0000E+00 0.0000E+00
 19.5000 0.4100E+02 0.2367E+02 0.1667E+01 0.0000E+00 0.3333E+01 0.0000E+00 0.0000E+00 0.1000E+01 0.1033E+02 0.1000E+01 0.0000E+00 0.0000E+00 0.0000E+00 0.1467E+02 0.2933E+02 0.1167E+02 0.0000E+00 0.0000E+00
 19.8000 0.4733E+02 0.2533E+02 0.2333E+01 0.0000E+00 0.2667E+01 0.0000E+00 0.0000E+00 0.0000E+00 0.1467E+02 0.2333E+01 0.0000E+00 0.0000E+00 0.0000E+00 0.1333E+02 0.3000E+02 0.1733E+02 0.0000E+00 0.0000E+00
 20.1000 0.4067E+02 0.2400E+02 0.2333E+01 0.0000E+00 0.3000E+01 0.0000E+00 0.0000E+00 0.1000E+01 0.9667E+01 0.3333E+00 0.3333E+00 0.0000E+00 0.0000E+00 0.1267E+02 0.3000E+02 0.1033E+02 0.3333E+00 0.0000E+00
 20.4000 0.3533E+02 0.1867E+02 0.6667E+00 0.0000E+00 0.2333E+01 0.0000E+00 0.0000E+00 0.1333E+01 0.1200E+02 0.0000E+00 0.3333E+00 0.0000E+00 0.0000E+00 0.1733E+02 0.2300E+02 0.1200E+02 0.3333E+00 0.0000E+00
 20.7000 0.3733E+02 0.2233E+02 0.3333E+00 0.0000E+00 0.2667E+01 0.0000E+00 0.0000E+00 0.1000E+01 0.9667E+01 0.1000E+01 0.3333E+00 0.0000E+00 0.0000E+00 0.1167E+02 0.2600E+02 0.1100E+02 0.3333E+00 0.0000E+00
 21.0000 0.3100E+02 0.2100E+02 0.0000E+00 0.0000E+00 0.1333E+01 0.0000E+00 0.3333E+00 0.0000E+00 0.7667E+01 0.6667E+00 0.0000E+00 0.0000E+00 0.0000E+00 0.1267E+02 0.2233E+02 0.8667E+01 0.0000E+00 0.0000E+00
 21.3000 0.3067E+02 0.1867E+02 0.6667E+00 0.0000E+00 0.2333E+01 0.0000E+00 0.0000E+00 0.1000E+01 0.7667E+01 0.3333E+00 0.0000E+00 0.0000E+00 0.0000E+00 0.8333E+01 0.2267E+02 0.8000E+01 0.0000E+00 0.0000E+00
 21.6000 0.3000E+02 0.1800E+02 0.3333E+00 0.0000E+00 0.2333E+01 0.0000E+00 0.0000E+00 0.0000E+00 0.8667E+01 0.3333E+00 0.3333E+00 0.0000E+00 0.0000E+00 0.1000E+02 0.2067E+02 0.9000E+01 0.3333E+00 0.0000E+00
 21.9000 0.2367E+02 0.1600E+02 0.6667E+00 0.0000E+00 0.3333E+00 0.0000E+00 0.0000E+00 0.3333E+00 0.6333E+01 0.0000E+00 0.0000E+00 0.0000E+00 0.0000E+00 0.9667E+01 0.1700E+02 0.6667E+01 0.0000E+00 0.0000E+00
 22.2000 0.2767E+02 0.1600E+02 0.3333E+00 0.0000E+00 0.1333E+01 0.0000E+00 0.0000E+00 0.0000E+00 0.9667E+01 0.3333E+00 0.0000E+00 0.0000E+00 0.0000E+00 0.1067E+02 0.1767E+02 0.1000E+02 0.0000E+00 0.0000E+00
 22.5000 0.2433E+02 0.1467E+02 0.3333E+00 0.0000E+00 0.1667E+01 0.0000E+00 0.0000E+00 0.3333E+00 0.7333E+01 0.0000E+00 0.0000E+00 0.0000E+00 0.0000E+00 0.1033E+02 0.1700E+02 0.7333E+01 0.0000E+00 0.0000E+00
 22.8000 0.2200E+02 0.1300E+02 0.6667E+00 0.0000E+00 0.1333E+01 0.0000E+00 0.0000E+00 0.0000E+00 0.6333E+01 0.6667E+00 0.0000E+00 0.0000E+00 0.0000E+00 0.8667E+01 0.1500E+02 0.7000E+01 0.0000E+00 0.0000E+00
 23.1000 0.2300E+02 0.1333E+02 0.3333E+00 0.0000E+00 0.6667E+00 0.0000E+00 0.0000E+00 0.0000E+00 0.8667E+01 0.0000E+00 0.0000E+00 0.0000E+00 0.0000E+00 0.7667E+01 0.1400E+02 0.9000E+01 0.0000E+00 0.0000E+00
 23.4000 0.1800E+02 0.9000E+01 0.0000E+00 0.0000E+00 0.1667E+01 0.0000E+00 0.0000E+00 0.0000E+00 0.7000E+01 0.3333E+00 0.0000E+00 0.0000E+00 0.0000E+00 0.8000E+01 0.1067E+02 0.7333E+01 0.0000E+00 0.0000E+00
 23.7000 0.1967E+02 0.1067E+02 0.0000E+00 0.0000E+00 0.6667E+00 0.0000E+00 0.0000E+00 0.0000E+00 0.7667E+01 0.6667E+00 0.0000E+00 0.0000E+00 0.0000E+00 0.6667E+01 0.1133E+02 0.8333E+01 0.0000E+00 0.0000E+00
 24.0000 0.1233E+02 0.6333E+01 0.0000E+00 0.0000E+00 0.0000E+00 0.0000E+00 0.0000E+00 0.3333E+00 0.5667E+01 0.0000E+00 0.0000E+00 0.0000E+00 0.0000E+00 0.8333E+01 0.6667E+01 0.5667E+01 0.0000E+00 0.0000E+00
 24.3000 0.1700E+02 0.1067E+02 0.0000E+00 0.0000E+00 0.6667E+00 0.0000E+00 0.0000E+00 0.0000E+00 0.5667E+01 0.0000E+00 0.0000E+00 0.0000E+00 0.0000E+00 0.9000E+01 0.1100E+02 0.6000E+01 0.0000E+00 0.0000E+00
 24.6000 0.1767E+02 0.7000E+01 0.3333E+00 0.0000E+00 0.2000E+01 0.0000E+00 0.0000E+00 0.0000E+00 0.8333E+01 0.0000E+00 0.0000E+00 0.0000E+00 0.0000E+00 0.5333E+01 0.9333E+01 0.8333E+01 0.0000E+00 0.0000E+00
 24.9000 0.1267E+02 0.7667E+01 0.0000E+00 0.0000E+00 0.6667E+00 0.0000E+00 0.0000E+00 0.3333E+00 0.4000E+01 0.0000E+00 0.0000E+00 0.0000E+00 0.0000E+00 0.8000E+01 0.8667E+01 0.4000E+01 0.0000E+00 0.0000E+00
 25.2000 0.1333E+02 0.9333E+01 0.3333E+00 0.0000E+00 0.3333E+00 0.0000E+00 0.0000E+00 0.0000E+00 0.3000E+01 0.0000E+00 0.0000E+00 0.3333E+00 0.0000E+00 0.5000E+01 0.9667E+01 0.3333E+01 0.3333E+00 0.0000E+00
 25.5000 0.1067E+02 0.4667E+01 0.0000E+00 0.0000E+00 0.1667E+01 0.0000E+00 0.0000E+00 0.0000E+00 0.3667E+01 0.6667E+00 0.0000E+00 0.0000E+00 0.0000E+00 0.7667E+01 0.6333E+01 0.4333E+01 0.0000E+00 0.0000E+00
 25.8000 0.5667E+01 0.3333E+01 0.0000E+00 0.0000E+00 0.6667E+00 0.0000E+00 0.0000E+00 0.0000E+00 0.1667E+01 0.0000E+00 0.0000E+00 0.0000E+00 0.0000E+00 0.3667E+01 0.4000E+01 0.1667E+01 0.0000E+00 0.0000E+00
 26.1000 0.1000E+02 0.6000E+01 0.0000E+00 0.0000E+00 0.6667E+00 0.0000E+00 0.0000E+00 0.0000E+00 0.3333E+01 0.0000E+00 0.0000E+00 0.0000E+00 0.0000E+00 0.7000E+01 0.6667E+01 0.3333E+01 0.0000E+00 0.0000E+00
 26.4000 0.1167E+02 0.8000E+01 0.0000E+00 0.0000E+00 0.0000E+00 0.0000E+00 0.0000E+00 0.0000E+00 0.3667E+01 0.0000E+00 0.0000E+00 0.0000E+00 0.0000E+00 0.4667E+01 0.7667E+01 0.4000E+01 0.0000E+00 0.0000E+00
 26.7000 0.9667E+01 0.5333E+01 0.0000E+00 0.0000E+00 0.6667E+00 0.0000E+00 0.0000E+00 0.0000E+00 0.3667E+01 0.0000E+00 0.0000E+00 0.0000E+00 0.0000E+00 0.4333E+01 0.6000E+01 0.3667E+01 0.0000E+00 0.0000E+00
 27.0000 0.8333E+01 0.5333E+01 0.0000E+00 0.0000E+00 0.0000E+00 0.0000E+00 0.0000E+00 0.0000E+00 0.3000E+01 0.0000E+00 0.0000E+00 0.0000E+00 0.0000E+00 0.4000E+01 0.5333E+01 0.3000E+01 0.0000E+00 0.0000E+00
 27.3000 0.1067E+02 0.5667E+01 0.3333E+00 0.0000E+00 0.6667E+00 0.0000E+00 0.0000E+00 0.0000E+00 0.4000E+01 0.0000E+00 0.0000E+00 0.0000E+00 0.0000E+00 0.3000E+01 0.6667E+01 0.4000E+01 0.0000E+00 0.0000E+00
 27.6000 0.5667E+01 0.3000E+01 0.0000E+00 0.0000E+00 0.3333E+00 0.0000E+00 0.0000E+00 0.0000E+00 0.1667E+01 0.6667E+00 0.0000E+00 0.0000E+00 0.0000E+00 0.5333E+01 0.3000E+01 0.2667E+01 0.0000E+00 0.0000E+00
 27.9000 0.7333E+01 0.5000E+01 0.0000E+00 0.0000E+00 0.0000E+00 0.0000E+00 0.0000E+00 0.0000E+00 0.2333E+01 0.0000E+00 0.0000E+00 0.0000E+00 0.0000E+00 0.4667E+01 0.4667E+01 0.2667E+01 0.0000E+00 0.0000E+00
 28.2000 0.5000E+01 0.2000E+01 0.0000E+00 0.0000E+00 0.6667E+00 0.0000E+00 0.0000E+00 0.0000E+00 0.2000E+01 0.0000E+00 0.0000E+00 0.3333E+00 0.0000E+00 0.2667E+01 0.2667E+01 0.2000E+01 0.3333E+00 0.0000E+00
 28.5000 0.7333E+01 0.4000E+01 0.0000E+00 0.0000E+00 0.3333E+00 0.0000E+00 0.0000E+00 0.0000E+00 0.3000E+01 0.0000E+00 0.0000E+00 0.0000E+00 0.0000E+00 0.2333E+01 0.4333E+01 0.3000E+01 0.0000E+00 0.0000E+00
 28.8000 0.7667E+01 0.3667E+01 0.0000E+00 0.0000E+00 0.3333E+00 0.0000E+00 0.0000E+00 0.0000E+00 0.3667E+01 0.0000E+00 0.0000E+00 0.0000E+00 0.0000E+00 0.3000E+01 0.4000E+01 0.3667E+01 0.0000E+00 0.0000E+00
 29.1000 0.4333E+01 0.2333E+01 0.0000E+00 0.0000E+00 0.0000E+00 0.0000E+00 0.0000E+00 0.0000E+00 0.1667E+01 0.0000E+00 0.3333E+00 0.0000E+00 0.0000E+00 0.2000E+01 0.2333E+01 0.1667E+01 0.3333E+00 0.0000E+00
 29.4000 0.7333E+01 0.4000E+01 0.0000E+00 0.0000E+00 0.0000E+00 0.0000E+00 0.0000E+00 0.0000E+00 0.3333E+01 0.0000E+00 0.0000E+00 0.0000E+00 0.0000E+00 0.4000E+01 0.3667E+01 0.3667E+01 0.0000E+00 0.0000E+00
 29.7000 0.5000E+01 0.3000E+01 0.0000E+00 0.0000E+00 0.0000E+00 0.0000E+00 0.0000E+00 0.0000E+00 0.2000E+01 0.0000E+00 0.0000E+00 0.0000E+00 0.0000E+00 0.2667E+01 0.3000E+01 0.2000E+01 0.0000E+00 0.0000E+00
 30.0000 0.4667E+01 0.3000E+01 0.0000E+00 0.0000E+00 0.0000E+00 0.0000E+00 0.0000E+00 0.0000E+00 0.1667E+01 0.0000E+00 0.0000E+00 0.0000E+00 0.0000E+00 0.3000E+01 0.3000E+01 0.1667E+01 0.0000E+00 0.0000E+00
 30.3000 0.3667E+01 0.2333E+01 0.0000E+00 0.0000E+00 0.0000E+00 0.0000E+00 0.0000E+00 0.0000E+00 0.1333E+01 0.0000E+00 0.0000E+00 0.0000E+00 0.0000E+00 0.3000E+01 0.2333E+01 0.1333E+01 0.0000E+00 0.0000E+00
 30.6000 0.1667E+01 0.1000E+01 0.0000E+00 0.0000E+00 0.0000E+00 0.0000E+00 0.0000E+00 0.0000E+00 0.6667E+00 0.0000E+00 0.0000E+00 0.0000E+00 0.0000E+00 0.3000E+01 0.1000E+01 0.6667E+00 0.0000E+00 0.0000E+00
 30.9000 0.2667E+01 0.1333E+01 0.0000E+00 0.0000E+00 0.0000E+00 0.0000E+00 0.0000E+00 0.0000E+00 0.6667E+00 0.3333E+00 0.3333E+00 0.0000E+00 0.0000E+00 0.4000E+01 0.1333E+01 0.1000E+01 0.3333E+00 0.0000E+00
 31.2000 0.3667E+01 0.2000E+01 0.0000E+00 0.0000E+00 0.3333E+00 0.0000E+00 0.0000E+00 0.0000E+00 0.1333E+01 0.0000E+00 0.0000E+00 0.0000E+00 0.0000E+00 0.2333E+01 0.2333E+01 0.1333E+01 0.0000E+00 0.0000E+00
 31.5000 0.2667E+01 0.1333E+01 0.0000E+00 0.0000E+00 0.0000E+00 0.0000E+00 0.0000E+00 0.0000E+00 0.1333E+01 0.0000E+00 0.0000E+00 0.0000E+00 0.0000E+00 0.1667E+01 0.1333E+01 0.1333E+01 0.0000E+00 0.0000E+00
 31.8000 0.2333E+01 0.1333E+01 0.0000E+00 0.0000E+00 0.0000E+00 0.0000E+00 0.0000E+00 0.0000E+00 0.1000E+01 0.0000E+00 0.0000E+00 0.0000E+00 0.0000E+00 0.1667E+01 0.1333E+01 0.1000E+01 0.0000E+00 0.0000E+00
 32.1000 0.2667E+01 0.3333E+00 0.0000E+00 0.0000E+00 0.3333E+00 0.0000E+00 0.0000E+00 0.0000E+00 0.1667E+01 0.0000E+00 0.3333E+00 0.0000E+00 0.0000E+00 0.2000E+01 0.6667E+00 0.1667E+01 0.3333E+00 0.0000E+00
 32.4000 0.4333E+01 0.2667E+01 0.0000E+00 0.0000E+00 0.3333E+00 0.0000E+00 0.0000E+00 0.0000E+00 0.1333E+01 0.0000E+00 0.0000E+00 0.0000E+00 0.0000E+00 0.2333E+01 0.3000E+01 0.1333E+01 0.0000E+00 0.0000E+00
 32.7000 0.1667E+01 0.1667E+01 0.0000E+00 0.0000E+00 0.0000E+00 0.0000E+00 0.0000E+00 0.0000E+00 0.0000E+00 0.0000E+00 0.0000E+00 0.0000E+00 0.0000E+00 0.3000E+01 0.1667E+01 0.0000E+00 0.0000E+00 0.0000E+00
 33.0000 0.1000E+01 0.0000E+00 0.0000E+00 0.0000E+00 0.3333E+00 0.0000E+00 0.0000E+00 0.0000E+00 0.6667E+00 0.0000E+00 0.0000E+00 0.0000E+00 0.0000E+00 0.2000E+01 0.3333E+00 0.6667E+00 0.0000E+00 0.0000E+00
 33.3000 0.2333E+01 0.6667E+00 0.0000E+00 0.0000E+00 0.3333E+00 0.0000E+00 0.0000E+00 0.0000E+00 0.1333E+01 0.0000E+00 0.0000E+00 0.0000E+00 0.0000E+00 0.2333E+01 0.1000E+01 0.1333E+01 0.0000E+00 0.0000E+00
 33.6000 0.6667E+00 0.0000E+00 0.0000E+00 0.0000E+00 0.0000E+00 0.0000E+00 0.0000E+00 0.0000E+00 0.6667E+00 0.0000E+00 0.0000E+00 0.0000E+00 0.0000E+00 0.1667E+01 0.0000E+00 0.6667E+00 0.0000E+00 0.0000E+00
 33.9000 0.1000E+01 0.6667E+00 0.0000E+00 0.0000E+00 0.0000E+00 0.0000E+00 0.0000E+00 0.0000E+00 0.3333E+00 0.0000E+00 0.0000E+00 0.0000E+00 0.0000E+00 0.1667E+01 0.6667E+00 0.3333E+00 0.0000E+00 0.0000E+00
 34.2000 0.1333E+01 0.6667E+00 0.0000E+00 0.0000E+00 0.0000E+00 0.0000E+00 0.0000E+00 0.0000E+00 0.6667E+00 0.0000E+00 0.0000E+00 0.0000E+00 0.0000E+00 0.6667E+00 0.6667E+00 0.6667E+00 0.0000E+00 0.0000E+00
 34.5000 0.1667E+01 0.6667E+00 0.0000E+00 0.0000E+00 0.0000E+00 0.0000E+00 0.0000E+00 0.0000E+00 0.1000E+01 0.0000E+00 0.0000E+00 0.0000E+00 0.0000E+00 0.6667E+00 0.6667E+00 0.1000E+01 0.0000E+00 0.0000E+00
 34.8000 0.6667E+00 0.6667E+00 0.0000E+00 0.0000E+00 0.0000E+00 0.0000E+00 0.0000E+00 0.0000E+00 0.0000E+00 0.0000E+00 0.0000E+00 0.0000E+00 0.0000E+00 0.1667E+01 0.6667E+00 0.0000E+00 0.0000E+00 0.0000E+00
 35.1000 0.1333E+01 0.6667E+00 0.0000E+00 0.0000E+00 0.0000E+00 0.0000E+00 0.0000E+00 0.0000E+00 0.6667E+00 0.0000E+00 0.0000E+00 0.0000E+00 0.0000E+00 0.1000E+01 0.6667E+00 0.6667E+00 0.0000E+00 0.0000E+00
 35.4000 0.6667E+00 0.3333E+00 0.0000E+00 0.0000E+00 0.0000E+00 0.0000E+00 0.0000E+00 0.0000E+00 0.3333E+00 0.0000E+00 0.0000E+00 0.0000E+00 0.0000E+00 0.3333E+00 0.3333E+00 0.3333E+00 0.0000E+00 0.0000E+00
 35.7000 0.1333E+01 0.1000E+01 0.0000E+00 0.0000E+00 0.0000E+00 0.0000E+00 0.0000E+00 0.0000E+00 0.3333E+00 0.0000E+00 0.0000E+00 0.0000E+00 0.0000E+00 0.3333E+00 0.1000E+01 0.3333E+00 0.0000E+00 0.0000E+00
 36.0000 0.1000E+01 0.1000E+01 0.0000E+00 0.0000E+00 0.0000E+00 0.0000E+00 0.0000E+00 0.0000E+00 0.0000E+00 0.0000E+00 0.0000E+00 0.0000E+00 0.0000E+00 0.2000E+01 0.1000E+01 0.0000E+00 0.0000E+00 0.0000E+00
 36.3000 0.3333E+00 0.0000E+00 0.0000E+00 0.0000E+00 0.0000E+00 0.0000E+00 0.0000E+00 0.0000E+00 0.3333E+00 0.0000E+00 0.0000E+00 0.0000E+00 0.0000E+00 0.1000E+01 0.0000E+00 0.3333E+00 0.0000E+00 0.0000E+00
 36.6000 0.3333E+00 0.0000E+00 0.0000E+00 0.0000E+00 0.0000E+00 0.0000E+00 0.0000E+00 0.0000E+00 0.3333E+00 0.0000E+00 0.0000E+00 0.0000E+00 0.0000E+00 0.1000E+01 0.0000E+00 0.3333E+00 0.0000E+00 0.0000E+00
 36.9000 0.0000E+00 0.0000E+00 0.0000E+00 0.0000E+00 0.0000E+00 0.0000E+00 0.0000E+00 0.0000E+00 0.0000E+00 0.0000E+00 0.0000E+00 0.0000E+00 0.0000E+00 0.3333E+00 0.0000E+00 0.0000E+00 0.0000E+00 0.0000E+00
 37.2000 0.0000E+00 0.0000E+00 0.0000E+00 0.0000E+00 0.0000E+00 0.0000E+00 0.0000E+00 0.0000E+00 0.0000E+00 0.0000E+00 0.0000E+00 0.0000E+00 0.0000E+00 0.0000E+00 0.0000E+00 0.0000E+00 0.0000E+00 0.0000E+00
 37.5000 0.6667E+00 0.0000E+00 0.0000E+00 0.0000E+00 0.0000E+00 0.0000E+00 0.0000E+00 0.0000E+00 0.6667E+00 0.0000E+00 0.0000E+00 0.0000E+00 0.0000E+00 0.3333E+00 0.0000E+00 0.6667E+00 0.0000E+00 0.0000E+00
 37.8000 0.1000E+01 0.0000E+00 0.0000E+00 0.0000E+00 0.0000E+00 0.0000E+00 0.0000E+00 0.0000E+00 0.1000E+01 0.0000E+00 0.0000E+00 0.0000E+00 0.0000E+00 0.1333E+01 0.0000E+00 0.1000E+01 0.0000E+00 0.0000E+00
 38.1000 0.0000E+00 0.0000E+00 0.0000E+00 0.0000E+00 0.0000E+00 0.0000E+00 0.0000E+00 0.0000E+00 0.0000E+00 0.0000E+00 0.0000E+00 0.0000E+00 0.0000E+00 0.3333E+00 0.0000E+00 0.0000E+00 0.0000E+00 0.0000E+00
 38.4000 0.0000E+00 0.0000E+00 0.0000E+00 0.0000E+00 0.0000E+00 0.0000E+00 0.0000E+00 0.0000E+00 0.0000E+00 0.0000E+00 0.0000E+00 0.0000E+00 0.0000E+00 0.0000E+00 0.0000E+00 0.0000E+00 0.0000E+00 0.0000E+00
 38.7000 0.0000E+00 0.0000E+00 0.0000E+00 0.0000E+00 0.0000E+00 0.0000E+00 0.0000E+00 0.0000E+00 0.0000E+00 0.0000E+00 0.0000E+00 0.0000E+00 0.0000E+00 0.6667E+00 0.0000E+00 0.0000E+00 0.0000E+00 0.0000E+00
 39.0000 0.0000E+00 0.0000E+00 0.0000E+00 0.0000E+00 0.0000E+00 0.0000E+00 0.0000E+00 0.0000E+00 0.0000E+00 0.0000E+00 0.0000E+00 0.0000E+00 0.0000E+00 0.3333E+00 0.0000E+00 0.0000E+00 0.0000E+00 0.0000E+00
 39.3000 0.0000E+00 0.0000E+00 0.0000E+00 0.0000E+00 0.0000E+00 0.0000E+00 0.0000E+00 0.0000E+00 0.0000E+00 0.0000E+00 0.0000E+00 0.0000E+00 0.0000E+00 0.6667E+00 0.0000E+00 0.0000E+00 0.0000E+00 0.0000E+00
 39.6000 0.3333E+00 0.3333E+00 0.0000E+00 0.0000E+00 0.0000E+00 0.0000E+00 0.0000E+00 0.0000E+00 0.0000E+00 0.0000E+00 0.0000E+00 0.0000E+00 0.0000E+00 0.6667E+00 0.3333E+00 0.0000E+00 0.0000E+00 0.0000E+00
 39.9000 0.1000E+01 0.0000E+00 0.0000E+00 0.0000E+00 0.0000E+00 0.0000E+00 0.0000E+00 0.0000E+00 0.1000E+01 0.0000E+00 0.0000E+00 0.0000E+00 0.0000E+00 0.3333E+00 0.0000E+00 0.1000E+01 0.0000E+00 0.0000E+00
 40.2000 0.6667E+00 0.6667E+00 0.0000E+00 0.0000E+00 0.0000E+00 0.0000E+00 0.0000E+00 0.0000E+00 0.0000E+00 0.0000E+00 0.0000E+00 0.0000E+00 0.0000E+00 0.6667E+00 0.6667E+00 0.0000E+00 0.0000E+00 0.0000E+00
 40.5000 0.3333E+00 0.0000E+00 0.0000E+00 0.0000E+00 0.0000E+00 0.0000E+00 0.0000E+00 0.0000E+00 0.3333E+00 0.0000E+00 0.0000E+00 0.0000E+00 0.0000E+00 0.0000E+00 0.0000E+00 0.3333E+00 0.0000E+00 0.0000E+00
 40.8000 0.0000E+00 0.0000E+00 0.0000E+00 0.0000E+00 0.0000E+00 0.0000E+00 0.0000E+00 0.0000E+00 0.0000E+00 0.0000E+00 0.0000E+00 0.0000E+00 0.0000E+00 0.3333E+00 0.0000E+00 0.0000E+00 0.0000E+00 0.0000E+00
 41.1000 0.0000E+00 0.0000E+00 0.0000E+00 0.0000E+00 0.0000E+00 0.0000E+00 0.0000E+00 0.0000E+00 0.0000E+00 0.0000E+00 0.0000E+00 0.0000E+00 0.0000E+00 0.3333E+00 0.0000E+00 0.0000E+00 0.0000E+00 0.0000E+00
 41.4000 0.0000E+00 0.0000E+00 0.0000E+00 0.0000E+00 0.0000E+00 0.0000E+00 0.0000E+00 0.0000E+00 0.0000E+00 0.0000E+00 0.0000E+00 0.0000E+00 0.0000E+00 0.6667E+00 0.0000E+00 0.0000E+00 0.0000E+00 0.0000E+00
 41.7000 0.0000E+00 0.0000E+00 0.0000E+00 0.0000E+00 0.0000E+00 0.0000E+00 0.0000E+00 0.0000E+00 0.0000E+00 0.0000E+00 0.0000E+00 0.0000E+00 0.0000E+00 0.3333E+00 0.0000E+00 0.0000E+00 0.0000E+00 0.0000E+00
 42.0000 0.3333E+00 0.3333E+00 0.0000E+00 0.0000E+00 0.0000E+00 0.0000E+00 0.0000E+00 0.0000E+00 0.0000E+00 0.0000E+00 0.0000E+00 0.0000E+00 0.0000E+00 0.3333E+00 0.3333E+00 0.0000E+00 0.0000E+00 0.0000E+00
 42.3000 0.0000E+00 0.0000E+00 0.0000E+00 0.0000E+00 0.0000E+00 0.0000E+00 0.0000E+00 0.0000E+00 0.0000E+00 0.0000E+00 0.0000E+00 0.0000E+00 0.0000E+00 0.6667E+00 0.0000E+00 0.0000E+00 0.0000E+00 0.0000E+00
 42.6000 0.0000E+00 0.0000E+00 0.0000E+00 0.0000E+00 0.0000E+00 0.0000E+00 0.0000E+00 0.0000E+00 0.0000E+00 0.0000E+00 0.0000E+00 0.0000E+00 0.0000E+00 0.0000E+00 0.0000E+00 0.0000E+00 0.0000E+00 0.0000E+00
 42.9000 0.3333E+00 0.0000E+00 0.0000E+00 0.0000E+00 0.0000E+00 0.0000E+00 0.0000E+00 0.0000E+00 0.3333E+00 0.0000E+00 0.0000E+00 0.0000E+00 0.0000E+00 0.0000E+00 0.0000E+00 0.3333E+00 0.0000E+00 0.0000E+00
 43.2000 0.0000E+00 0.0000E+00 0.0000E+00 0.0000E+00 0.0000E+00 0.0000E+00 0.0000E+00 0.0000E+00 0.0000E+00 0.0000E+00 0.0000E+00 0.0000E+00 0.0000E+00 0.0000E+00 0.0000E+00 0.0000E+00 0.0000E+00 0.0000E+00
 43.5000 0.3333E+00 0.0000E+00 0.0000E+00 0.0000E+00 0.0000E+00 0.0000E+00 0.0000E+00 0.0000E+00 0.3333E+00 0.0000E+00 0.0000E+00 0.0000E+00 0.0000E+00 0.0000E+00 0.0000E+00 0.3333E+00 0.0000E+00 0.0000E+00
 43.8000 0.3333E+00 0.0000E+00 0.0000E+00 0.0000E+00 0.0000E+00 0.0000E+00 0.0000E+00 0.0000E+00 0.3333E+00 0.0000E+00 0.0000E+00 0.0000E+00 0.0000E+00 0.0000E+00 0.0000E+00 0.3333E+00 0.0000E+00 0.0000E+00
 44.1000 0.0000E+00 0.0000E+00 0.0000E+00 0.0000E+00 0.0000E+00 0.0000E+00 0.0000E+00 0.0000E+00 0.0000E+00 0.0000E+00 0.0000E+00 0.0000E+00 0.0000E+00 0.3333E+00 0.0000E+00 0.0000E+00 0.0000E+00 0.0000E+00
 44.4000 0.0000E+00 0.0000E+00 0.0000E+00 0.0000E+00 0.0000E+00 0.0000E+00 0.0000E+00 0.0000E+00 0.0000E+00 0.0000E+00 0.0000E+00 0.0000E+00 0.0000E+00 0.6667E+00 0.0000E+00 0.0000E+00 0.0000E+00 0.0000E+00
 44.7000 0.0000E+00 0.0000E+00 0.0000E+00 0.0000E+00 0.0000E+00 0.0000E+00 0.0000E+00 0.0000E+00 0.0000E+00 0.0000E+00 0.0000E+00 0.0000E+00 0.0000E+00 0.3333E+00 0.0000E+00 0.0000E+00 0.0000E+00 0.0000E+00
 45.0000 0.3333E+00 0.3333E+00 0.0000E+00 0.0000E+00 0.0000E+00 0.0000E+00 0.0000E+00 0.0000E+00 0.0000E+00 0.0000E+00 0.0000E+00 0.0000E+00 0.0000E+00 0.0000E+00 0.3333E+00 0.0000E+00 0.0000E+00 0.0000E+00
 45.3000 0.0000E+00 0.0000E+00 0.0000E+00 0.0000E+00 0.0000E+00 0.0000E+00 0.0000E+00 0.0000E+00 0.0000E+00 0.0000E+00 0.0000E+00 0.0000E+00 0.0000E+00 0.0000E+00 0.0000E+00 0.0000E+00 0.0000E+00 0.0000E+00
 45.6000 0.0000E+00 0.0000E+00 0.0000E+00 0.0000E+00 0.0000E+00 0.0000E+00 0.0000E+00 0.0000E+00 0.0000E+00 0.0000E+00 0.0000E+00 0.0000E+00 0.0000E+00 0.6667E+00 0.0000E+00 0.0000E+00 0.0000E+00 0.0000E+00
 45.9000 0.0000E+00 0.0000E+00 0.0000E+00 0.0000E+00 0.0000E+00 0.0000E+00 0.0000E+00 0.0000E+00 0.0000E+00 0.0000E+00 0.0000E+00 0.0000E+00 0.0000E+00 0.0000E+00 0.0000E+00 0.0000E+00 0.0000E+00 0.0000E+00
 46.2000 0.0000E+00 0.0000E+00 0.0000E+00 0.0000E+00 0.0000E+00 0.0000E+00 0.0000E+00 0.0000E+00 0.0000E+00 0.0000E+00 0.0000E+00 0.0000E+00 0.0000E+00 0.0000E+00 0.0000E+00 0.0000E+00 0.0000E+00 0.0000E+00
 46.5000 0.0000E+00 0.0000E+00 0.0000E+00 0.0000E+00 0.0000E+00 0.0000E+00 0.0000E+00 0.0000E+00 0.0000E+00 0.0000E+00 0.0000E+00 0.0000E+00 0.0000E+00 0.6667E+00 0.0000E+00 0.0000E+00 0.0000E+00 0.0000E+00
 46.8000 0.3333E+00 0.0000E+00 0.0000E+00 0.0000E+00 0.0000E+00 0.0000E+00 0.0000E+00 0.0000E+00 0.3333E+00 0.0000E+00 0.0000E+00 0.0000E+00 0.0000E+00 0.0000E+00 0.0000E+00 0.3333E+00 0.0000E+00 0.0000E+00
 47.1000 0.0000E+00 0.0000E+00 0.0000E+00 0.0000E+00 0.0000E+00 0.0000E+00 0.0000E+00 0.0000E+00 0.0000E+00 0.0000E+00 0.0000E+00 0.0000E+00 0.0000E+00 0.3333E+00 0.0000E+00 0.0000E+00 0.0000E+00 0.0000E+00
 47.4000 0.0000E+00 0.0000E+00 0.0000E+00 0.0000E+00 0.0000E+00 0.0000E+00 0.0000E+00 0.0000E+00 0.0000E+00 0.0000E+00 0.0000E+00 0.0000E+00 0.0000E+00 0.0000E+00 0.0000E+00 0.0000E+00 0.0000E+00 0.0000E+00
 47.7000 0.0000E+00 0.0000E+00 0.0000E+00 0.0000E+00 0.0000E+00 0.0000E+00 0.0000E+00 0.0000E+00 0.0000E+00 0.0000E+00 0.0000E+00 0.0000E+00 0.0000E+00 0.0000E+00 0.0000E+00 0.0000E+00 0.0000E+00 0.0000E+00
 48.0000 0.0000E+00 0.0000E+00 0.0000E+00 0.0000E+00 0.0000E+00 0.0000E+00 0.0000E+00 0.0000E+00 0.0000E+00 0.0000E+00 0.0000E+00 0.0000E+00 0.0000E+00 0.0000E+00 0.0000E+00 0.0000E+00 0.0000E+00 0.0000E+00
 48.3000 0.0000E+00 0.0000E+00 0.0000E+00 0.0000E+00 0.0000E+00 0.0000E+00 0.0000E+00 0.0000E+00 0.0000E+00 0.0000E+00 0.0000E+00 0.0000E+00 0.0000E+00 0.0000E+00 0.0000E+00 0.0000E+00 0.0000E+00 0.0000E+00
 48.6000 0.3333E+00 0.0000E+00 0.0000E+00 0.0000E+00 0.0000E+00 0.0000E+00 0.0000E+00 0.0000E+00 0.3333E+00 0.0000E+00 0.0000E+00 0.0000E+00 0.0000E+00 0.0000E+00 0.0000E+00 0.3333E+00 0.0000E+00 0.0000E+00
 48.9000 0.0000E+00 0.0000E+00 0.0000E+00 0.0000E+00 0.0000E+00 0.0000E+00 0.0000E+00 0.0000E+00 0.0000E+00 0.0000E+00 0.0000E+00 0.0000E+00 0.0000E+00 0.0000E+00 0.0000E+00 0.0000E+00 0.0000E+00 0.0000E+00
 49.2000 0.0000E+00 0.0000E+00 0.0000E+00 0.0000E+00 0.0000E+00 0.0000E+00 0.0000E+00 0.0000E+00 0.0000E+00 0.0000E+00 0.0000E+00 0.0000E+00 0.0000E+00 0.0000E+00 0.0000E+00 0.0000E+00 0.0000E+00 0.0000E+00
 49.5000 0.0000E+00 0.0000E+00 0.0000E+00 0.0000E+00 0.0000E+00 0.0000E+00 0.0000E+00 0.0000E+00 0.0000E+00 0.0000E+00 0.0000E+00 0.0000E+00 0.0000E+00 0.0000E+00 0.0000E+00 0.0000E+00 0.0000E+00 0.0000E+00
 49.8000 0.0000E+00 0.0000E+00 0.0000E+00 0.0000E+00 0.0000E+00 0.0000E+00 0.0000E+00 0.0000E+00 0.0000E+00 0.0000E+00 0.0000E+00 0.0000E+00 0.0000E+00 0.0000E+00 0.0000E+00 0.0000E+00 0.0000E+00 0.0000E+00
 50.1000 0.0000E+00 0.0000E+00 0.0000E+00 0.0000E+00 0.0000E+00 0.0000E+00 0.0000E+00 0.0000E+00 0.0000E+00 0.0000E+00 0.0000E+00 0.0000E+00 0.0000E+00 0.0000E+00 0.0000E+00 0.0000E+00 0.0000E+00 0.0000E+00
 50.4000 0.3333E+00 0.0000E+00 0.0000E+00 0.0000E+00 0.0000E+00 0.0000E+00 0.0000E+00 0.0000E+00 0.3333E+00 0.0000E+00 0.0000E+00 0.0000E+00 0.0000E+00 0.0000E+00 0.0000E+00 0.3333E+00 0.0000E+00 0.0000E+00
 50.7000 0.0000E+00 0.0000E+00 0.0000E+00 0.0000E+00 0.0000E+00 0.0000E+00 0.0000E+00 0.0000E+00 0.0000E+00 0.0000E+00 0.0000E+00 0.0000E+00 0.0000E+00 0.3333E+00 0.0000E+00 0.0000E+00 0.0000E+00 0.0000E+00
 51.0000 0.0000E+00 0.0000E+00 0.0000E+00 0.0000E+00 0.0000E+00 0.0000E+00 0.0000E+00 0.0000E+00 0.0000E+00 0.0000E+00 0.0000E+00 0.0000E+00 0.0000E+00 0.0000E+00 0.0000E+00 0.0000E+00 0.0000E+00 0.0000E+00
 51.3000 0.0000E+00 0.0000E+00 0.0000E+00 0.0000E+00 0.0000E+00 0.0000E+00 0.0000E+00 0.0000E+00 0.0000E+00 0.0000E+00 0.0000E+00 0.0000E+00 0.0000E+00 0.0000E+00 0.0000E+00 0.0000E+00 0.0000E+00 0.0000E+00
 51.6000 0.0000E+00 0.0000E+00 0.0000E+00 0.0000E+00 0.0000E+00 0.0000E+00 0.0000E+00 0.0000E+00 0.0000E+00 0.0000E+00 0.0000E+00 0.0000E+00 0.0000E+00 0.0000E+00 0.0000E+00 0.0000E+00 0.0000E+00 0.0000E+00
 51.9000 0.0000E+00 0.0000E+00 0.0000E+00 0.0000E+00 0.0000E+00 0.0000E+00 0.0000E+00 0.0000E+00 0.0000E+00 0.0000E+00 0.0000E+00 0.0000E+00 0.0000E+00 0.0000E+00 0.0000E+00 0.0000E+00 0.0000E+00 0.0000E+00
 52.2000 0.0000E+00 0.0000E+00 0.0000E+00 0.0000E+00 0.0000E+00 0.0000E+00 0.0000E+00 0.0000E+00 0.0000E+00 0.0000E+00 0.0000E+00 0.0000E+00 0.0000E+00 0.0000E+00 0.0000E+00 0.0000E+00 0.0000E+00 0.0000E+00
 52.5000 0.0000E+00 0.0000E+00 0.0000E+00 0.0000E+00 0.0000E+00 0.0000E+00 0.0000E+00 0.0000E+00 0.0000E+00 0.0000E+00 0.0000E+00 0.0000E+00 0.0000E+00 0.0000E+00 0.0000E+00 0.0000E+00 0.0000E+00 0.0000E+00
 52.8000 0.0000E+00 0.0000E+00 0.0000E+00 0.0000E+00 0.0000E+00 0.0000E+00 0.0000E+00 0.0000E+00 0.0000E+00 0.0000E+00 0.0000E+00 0.0000E+00 0.0000E+00 0.0000E+00 0.0000E+00 0.0000E+00 0.0000E+00 0.0000E+00
 53.1000 0.0000E+00 0.0000E+00 0.0000E+00 0.0000E+00 0.0000E+00 0.0000E+00 0.0000E+00 0.0000E+00 0.0000E+00 0.0000E+00 0.0000E+00 0.0000E+00 0.0000E+00 0.3333E+00 0.0000E+00 0.0000E+00 0.0000E+00 0.0000E+00
 53.4000 0.0000E+00 0.0000E+00 0.0000E+00 0.0000E+00 0.0000E+00 0.0000E+00 0.0000E+00 0.0000E+00 0.0000E+00 0.0000E+00 0.0000E+00 0.0000E+00 0.0000E+00 0.0000E+00 0.0000E+00 0.0000E+00 0.0000E+00 0.0000E+00
 53.7000 0.0000E+00 0.0000E+00 0.0000E+00 0.0000E+00 0.0000E+00 0.0000E+00 0.0000E+00 0.0000E+00 0.0000E+00 0.0000E+00 0.0000E+00 0.0000E+00 0.0000E+00 0.0000E+00 0.0000E+00 0.0000E+00 0.0000E+00 0.0000E+00
 54.0000 0.0000E+00 0.0000E+00 0.0000E+00 0.0000E+00 0.0000E+00 0.0000E+00 0.0000E+00 0.0000E+00 0.0000E+00 0.0000E+00 0.0000E+00 0.0000E+00 0.0000E+00 0.0000E+00 0.0000E+00 0.0000E+00 0.0000E+00 0.0000E+00
 54.3000 0.3333E+00 0.0000E+00 0.0000E+00 0.0000E+00 0.0000E+00 0.0000E+00 0.0000E+00 0.0000E+00 0.3333E+00 0.0000E+00 0.0000E+00 0.0000E+00 0.0000E+00 0.3333E+00 0.0000E+00 0.3333E+00 0.0000E+00 0.0000E+00
 54.6000 0.0000E+00 0.0000E+00 0.0000E+00 0.0000E+00 0.0000E+00 0.0000E+00 0.0000E+00 0.0000E+00 0.0000E+00 0.0000E+00 0.0000E+00 0.0000E+00 0.0000E+00 0.0000E+00 0.0000E+00 0.0000E+00 0.0000E+00 0.0000E+00
 54.9000 0.0000E+00 0.0000E+00 0.0000E+00 0.0000E+00 0.0000E+00 0.0000E+00 0.0000E+00 0.0000E+00 0.0000E+00 0.0000E+00 0.0000E+00 0.0000E+00 0.0000E+00 0.0000E+00 0.0000E+00 0.0000E+00 0.0000E+00 0.0000E+00
 55.2000 0.0000E+00 0.0000E+00 0.0000E+00 0.0000E+00 0.0000E+00 0.0000E+00 0.0000E+00 0.0000E+00 0.0000E+00 0.0000E+00 0.0000E+00 0.0000E+00 0.0000E+00 0.0000E+00 0.0000E+00 0.0000E+00 0.0000E+00 0.0000E+00
 55.5000 0.0000E+00 0.0000E+00 0.0000E+00 0.0000E+00 0.0000E+00 0.0000E+00 0.0000E+00 0.0000E+00 0.0000E+00 0.0000E+00 0.0000E+00 0.0000E+00 0.0000E+00 0.0000E+00 0.0000E+00 0.0000E+00 0.0000E+00 0.0000E+00
 55.8000 0.0000E+00 0.0000E+00 0.0000E+00 0.0000E+00 0.0000E+00 0.0000E+00 0.0000E+00 0.0000E+00 0.0000E+00 0.0000E+00 0.0000E+00 0.0000E+00 0.0000E+00 0.0000E+00 0.0000E+00 0.0000E+00 0.0000E+00 0.0000E+00
 56.1000 0.0000E+00 0.0000E+00 0.0000E+00 0.0000E+00 0.0000E+00 0.0000E+00 0.0000E+00 0.0000E+00 0.0000E+00 0.0000E+00 0.0000E+00 0.0000E+00 0.0000E+00 0.3333E+00 0.0000E+00 0.0000E+00 0.0000E+00 0.0000E+00
 56.4000 0.0000E+00 0.0000E+00 0.0000E+00 0.0000E+00 0.0000E+00 0.0000E+00 0.0000E+00 0.0000E+00 0.0000E+00 0.0000E+00 0.0000E+00 0.0000E+00 0.0000E+00 0.3333E+00 0.0000E+00 0.0000E+00 0.0000E+00 0.0000E+00
 56.7000 0.0000E+00 0.0000E+00 0.0000E+00 0.0000E+00 0.0000E+00 0.0000E+00 0.0000E+00 0.0000E+00 0.0000E+00 0.0000E+00 0.0000E+00 0.0000E+00 0.0000E+00 0.0000E+00 0.0000E+00 0.0000E+00 0.0000E+00 0.0000E+00
 57.0000 0.0000E+00 0.0000E+00 0.0000E+00 0.0000E+00 0.0000E+00 0.0000E+00 0.0000E+00 0.0000E+00 0.0000E+00 0.0000E+00 0.0000E+00 0.0000E+00 0.0000E+00 0.0000E+00 0.0000E+00 0.0000E+00 0.0000E+00 0.0000E+00
 57.3000 0.3333E+00 0.3333E+00 0.0000E+00 0.0000E+00 0.0000E+00 0.0000E+00 0.0000E+00 0.0000E+00 0.0000E+00 0.0000E+00 0.0000E+00 0.0000E+00 0.0000E+00 0.0000E+00 0.3333E+00 0.0000E+00 0.0000E+00 0.0000E+00
 57.6000 0.0000E+00 0.0000E+00 0.0000E+00 0.0000E+00 0.0000E+00 0.0000E+00 0.0000E+00 0.0000E+00 0.0000E+00 0.0000E+00 0.0000E+00 0.0000E+00 0.0000E+00 0.3333E+00 0.0000E+00 0.0000E+00 0.0000E+00 0.0000E+00
 57.9000 0.0000E+00 0.0000E+00 0.0000E+00 0.0000E+00 0.0000E+00 0.0000E+00 0.0000E+00 0.0000E+00 0.0000E+00 0.0000E+00 0.0000E+00 0.0000E+00 0.0000E+00 0.0000E+00 0.0000E+00 0.0000E+00 0.0000E+00 0.0000E+00
 58.2000 0.0000E+00 0.0000E+00 0.0000E+00 0.0000E+00 0.0000E+00 0.0000E+00 0.0000E+00 0.0000E+00 0.0000E+00 0.0000E+00 0.0000E+00 0.0000E+00 0.0000E+00 0.0000E+00 0.0000E+00 0.0000E+00 0.0000E+00 0.0000E+00
 58.5000 0.0000E+00 0.0000E+00 0.0000E+00 0.0000E+00 0.0000E+00 0.0000E+00 0.0000E+00 0.0000E+00 0.0000E+00 0.0000E+00 0.0000E+00 0.0000E+00 0.0000E+00 0.0000E+00 0.0000E+00 0.0000E+00 0.0000E+00 0.0000E+00
 58.8000 0.0000E+00 0.0000E+00 0.0000E+00 0.0000E+00 0.0000E+00 0.0000E+00 0.0000E+00 0.0000E+00 0.0000E+00 0.0000E+00 0.0000E+00 0.0000E+00 0.0000E+00 0.0000E+00 0.0000E+00 0.0000E+00 0.0000E+00 0.0000E+00
 59.1000 0.0000E+00 0.0000E+00 0.0000E+00 0.0000E+00 0.0000E+00 0.0000E+00 0.0000E+00 0.0000E+00 0.0000E+00 0.0000E+00 0.0000E+00 0.0000E+00 0.0000E+00 0.0000E+00 0.0000E+00 0.0000E+00 0.0000E+00 0.0000E+00
 59.4000 0.0000E+00 0.0000E+00 0.0000E+00 0.0000E+00 0.0000E+00 0.0000E+00 0.0000E+00 0.0000E+00 0.0000E+00 0.0000E+00 0.0000E+00 0.0000E+00 0.0000E+00 0.0000E+00 0.0000E+00 0.0000E+00 0.0000E+00 0.0000E+00
 59.7000 0.0000E+00 0.0000E+00 0.0000E+00 0.0000E+00 0.0000E+00 0.0000E+00 0.0000E+00 0.0000E+00 0.0000E+00 0.0000E+00 0.0000E+00 0.0000E+00 0.0000E+00 0.0000E+00 0.0000E+00 0.0000E+00 0.0000E+00 0.0000E+00
 60.0000 0.0000E+00 0.0000E+00 0.0000E+00 0.0000E+00 0.0000E+00 0.0000E+00 0.0000E+00 0.0000E+00 0.0000E+00 0.0000E+00 0.0000E+00 0.0000E+00 0.0000E+00 0.0000E+00 0.0000E+00 0.0000E+00 0.0000E+00 0.0000E+00
 60.3000 0.3333E+00 0.0000E+00 0.0000E+00 0.0000E+00 0.0000E+00 0.0000E+00 0.0000E+00 0.0000E+00 0.3333E+00 0.0000E+00 0.0000E+00 0.0000E+00 0.0000E+00 0.0000E+00 0.0000E+00 0.3333E+00 0.0000E+00 0.0000E+00
 60.6000 0.0000E+00 0.0000E+00 0.0000E+00 0.0000E+00 0.0000E+00 0.0000E+00 0.0000E+00 0.0000E+00 0.0000E+00 0.0000E+00 0.0000E+00 0.0000E+00 0.0000E+00 0.0000E+00 0.0000E+00 0.0000E+00 0.0000E+00 0.0000E+00
 60.9000 0.0000E+00 0.0000E+00 0.0000E+00 0.0000E+00 0.0000E+00 0.0000E+00 0.0000E+00 0.0000E+00 0.0000E+00 0.0000E+00 0.0000E+00 0.0000E+00 0.0000E+00 0.0000E+00 0.0000E+00 0.0000E+00 0.0000E+00 0.0000E+00
 61.2000 0.0000E+00 0.0000E+00 0.0000E+00 0.0000E+00 0.0000E+00 0.0000E+00 0.0000E+00 0.0000E+00 0.0000E+00 0.0000E+00 0.0000E+00 0.0000E+00 0.0000E+00 0.0000E+00 0.0000E+00 0.0000E+00 0.0000E+00 0.0000E+00
 61.5000 0.0000E+00 0.0000E+00 0.0000E+00 0.0000E+00 0.0000E+00 0.0000E+00 0.0000E+00 0.0000E+00 0.0000E+00 0.0000E+00 0.0000E+00 0.0000E+00 0.0000E+00 0.3333E+00 0.0000E+00 0.0000E+00 0.0000E+00 0.0000E+00
 61.8000 0.0000E+00 0.0000E+00 0.0000E+00 0.0000E+00 0.0000E+00 0.0000E+00 0.0000E+00 0.0000E+00 0.0000E+00 0.0000E+00 0.0000E+00 0.0000E+00 0.0000E+00 0.0000E+00 0.0000E+00 0.0000E+00 0.0000E+00 0.0000E+00
 62.1000 0.0000E+00 0.0000E+00 0.0000E+00 0.0000E+00 0.0000E+00 0.0000E+00 0.0000E+00 0.0000E+00 0.0000E+00 0.0000E+00 0.0000E+00 0.0000E+00 0.0000E+00 0.0000E+00 0.0000E+00 0.0000E+00 0.0000E+00 0.0000E+00
 62.4000 0.0000E+00 0.0000E+00 0.0000E+00 0.0000E+00 0.0000E+00 0.0000E+00 0.0000E+00 0.0000E+00 0.0000E+00 0.0000E+00 0.0000E+00 0.0000E+00 0.0000E+00 0.0000E+00 0.0000E+00 0.0000E+00 0.0000E+00 0.0000E+00
 62.7000 0.0000E+00 0.0000E+00 0.0000E+00 0.0000E+00 0.0000E+00 0.0000E+00 0.0000E+00 0.0000E+00 0.0000E+00 0.0000E+00 0.0000E+00 0.0000E+00 0.0000E+00 0.0000E+00 0.0000E+00 0.0000E+00 0.0000E+00 0.0000E+00
 63.0000 0.0000E+00 0.0000E+00 0.0000E+00 0.0000E+00 0.0000E+00 0.0000E+00 0.0000E+00 0.0000E+00 0.0000E+00 0.0000E+00 0.0000E+00 0.0000E+00 0.0000E+00 0.0000E+00 0.0000E+00 0.0000E+00 0.0000E+00 0.0000E+00
 63.3000 0.0000E+00 0.0000E+00 0.0000E+00 0.0000E+00 0.0000E+00 0.0000E+00 0.0000E+00 0.0000E+00 0.0000E+00 0.0000E+00 0.0000E+00 0.0000E+00 0.0000E+00 0.0000E+00 0.0000E+00 0.0000E+00 0.0000E+00 0.0000E+00
 63.6000 0.0000E+00 0.0000E+00 0.0000E+00 0.0000E+00 0.0000E+00 0.0000E+00 0.0000E+00 0.0000E+00 0.0000E+00 0.0000E+00 0.0000E+00 0.0000E+00 0.0000E+00 0.3333E+00 0.0000E+00 0.0000E+00 0.0000E+00 0.0000E+00
 63.9000 0.0000E+00 0.0000E+00 0.0000E+00 0.0000E+00 0.0000E+00 0.0000E+00 0.0000E+00 0.0000E+00 0.0000E+00 0.0000E+00 0.0000E+00 0.0000E+00 0.0000E+00 0.0000E+00 0.0000E+00 0.0000E+00 0.0000E+00 0.0000E+00
 64.2000 0.0000E+00 0.0000E+00 0.0000E+00 0.0000E+00 0.0000E+00 0.0000E+00 0.0000E+00 0.0000E+00 0.0000E+00 0.0000E+00 0.0000E+00 0.0000E+00 0.0000E+00 0.0000E+00 0.0000E+00 0.0000E+00 0.0000E+00 0.0000E+00
 64.5000 0.0000E+00 0.0000E+00 0.0000E+00 0.0000E+00 0.0000E+00 0.0000E+00 0.0000E+00 0.0000E+00 0.0000E+00 0.0000E+00 0.0000E+00 0.0000E+00 0.0000E+00 0.0000E+00 0.0000E+00 0.0000E+00 0.0000E+00 0.0000E+00
 64.8000 0.0000E+00 0.0000E+00 0.0000E+00 0.0000E+00 0.0000E+00 0.0000E+00 0.0000E+00 0.0000E+00 0.0000E+00 0.0000E+00 0.0000E+00 0.0000E+00 0.0000E+00 0.0000E+00 0.0000E+00 0.0000E+00 0.0000E+00 0.0000E+00
 65.1000 0.0000E+00 0.0000E+00 0.0000E+00 0.0000E+00 0.0000E+00 0.0000E+00 0.0000E+00 0.0000E+00 0.0000E+00 0.0000E+00 0.0000E+00 0.0000E+00 0.0000E+00 0.3333E+00 0.0000E+00 0.0000E+00 0.0000E+00 0.0000E+00
 65.4000 0.0000E+00 0.0000E+00 0.0000E+00 0.0000E+00 0.0000E+00 0.0000E+00 0.0000E+00 0.0000E+00 0.0000E+00 0.0000E+00 0.0000E+00 0.0000E+00 0.0000E+00 0.0000E+00 0.0000E+00 0.0000E+00 0.0000E+00 0.0000E+00
 65.7000 0.0000E+00 0.0000E+00 0.0000E+00 0.0000E+00 0.0000E+00 0.0000E+00 0.0000E+00 0.0000E+00 0.0000E+00 0.0000E+00 0.0000E+00 0.0000E+00 0.0000E+00 0.0000E+00 0.0000E+00 0.0000E+00 0.0000E+00 0.0000E+00
 66.0000 0.0000E+00 0.0000E+00 0.0000E+00 0.0000E+00 0.0000E+00 0.0000E+00 0.0000E+00 0.0000E+00 0.0000E+00 0.0000E+00 0.0000E+00 0.0000E+00 0.0000E+00 0.0000E+00 0.0000E+00 0.0000E+00 0.0000E+00 0.0000E+00
 66.3000 0.0000E+00 0.0000E+00 0.0000E+00 0.0000E+00 0.0000E+00 0.0000E+00 0.0000E+00 0.0000E+00 0.0000E+00 0.0000E+00 0.0000E+00 0.0000E+00 0.0000E+00 0.0000E+00 0.0000E+00 0.0000E+00 0.0000E+00 0.0000E+00
 66.6000 0.0000E+00 0.0000E+00 0.0000E+00 0.0000E+00 0.0000E+00 0.0000E+00 0.0000E+00 0.0000E+00 0.0000E+00 0.0000E+00 0.0000E+00 0.0000E+00 0.0000E+00 0.0000E+00 0.0000E+00 0.0000E+00 0.0000E+00 0.0000E+00
 66.9000 0.0000E+00 0.0000E+00 0.0000E+00 0.0000E+00 0.0000E+00 0.0000E+00 0.0000E+00 0.0000E+00 0.0000E+00 0.0000E+00 0.0000E+00 0.0000E+00 0.0000E+00 0.0000E+00 0.0000E+00 0.0000E+00 0.0000E+00 0.0000E+00
 67.2000 0.0000E+00 0.0000E+00 0.0000E+00 0.0000E+00 0.0000E+00 0.0000E+00 0.0000E+00 0.0000E+00 0.0000E+00 0.0000E+00 0.0000E+00 0.0000E+00 0.0000E+00 0.0000E+00 0.0000E+00 0.0000E+00 0.0000E+00 0.0000E+00
 67.5000 0.0000E+00 0.0000E+00 0.0000E+00 0.0000E+00 0.0000E+00 0.0000E+00 0.0000E+00 0.0000E+00 0.0000E+00 0.0000E+00 0.0000E+00 0.0000E+00 0.0000E+00 0.0000E+00 0.0000E+00 0.0000E+00 0.0000E+00 0.0000E+00
 67.8000 0.0000E+00 0.0000E+00 0.0000E+00 0.0000E+00 0.0000E+00 0.0000E+00 0.0000E+00 0.0000E+00 0.0000E+00 0.0000E+00 0.0000E+00 0.0000E+00 0.0000E+00 0.0000E+00 0.0000E+00 0.0000E+00 0.0000E+00 0.0000E+00
 68.1000 0.0000E+00 0.0000E+00 0.0000E+00 0.0000E+00 0.0000E+00 0.0000E+00 0.0000E+00 0.0000E+00 0.0000E+00 0.0000E+00 0.0000E+00 0.0000E+00 0.0000E+00 0.0000E+00 0.0000E+00 0.0000E+00 0.0000E+00 0.0000E+00
 68.4000 0.0000E+00 0.0000E+00 0.0000E+00 0.0000E+00 0.0000E+00 0.0000E+00 0.0000E+00 0.0000E+00 0.0000E+00 0.0000E+00 0.0000E+00 0.0000E+00 0.0000E+00 0.0000E+00 0.0000E+00 0.0000E+00 0.0000E+00 0.0000E+00
 68.7000 0.0000E+00 0.0000E+00 0.0000E+00 0.0000E+00 0.0000E+00 0.0000E+00 0.0000E+00 0.0000E+00 0.0000E+00 0.0000E+00 0.0000E+00 0.0000E+00 0.0000E+00 0.0000E+00 0.0000E+00 0.0000E+00 0.0000E+00 0.0000E+00
 69.0000 0.0000E+00 0.0000E+00 0.0000E+00 0.0000E+00 0.0000E+00 0.0000E+00 0.0000E+00 0.0000E+00 0.0000E+00 0.0000E+00 0.0000E+00 0.0000E+00 0.0000E+00 0.0000E+00 0.0000E+00 0.0000E+00 0.0000E+00 0.0000E+00
 69.3000 0.0000E+00 0.0000E+00 0.0000E+00 0.0000E+00 0.0000E+00 0.0000E+00 0.0000E+00 0.0000E+00 0.0000E+00 0.0000E+00 0.0000E+00 0.0000E+00 0.0000E+00 0.0000E+00 0.0000E+00 0.0000E+00 0.0000E+00 0.0000E+00
 69.6000 0.0000E+00 0.0000E+00 0.0000E+00 0.0000E+00 0.0000E+00 0.0000E+00 0.0000E+00 0.0000E+00 0.0000E+00 0.0000E+00 0.0000E+00 0.0000E+00 0.0000E+00 0.0000E+00 0.0000E+00 0.0000E+00 0.0000E+00 0.0000E+00
 69.9000 0.0000E+00 0.0000E+00 0.0000E+00 0.0000E+00 0.0000E+00 0.0000E+00 0.0000E+00 0.0000E+00 0.0000E+00 0.0000E+00 0.0000E+00 0.0000E+00 0.0000E+00 0.0000E+00 0.0000E+00 0.0000E+00 0.0000E+00 0.0000E+00
 70.2000 0.0000E+00 0.0000E+00 0.0000E+00 0.0000E+00 0.0000E+00 0.0000E+00 0.0000E+00 0.0000E+00 0.0000E+00 0.0000E+00 0.0000E+00 0.0000E+00 0.0000E+00 0.0000E+00 0.0000E+00 0.0000E+00 0.0000E+00 0.0000E+00
 70.5000 0.0000E+00 0.0000E+00 0.0000E+00 0.0000E+00 0.0000E+00 0.0000E+00 0.0000E+00 0.0000E+00 0.0000E+00 0.0000E+00 0.0000E+00 0.0000E+00 0.0000E+00 0.0000E+00 0.0000E+00 0.0000E+00 0.0000E+00 0.0000E+00
 70.8000 0.0000E+00 0.0000E+00 0.0000E+00 0.0000E+00 0.0000E+00 0.0000E+00 0.0000E+00 0.0000E+00 0.0000E+00 0.0000E+00 0.0000E+00 0.0000E+00 0.0000E+00 0.0000E+00 0.0000E+00 0.0000E+00 0.0000E+00 0.0000E+00
 71.1000 0.0000E+00 0.0000E+00 0.0000E+00 0.0000E+00 0.0000E+00 0.0000E+00 0.0000E+00 0.0000E+00 0.0000E+00 0.0000E+00 0.0000E+00 0.0000E+00 0.0000E+00 0.0000E+00 0.0000E+00 0.0000E+00 0.0000E+00 0.0000E+00
 71.4000 0.0000E+00 0.0000E+00 0.0000E+00 0.0000E+00 0.0000E+00 0.0000E+00 0.0000E+00 0.0000E+00 0.0000E+00 0.0000E+00 0.0000E+00 0.0000E+00 0.0000E+00 0.0000E+00 0.0000E+00 0.0000E+00 0.0000E+00 0.0000E+00
 71.7000 0.0000E+00 0.0000E+00 0.0000E+00 0.0000E+00 0.0000E+00 0.0000E+00 0.0000E+00 0.0000E+00 0.0000E+00 0.0000E+00 0.0000E+00 0.0000E+00 0.0000E+00 0.0000E+00 0.0000E+00 0.0000E+00 0.0000E+00 0.0000E+00
 72.0000 0.0000E+00 0.0000E+00 0.0000E+00 0.0000E+00 0.0000E+00 0.0000E+00 0.0000E+00 0.0000E+00 0.0000E+00 0.0000E+00 0.0000E+00 0.0000E+00 0.0000E+00 0.0000E+00 0.0000E+00 0.0000E+00 0.0000E+00 0.0000E+00
 72.3000 0.0000E+00 0.0000E+00 0.0000E+00 0.0000E+00 0.0000E+00 0.0000E+00 0.0000E+00 0.0000E+00 0.0000E+00 0.0000E+00 0.0000E+00 0.0000E+00 0.0000E+00 0.0000E+00 0.0000E+00 0.0000E+00 0.0000E+00 0.0000E+00
 72.6000 0.0000E+00 0.0000E+00 0.0000E+00 0.0000E+00 0.0000E+00 0.0000E+00 0.0000E+00 0.0000E+00 0.0000E+00 0.0000E+00 0.0000E+00 0.0000E+00 0.0000E+00 0.0000E+00 0.0000E+00 0.0000E+00 0.0000E+00 0.0000E+00
 72.9000 0.0000E+00 0.0000E+00 0.0000E+00 0.0000E+00 0.0000E+00 0.0000E+00 0.0000E+00 0.0000E+00 0.0000E+00 0.0000E+00 0.0000E+00 0.0000E+00 0.0000E+00 0.0000E+00 0.0000E+00 0.0000E+00 0.0000E+00 0.0000E+00
 73.2000 0.0000E+00 0.0000E+00 0.0000E+00 0.0000E+00 0.0000E+00 0.0000E+00 0.0000E+00 0.0000E+00 0.0000E+00 0.0000E+00 0.0000E+00 0.0000E+00 0.0000E+00 0.0000E+00 0.0000E+00 0.0000E+00 0.0000E+00 0.0000E+00
 73.5000 0.0000E+00 0.0000E+00 0.0000E+00 0.0000E+00 0.0000E+00 0.0000E+00 0.0000E+00 0.0000E+00 0.0000E+00 0.0000E+00 0.0000E+00 0.0000E+00 0.0000E+00 0.0000E+00 0.0000E+00 0.0000E+00 0.0000E+00 0.0000E+00
 73.8000 0.0000E+00 0.0000E+00 0.0000E+00 0.0000E+00 0.0000E+00 0.0000E+00 0.0000E+00 0.0000E+00 0.0000E+00 0.0000E+00 0.0000E+00 0.0000E+00 0.0000E+00 0.0000E+00 0.0000E+00 0.0000E+00 0.0000E+00 0.0000E+00
 74.1000 0.0000E+00 0.0000E+00 0.0000E+00 0.0000E+00 0.0000E+00 0.0000E+00 0.0000E+00 0.0000E+00 0.0000E+00 0.0000E+00 0.0000E+00 0.0000E+00 0.0000E+00 0.0000E+00 0.0000E+00 0.0000E+00 0.0000E+00 0.0000E+00
 74.4000 0.0000E+00 0.0000E+00 0.0000E+00 0.0000E+00 0.0000E+00 0.0000E+00 0.0000E+00 0.0000E+00 0.0000E+00 0.0000E+00 0.0000E+00 0.0000E+00 0.0000E+00 0.0000E+00 0.0000E+00 0.0000E+00 0.0000E+00 0.0000E+00
 74.7000 0.0000E+00 0.0000E+00 0.0000E+00 0.0000E+00 0.0000E+00 0.0000E+00 0.0000E+00 0.0000E+00 0.0000E+00 0.0000E+00 0.0000E+00 0.0000E+00 0.0000E+00 0.3333E+00 0.0000E+00 0.0000E+00 0.0000E+00 0.0000E+00
 75.0000 0.0000E+00 0.0000E+00 0.0000E+00 0.0000E+00 0.0000E+00 0.0000E+00 0.0000E+00 0.0000E+00 0.0000E+00 0.0000E+00 0.0000E+00 0.0000E+00 0.0000E+00 0.0000E+00 0.0000E+00 0.0000E+00 0.0000E+00 0.0000E+00
 75.3000 0.0000E+00 0.0000E+00 0.0000E+00 0.0000E+00 0.0000E+00 0.0000E+00 0.0000E+00 0.0000E+00 0.0000E+00 0.0000E+00 0.0000E+00 0.0000E+00 0.0000E+00 0.0000E+00 0.0000E+00 0.0000E+00 0.0000E+00 0.0000E+00
 75.6000 0.0000E+00 0.0000E+00 0.0000E+00 0.0000E+00 0.0000E+00 0.0000E+00 0.0000E+00 0.0000E+00 0.0000E+00 0.0000E+00 0.0000E+00 0.0000E+00 0.0000E+00 0.0000E+00 0.0000E+00 0.0000E+00 0.0000E+00 0.0000E+00
 75.9000 0.0000E+00 0.0000E+00 0.0000E+00 0.0000E+00 0.0000E+00 0.0000E+00 0.0000E+00 0.0000E+00 0.0000E+00 0.0000E+00 0.0000E+00 0.0000E+00 0.0000E+00 0.0000E+00 0.0000E+00 0.0000E+00 0.0000E+00 0.0000E+00
 76.2000 0.0000E+00 0.0000E+00 0.0000E+00 0.0000E+00 0.0000E+00 0.0000E+00 0.0000E+00 0.0000E+00 0.0000E+00 0.0000E+00 0.0000E+00 0.0000E+00 0.0000E+00 0.0000E+00 0.0000E+00 0.0000E+00 0.0000E+00 0.0000E+00
 76.5000 0.0000E+00 0.0000E+00 0.0000E+00 0.0000E+00 0.0000E+00 0.0000E+00 0.0000E+00 0.0000E+00 0.0000E+00 0.0000E+00 0.0000E+00 0.0000E+00 0.0000E+00 0.0000E+00 0.0000E+00 0.0000E+00 0.0000E+00 0.0000E+00
 76.8000 0.0000E+00 0.0000E+00 0.0000E+00 0.0000E+00 0.0000E+00 0.0000E+00 0.0000E+00 0.0000E+00 0.0000E+00 0.0000E+00 0.0000E+00 0.0000E+00 0.0000E+00 0.0000E+00 0.0000E+00 0.0000E+00 0.0000E+00 0.0000E+00
 77.1000 0.0000E+00 0.0000E+00 0.0000E+00 0.0000E+00 0.0000E+00 0.0000E+00 0.0000E+00 0.0000E+00 0.0000E+00 0.0000E+00 0.0000E+00 0.0000E+00 0.0000E+00 0.0000E+00 0.0000E+00 0.0000E+00 0.0000E+00 0.0000E+00
 77.4000 0.0000E+00 0.0000E+00 0.0000E+00 0.0000E+00 0.0000E+00 0.0000E+00 0.0000E+00 0.0000E+00 0.0000E+00 0.0000E+00 0.0000E+00 0.0000E+00 0.0000E+00 0.0000E+00 0.0000E+00 0.0000E+00 0.0000E+00 0.0000E+00
 77.7000 0.0000E+00 0.0000E+00 0.0000E+00 0.0000E+00 0.0000E+00 0.0000E+00 0.0000E+00 0.0000E+00 0.0000E+00 0.0000E+00 0.0000E+00 0.0000E+00 0.0000E+00 0.0000E+00 0.0000E+00 0.0000E+00 0.0000E+00 0.0000E+00
 78.0000 0.0000E+00 0.0000E+00 0.0000E+00 0.0000E+00 0.0000E+00 0.0000E+00 0.0000E+00 0.0000E+00 0.0000E+00 0.0000E+00 0.0000E+00 0.0000E+00 0.0000E+00 0.0000E+00 0.0000E+00 0.0000E+00 0.0000E+00 0.0000E+00
 78.3000 0.0000E+00 0.0000E+00 0.0000E+00 0.0000E+00 0.0000E+00 0.0000E+00 0.0000E+00 0.0000E+00 0.0000E+00 0.0000E+00 0.0000E+00 0.0000E+00 0.0000E+00 0.0000E+00 0.0000E+00 0.0000E+00 0.0000E+00 0.0000E+00
 78.6000 0.0000E+00 0.0000E+00 0.0000E+00 0.0000E+00 0.0000E+00 0.0000E+00 0.0000E+00 0.0000E+00 0.0000E+00 0.0000E+00 0.0000E+00 0.0000E+00 0.0000E+00 0.0000E+00 0.0000E+00 0.0000E+00 0.0000E+00 0.0000E+00
 78.9000 0.0000E+00 0.0000E+00 0.0000E+00 0.0000E+00 0.0000E+00 0.0000E+00 0.0000E+00 0.0000E+00 0.0000E+00 0.0000E+00 0.0000E+00 0.0000E+00 0.0000E+00 0.0000E+00 0.0000E+00 0.0000E+00 0.0000E+00 0.0000E+00
 79.2000 0.0000E+00 0.0000E+00 0.0000E+00 0.0000E+00 0.0000E+00 0.0000E+00 0.0000E+00 0.0000E+00 0.0000E+00 0.0000E+00 0.0000E+00 0.0000E+00 0.0000E+00 0.0000E+00 0.0000E+00 0.0000E+00 0.0000E+00 0.0000E+00
 79.5000 0.0000E+00 0.0000E+00 0.0000E+00 0.0000E+00 0.0000E+00 0.0000E+00 0.0000E+00 0.0000E+00 0.0000E+00 0.0000E+00 0.0000E+00 0.0000E+00 0.0000E+00 0.0000E+00 0.0000E+00 0.0000E+00 0.0000E+00 0.0000E+00
 79.8000 0.0000E+00 0.0000E+00 0.0000E+00 0.0000E+00 0.0000E+00 0.0000E+00 0.0000E+00 0.0000E+00 0.0000E+00 0.0000E+00 0.0000E+00 0.0000E+00 0.0000E+00 0.0000E+00 0.0000E+00 0.0000E+00 0.0000E+00 0.0000E+00
 80.1000 0.0000E+00 0.0000E+00 0.0000E+00 0.0000E+00 0.0000E+00 0.0000E+00 0.0000E+00 0.0000E+00 0.0000E+00 0.0000E+00 0.0000E+00 0.0000E+00 0.0000E+00 0.0000E+00 0.0000E+00 0.0000E+00 0.0000E+00 0.0000E+00
 80.4000 0.0000E+00 0.0000E+00 0.0000E+00 0.0000E+00 0.0000E+00 0.0000E+00 0.0000E+00 0.0000E+00 0.0000E+00 0.0000E+00 0.0000E+00 0.0000E+00 0.0000E+00 0.0000E+00 0.0000E+00 0.0000E+00 0.0000E+00 0.0000E+00
 80.7000 0.0000E+00 0.0000E+00 0.0000E+00 0.0000E+00 0.0000E+00 0.0000E+00 0.0000E+00 0.0000E+00 0.0000E+00 0.0000E+00 0.0000E+00 0.0000E+00 0.0000E+00 0.0000E+00 0.0000E+00 0.0000E+00 0.0000E+00 0.0000E+00
 81.0000 0.0000E+00 0.0000E+00 0.0000E+00 0.0000E+00 0.0000E+00 0.0000E+00 0.0000E+00 0.0000E+00 0.0000E+00 0.0000E+00 0.0000E+00 0.0000E+00 0.0000E+00 0.0000E+00 0.0000E+00 0.0000E+00 0.0000E+00 0.0000E+00
 81.3000 0.0000E+00 0.0000E+00 0.0000E+00 0.0000E+00 0.0000E+00 0.0000E+00 0.0000E+00 0.0000E+00 0.0000E+00 0.0000E+00 0.0000E+00 0.0000E+00 0.0000E+00 0.0000E+00 0.0000E+00 0.0000E+00 0.0000E+00 0.0000E+00
 81.6000 0.0000E+00 0.0000E+00 0.0000E+00 0.0000E+00 0.0000E+00 0.0000E+00 0.0000E+00 0.0000E+00 0.0000E+00 0.0000E+00 0.0000E+00 0.0000E+00 0.0000E+00 0.0000E+00 0.0000E+00 0.0000E+00 0.0000E+00 0.0000E+00
 81.9000 0.0000E+00 0.0000E+00 0.0000E+00 0.0000E+00 0.0000E+00 0.0000E+00 0.0000E+00 0.0000E+00 0.0000E+00 0.0000E+00 0.0000E+00 0.0000E+00 0.0000E+00 0.0000E+00 0.0000E+00 0.0000E+00 0.0000E+00 0.0000E+00
 82.2000 0.0000E+00 0.0000E+00 0.0000E+00 0.0000E+00 0.0000E+00 0.0000E+00 0.0000E+00 0.0000E+00 0.0000E+00 0.0000E+00 0.0000E+00 0.0000E+00 0.0000E+00 0.3333E+00 0.0000E+00 0.0000E+00 0.0000E+00 0.0000E+00
 82.5000 0.0000E+00 0.0000E+00 0.0000E+00 0.0000E+00 0.0000E+00 0.0000E+00 0.0000E+00 0.0000E+00 0.0000E+00 0.0000E+00 0.0000E+00 0.0000E+00 0.0000E+00 0.0000E+00 0.0000E+00 0.0000E+00 0.0000E+00 0.0000E+00
 82.8000 0.0000E+00 0.0000E+00 0.0000E+00 0.0000E+00 0.0000E+00 0.0000E+00 0.0000E+00 0.0000E+00 0.0000E+00 0.0000E+00 0.0000E+00 0.0000E+00 0.0000E+00 0.0000E+00 0.0000E+00 0.0000E+00 0.0000E+00 0.0000E+00
 83.1000 0.0000E+00 0.0000E+00 0.0000E+00 0.0000E+00 0.0000E+00 0.0000E+00 0.0000E+00 0.0000E+00 0.0000E+00 0.0000E+00 0.0000E+00 0.0000E+00 0.0000E+00 0.3333E+00 0.0000E+00 0.0000E+00 0.0000E+00 0.0000E+00
 83.4000 0.0000E+00 0.0000E+00 0.0000E+00 0.0000E+00 0.0000E+00 0.0000E+00 0.0000E+00 0.0000E+00 0.0000E+00 0.0000E+00 0.0000E+00 0.0000E+00 0.0000E+00 0.0000E+00 0.0000E+00 0.0000E+00 0.0000E+00 0.0000E+00
 83.7000 0.0000E+00 0.0000E+00 0.0000E+00 0.0000E+00 0.0000E+00 0.0000E+00 0.0000E+00 0.0000E+00 0.0000E+00 0.0000E+00 0.0000E+00 0.0000E+00 0.0000E+00 0.0000E+00 0.0000E+00 0.0000E+00 0.0000E+00 0.0000E+00
 84.0000 0.0000E+00 0.0000E+00 0.0000E+00 0.0000E+00 0.0000E+00 0.0000E+00 0.0000E+00 0.0000E+00 0.0000E+00 0.0000E+00 0.0000E+00 0.0000E+00 0.0000E+00 0.0000E+00 0.0000E+00 0.0000E+00 0.0000E+00 0.0000E+00
 84.3000 0.0000E+00 0.0000E+00 0.0000E+00 0.0000E+00 0.0000E+00 0.0000E+00 0.0000E+00 0.0000E+00 0.0000E+00 0.0000E+00 0.0000E+00 0.0000E+00 0.0000E+00 0.0000E+00 0.0000E+00 0.0000E+00 0.0000E+00 0.0000E+00
 84.6000 0.0000E+00 0.0000E+00 0.0000E+00 0.0000E+00 0.0000E+00 0.0000E+00 0.0000E+00 0.0000E+00 0.0000E+00 0.0000E+00 0.0000E+00 0.0000E+00 0.0000E+00 0.0000E+00 0.0000E+00 0.0000E+00 0.0000E+00 0.0000E+00
 84.9000 0.0000E+00 0.0000E+00 0.0000E+00 0.0000E+00 0.0000E+00 0.0000E+00 0.0000E+00 0.0000E+00 0.0000E+00 0.0000E+00 0.0000E+00 0.0000E+00 0.0000E+00 0.0000E+00 0.0000E+00 0.0000E+00 0.0000E+00 0.0000E+00
 85.2000 0.0000E+00 0.0000E+00 0.0000E+00 0.0000E+00 0.0000E+00 0.0000E+00 0.0000E+00 0.0000E+00 0.0000E+00 0.0000E+00 0.0000E+00 0.0000E+00 0.0000E+00 0.0000E+00 0.0000E+00 0.0000E+00 0.0000E+00 0.0000E+00
 85.5000 0.0000E+00 0.0000E+00 0.0000E+00 0.0000E+00 0.0000E+00 0.0000E+00 0.0000E+00 0.0000E+00 0.0000E+00 0.0000E+00 0.0000E+00 0.0000E+00 0.0000E+00 0.0000E+00 0.0000E+00 0.0000E+00 0.0000E+00 0.0000E+00
 85.8000 0.0000E+00 0.0000E+00 0.0000E+00 0.0000E+00 0.0000E+00 0.0000E+00 0.0000E+00 0.0000E+00 0.0000E+00 0.0000E+00 0.0000E+00 0.0000E+00 0.0000E+00 0.0000E+00 0.0000E+00 0.0000E+00 0.0000E+00 0.0000E+00
 86.1000 0.0000E+00 0.0000E+00 0.0000E+00 0.0000E+00 0.0000E+00 0.0000E+00 0.0000E+00 0.0000E+00 0.0000E+00 0.0000E+00 0.0000E+00 0.0000E+00 0.0000E+00 0.0000E+00 0.0000E+00 0.0000E+00 0.0000E+00 0.0000E+00
 86.4000 0.0000E+00 0.0000E+00 0.0000E+00 0.0000E+00 0.0000E+00 0.0000E+00 0.0000E+00 0.0000E+00 0.0000E+00 0.0000E+00 0.0000E+00 0.0000E+00 0.0000E+00 0.0000E+00 0.0000E+00 0.0000E+00 0.0000E+00 0.0000E+00
 86.7000 0.0000E+00 0.0000E+00 0.0000E+00 0.0000E+00 0.0000E+00 0.0000E+00 0.0000E+00 0.0000E+00 0.0000E+00 0.0000E+00 0.0000E+00 0.0000E+00 0.0000E+00 0.3333E+00 0.0000E+00 0.0000E+00 0.0000E+00 0.0000E+00
 87.0000 0.0000E+00 0.0000E+00 0.0000E+00 0.0000E+00 0.0000E+00 0.0000E+00 0.0000E+00 0.0000E+00 0.0000E+00 0.0000E+00 0.0000E+00 0.0000E+00 0.0000E+00 0.0000E+00 0.0000E+00 0.0000E+00 0.0000E+00 0.0000E+00
 87.3000 0.3333E+00 0.0000E+00 0.0000E+00 0.0000E+00 0.0000E+00 0.0000E+00 0.0000E+00 0.0000E+00 0.3333E+00 0.0000E+00 0.0000E+00 0.0000E+00 0.0000E+00 0.0000E+00 0.0000E+00 0.3333E+00 0.0000E+00 0.0000E+00
 87.6000 0.0000E+00 0.0000E+00 0.0000E+00 0.0000E+00 0.0000E+00 0.0000E+00 0.0000E+00 0.0000E+00 0.0000E+00 0.0000E+00 0.0000E+00 0.0000E+00 0.0000E+00 0.0000E+00 0.0000E+00 0.0000E+00 0.0000E+00 0.0000E+00
 87.9000 0.0000E+00 0.0000E+00 0.0000E+00 0.0000E+00 0.0000E+00 0.0000E+00 0.0000E+00 0.0000E+00 0.0000E+00 0.0000E+00 0.0000E+00 0.0000E+00 0.0000E+00 0.0000E+00 0.0000E+00 0.0000E+00 0.0000E+00 0.0000E+00
 88.2000 0.0000E+00 0.0000E+00 0.0000E+00 0.0000E+00 0.0000E+00 0.0000E+00 0.0000E+00 0.0000E+00 0.0000E+00 0.0000E+00 0.0000E+00 0.0000E+00 0.0000E+00 0.0000E+00 0.0000E+00 0.0000E+00 0.0000E+00 0.0000E+00
 88.5000 0.0000E+00 0.0000E+00 0.0000E+00 0.0000E+00 0.0000E+00 0.0000E+00 0.0000E+00 0.0000E+00 0.0000E+00 0.0000E+00 0.0000E+00 0.0000E+00 0.0000E+00 0.0000E+00 0.0000E+00 0.0000E+00 0.0000E+00 0.0000E+00
 88.8000 0.0000E+00 0.0000E+00 0.0000E+00 0.0000E+00 0.0000E+00 0.0000E+00 0.0000E+00 0.0000E+00 0.0000E+00 0.0000E+00 0.0000E+00 0.0000E+00 0.0000E+00 0.0000E+00 0.0000E+00 0.0000E+00 0.0000E+00 0.0000E+00
 89.1000 0.0000E+00 0.0000E+00 0.0000E+00 0.0000E+00 0.0000E+00 0.0000E+00 0.0000E+00 0.0000E+00 0.0000E+00 0.0000E+00 0.0000E+00 0.0000E+00 0.0000E+00 0.0000E+00 0.0000E+00 0.0000E+00 0.0000E+00 0.0000E+00
 89.4000 0.0000E+00 0.0000E+00 0.0000E+00 0.0000E+00 0.0000E+00 0.0000E+00 0.0000E+00 0.0000E+00 0.0000E+00 0.0000E+00 0.0000E+00 0.0000E+00 0.0000E+00 0.0000E+00 0.0000E+00 0.0000E+00 0.0000E+00 0.0000E+00
 89.7000 0.0000E+00 0.0000E+00 0.0000E+00 0.0000E+00 0.0000E+00 0.0000E+00 0.0000E+00 0.0000E+00 0.0000E+00 0.0000E+00 0.0000E+00 0.0000E+00 0.0000E+00 0.0000E+00 0.0000E+00 0.0000E+00 0.0000E+00 0.0000E+00
 90.0000 0.0000E+00 0.0000E+00 0.0000E+00 0.0000E+00 0.0000E+00 0.0000E+00 0.0000E+00 0.0000E+00 0.0000E+00 0.0000E+00 0.0000E+00 0.0000E+00 0.0000E+00 0.0000E+00 0.0000E+00 0.0000E+00 0.0000E+00 0.0000E+00
