# Baryons: yproj=  0.740 ycut/yproj=  1.000
# time(fm/c) N(det) px(dir) v1 v2 eps eps(t) px^2 py^2 pt^2 alp Edir N(det-all) N(all) px(dir) v1 v2
# 1          2      3       4  5  6   7      8    9    10   11  12         13     14      15 16
   0.00  3.93E+02 -2.15E-05 -3.83E-03 -2.37E-02 -2.32E-02 -2.32E-02  1.10E-02  1.18E-02  1.34E-01  1.20E-02  1.00E+00  3.94E+02  1.00E+00  1.29E-18 -4.29E-03 -2.31E-02
   0.30  3.93E+02 -1.00E-04 -4.27E-03 -2.40E-02 -2.32E-02 -2.30E-02  1.10E-02  1.18E-02  1.34E-01  1.20E-02  1.00E+00  3.94E+02  1.00E+00 -7.86E-05 -4.72E-03 -2.34E-02
   0.60  3.93E+02 -7.82E-05 -3.97E-03 -2.42E-02 -2.32E-02 -2.31E-02  1.10E-02  1.19E-02  1.35E-01  1.21E-02  1.00E+00  3.94E+02  1.00E+00 -5.65E-05 -4.42E-03 -2.36E-02
   0.90  3.93E+02 -5.28E-05 -3.75E-03 -2.42E-02 -2.32E-02 -2.31E-02  1.11E-02  1.19E-02  1.35E-01  1.21E-02  1.00E+00  3.94E+02  1.00E+00 -3.13E-05 -4.21E-03 -2.37E-02
   1.20  3.93E+02 -2.02E-04 -4.25E-03 -2.45E-02 -2.33E-02 -2.30E-02  1.12E-02  1.24E-02  1.36E-01  1.24E-02  1.00E+00  3.94E+02  1.00E+00 -1.80E-04 -4.71E-03 -2.39E-02
   1.50  3.93E+02 -3.60E-04 -5.61E-03 -2.51E-02 -2.35E-02 -2.31E-02  1.13E-02  1.26E-02  1.36E-01  1.25E-02  1.00E+00  3.94E+02  1.00E+00 -3.37E-04 -6.06E-03 -2.45E-02
   1.80  3.93E+02 -7.60E-04 -6.02E-03 -2.43E-02 -2.34E-02 -2.33E-02  1.17E-02  1.30E-02  1.37E-01  1.29E-02  1.00E+00  3.94E+02  1.00E+00 -7.37E-04 -6.46E-03 -2.37E-02
   2.10  3.93E+02 -1.71E-03 -8.97E-03 -2.79E-02 -2.30E-02 -2.32E-02  1.21E-02  1.39E-02  1.40E-01  1.35E-02  1.00E+00  3.94E+02  1.00E+00 -1.72E-03 -9.50E-03 -2.75E-02
   2.40  3.93E+02 -1.91E-03 -1.02E-02 -3.09E-02 -2.32E-02 -2.34E-02  1.29E-02  1.49E-02  1.43E-01  1.43E-02  1.00E+00  3.94E+02  1.00E+00 -1.92E-03 -1.07E-02 -3.05E-02
   2.70  3.93E+02 -5.70E-04 -6.74E-03 -3.27E-02 -2.33E-02 -2.31E-02  1.33E-02  1.67E-02  1.46E-01  1.54E-02  1.00E+00  3.94E+02  1.00E+00 -5.49E-04 -7.21E-03 -3.19E-02
   3.00  3.93E+02 -2.12E-04 -5.13E-03 -3.36E-02 -2.30E-02 -2.28E-02  1.47E-02  1.80E-02  1.50E-01  1.66E-02  1.00E+00  3.94E+02  1.00E+00 -1.91E-04 -5.61E-03 -3.28E-02
   3.30  3.93E+02  8.62E-06 -3.64E-03 -3.34E-02 -2.26E-02 -2.26E-02  1.61E-02  1.92E-02  1.54E-01  1.78E-02  1.00E+00  3.94E+02  1.00E+00  2.89E-05 -4.13E-03 -3.26E-02
   3.60  3.93E+02  3.06E-04 -2.76E-03 -3.29E-02 -2.37E-02 -2.28E-02  1.76E-02  2.02E-02  1.58E-01  1.90E-02  1.00E+00  3.94E+02  1.00E+00  3.25E-04 -3.24E-03 -3.21E-02
   3.90  3.93E+02 -6.69E-04 -3.03E-03 -2.91E-02 -2.33E-02 -2.23E-02  1.95E-02  2.17E-02  1.63E-01  2.05E-02  1.00E+00  3.94E+02  1.00E+00 -5.75E-04 -3.30E-03 -2.82E-02
   4.20  3.93E+02 -3.80E-04  3.68E-03 -2.94E-02 -2.32E-02 -2.12E-02  2.18E-02  2.40E-02  1.70E-01  2.26E-02  1.00E+00  3.94E+02  1.00E+00 -2.58E-04  3.85E-03 -2.88E-02
   4.50  3.93E+02 -1.49E-04  4.25E-03 -3.09E-02 -2.17E-02 -2.05E-02  2.36E-02  2.68E-02  1.76E-01  2.47E-02  1.00E+00  3.94E+02  1.00E+00  1.09E-05  4.46E-03 -3.01E-02
   4.80  3.93E+02  1.00E-03  6.00E-03 -3.24E-02 -2.05E-02 -1.94E-02  2.54E-02  2.98E-02  1.83E-01  2.68E-02  1.00E+00  3.94E+02  1.00E+00  9.60E-04  5.25E-03 -3.13E-02
   5.10  3.93E+02  2.57E-04  3.35E-03 -2.65E-02 -2.01E-02 -1.94E-02  2.99E-02  3.30E-02  1.93E-01  3.01E-02  1.00E+00  3.94E+02  1.00E+00  2.02E-04  2.60E-03 -2.67E-02
   5.40  3.93E+02 -6.18E-04  2.55E-03 -2.90E-02 -2.00E-02 -1.94E-02  3.21E-02  3.67E-02  2.02E-01  3.29E-02  1.00E+00  3.94E+02  1.00E+00 -7.44E-04  1.98E-03 -2.97E-02
   5.70  3.93E+02 -2.64E-04  3.91E-03 -3.46E-02 -2.19E-02 -1.95E-02  3.63E-02  4.06E-02  2.13E-01  3.66E-02  1.00E+00  3.94E+02  1.00E+00 -3.63E-04  3.81E-03 -3.50E-02
   6.00  3.93E+02  2.39E-03  5.83E-03 -2.33E-02 -1.98E-02 -1.91E-02  4.00E-02  4.22E-02  2.20E-01  3.87E-02  1.00E+00  3.94E+02  1.00E+00  2.24E-03  5.50E-03 -2.37E-02
   6.30  3.93E+02  1.77E-03  3.75E-03 -3.14E-02 -1.90E-02 -1.83E-02  4.53E-02  4.77E-02  2.32E-01  4.36E-02  1.00E+00  3.94E+02  1.00E+00  1.55E-03  3.54E-03 -3.16E-02
   6.60  3.93E+02  3.37E-03  6.53E-03 -3.03E-02 -1.85E-02 -1.78E-02  4.87E-02  5.12E-02  2.41E-01  4.66E-02  1.00E+00  3.94E+02  1.00E+00  3.16E-03  6.35E-03 -2.99E-02
   6.90  3.93E+02  7.39E-03  1.61E-02 -2.39E-02 -1.62E-02 -1.67E-02  5.25E-02  5.47E-02  2.52E-01  5.01E-02  1.00E+00  3.94E+02  1.00E+00  7.21E-03  1.60E-02 -2.36E-02
   7.20  3.93E+02  7.82E-03  2.21E-02 -1.94E-02 -1.47E-02 -1.63E-02  5.57E-02  5.80E-02  2.61E-01  5.28E-02  1.00E+00  3.94E+02  1.00E+00  7.41E-03  2.10E-02 -1.88E-02
   7.50  3.93E+02  5.58E-03  2.20E-02 -2.49E-02 -1.33E-02 -1.66E-02  5.89E-02  6.14E-02  2.70E-01  5.58E-02  1.00E+00  3.94E+02  1.00E+00  5.26E-03  2.14E-02 -2.44E-02
   7.80  3.93E+02  9.72E-03  2.88E-02 -2.34E-02 -1.22E-02 -1.68E-02  6.40E-02  6.63E-02  2.84E-01  6.06E-02  1.00E+00  3.94E+02  1.00E+00  9.41E-03  2.77E-02 -2.30E-02
   8.10  3.93E+02  8.72E-03  2.93E-02 -1.98E-02 -1.17E-02 -1.69E-02  6.90E-02  6.88E-02  2.94E-01  6.39E-02  1.00E+00  3.94E+02  1.00E+00  8.53E-03  2.80E-02 -1.97E-02
   8.40  3.92E+02  1.00E-02  3.49E-02 -1.31E-02 -1.24E-02 -1.74E-02  7.18E-02  7.36E-02  3.05E-01  6.72E-02  1.00E+00  3.94E+02  1.00E+00  1.02E-02  3.40E-02 -1.32E-02
   8.70  3.92E+02  1.21E-02  3.49E-02 -3.44E-03 -1.17E-02 -1.83E-02  7.65E-02  7.60E-02  3.14E-01  7.04E-02  1.00E+00  3.94E+02  1.00E+00  1.20E-02  3.33E-02 -2.73E-03
   9.00  7.85E+02  1.52E-02  4.24E-02 -5.60E-03 -1.34E-02 -1.82E-02  8.39E-02  8.45E-02  3.33E-01  7.72E-02  1.00E+00  7.88E+02  2.00E+00  1.55E-02  4.25E-02 -6.05E-03
   9.30  0.00E+00  0.00E+00  0.00E+00  0.00E+00  0.00E+00  0.00E+00  0.00E+00  0.00E+00  0.00E+00  0.00E+00  0.00E+00  0.00E+00  0.00E+00  0.00E+00  0.00E+00  0.00E+00
   9.60  3.92E+02  1.39E-02  3.98E-02 -1.22E-02 -1.29E-02 -1.73E-02  9.04E-02  9.03E-02  3.47E-01  8.24E-02  1.00E+00  3.94E+02  1.00E+00  1.43E-02  4.06E-02 -1.14E-02
   9.90  3.92E+02  1.62E-02  4.56E-02 -1.75E-02 -1.39E-02 -1.65E-02  9.56E-02  9.64E-02  3.60E-01  8.75E-02  1.00E+00  3.94E+02  1.00E+00  1.67E-02  4.69E-02 -1.76E-02
  10.20  3.93E+02  1.71E-02  5.46E-02 -1.67E-02 -1.55E-02 -1.71E-02  9.70E-02  9.95E-02  3.66E-01  8.92E-02  1.00E+00  3.94E+02  1.00E+00  1.76E-02  5.56E-02 -1.63E-02
  10.50  3.93E+02  1.70E-02  5.37E-02 -1.74E-02 -1.62E-02 -1.62E-02  1.02E-01  1.03E-01  3.74E-01  9.26E-02  1.00E+00  3.94E+02  1.00E+00  1.72E-02  5.43E-02 -1.71E-02
  10.80  3.92E+02  1.78E-02  5.71E-02 -2.14E-02 -1.43E-02 -1.49E-02  1.04E-01  1.05E-01  3.79E-01  9.42E-02  1.00E+00  3.94E+02  1.00E+00  1.81E-02  5.84E-02 -2.09E-02
  11.10  3.92E+02  1.54E-02  5.82E-02 -2.93E-02 -1.53E-02 -1.48E-02  1.05E-01  1.06E-01  3.83E-01  9.53E-02  1.00E+00  3.94E+02  1.00E+00  1.60E-02  5.99E-02 -2.91E-02
  11.40  3.92E+02  1.94E-02  6.93E-02 -2.87E-02 -1.43E-02 -1.71E-02  1.09E-01  1.09E-01  3.93E-01  9.87E-02  1.00E+00  3.94E+02  1.00E+00  1.96E-02  7.00E-02 -2.88E-02
  11.70  3.92E+02  1.82E-02  6.67E-02 -2.58E-02 -1.51E-02 -1.64E-02  1.11E-01  1.12E-01  3.99E-01  1.01E-01  1.00E+00  3.94E+02  1.00E+00  1.83E-02  6.72E-02 -2.64E-02
  12.00  3.93E+02  2.18E-02  6.88E-02 -1.57E-02 -1.63E-02 -1.54E-02  1.12E-01  1.14E-01  4.03E-01  1.03E-01  1.00E+00  3.94E+02  1.00E+00  2.20E-02  6.94E-02 -1.54E-02
  12.30  3.92E+02  2.77E-02  7.04E-02 -1.55E-02 -1.91E-02 -1.51E-02  1.14E-01  1.16E-01  4.08E-01  1.04E-01  1.00E+00  3.94E+02  1.00E+00  2.79E-02  7.13E-02 -1.58E-02
  12.60  3.92E+02  3.34E-02  8.19E-02 -1.45E-02 -2.00E-02 -1.46E-02  1.16E-01  1.19E-01  4.13E-01  1.07E-01  1.00E+00  3.94E+02  1.00E+00  3.36E-02  8.26E-02 -1.41E-02
  12.90  3.92E+02  3.73E-02  8.61E-02 -1.19E-02 -1.80E-02 -1.41E-02  1.17E-01  1.21E-01  4.17E-01  1.08E-01  1.00E+00  3.94E+02  1.00E+00  3.75E-02  8.71E-02 -1.21E-02
  13.20  3.92E+02  3.45E-02  8.72E-02 -1.54E-02 -1.57E-02 -1.34E-02  1.17E-01  1.24E-01  4.20E-01  1.09E-01  1.00E+00  3.94E+02  1.00E+00  3.48E-02  8.83E-02 -1.59E-02
  13.50  3.92E+02  3.32E-02  8.35E-02 -1.62E-02 -1.46E-02 -1.31E-02  1.19E-01  1.26E-01  4.25E-01  1.11E-01  1.00E+00  3.94E+02  1.00E+00  3.36E-02  8.46E-02 -1.65E-02
  13.80  3.92E+02  3.69E-02  8.83E-02 -1.28E-02 -1.56E-02 -1.18E-02  1.22E-01  1.26E-01  4.29E-01  1.13E-01  1.00E+00  3.94E+02  1.00E+00  3.71E-02  8.87E-02 -1.33E-02
  14.10  3.93E+02  3.40E-02  8.48E-02 -1.06E-02 -1.61E-02 -1.32E-02  1.25E-01  1.28E-01  4.33E-01  1.14E-01  1.00E+00  3.94E+02  1.00E+00  3.43E-02  8.56E-02 -1.08E-02
  14.40  3.93E+02  3.32E-02  8.41E-02 -6.79E-03 -1.42E-02 -1.38E-02  1.25E-01  1.28E-01  4.34E-01  1.15E-01  1.00E+00  3.94E+02  1.00E+00  3.35E-02  8.52E-02 -7.08E-03
  14.70  3.92E+02  3.22E-02  8.42E-02 -8.71E-03 -1.43E-02 -1.37E-02  1.27E-01  1.29E-01  4.37E-01  1.16E-01  1.00E+00  3.94E+02  1.00E+00  3.24E-02  8.52E-02 -8.87E-03
  15.00  3.92E+02  3.26E-02  8.41E-02 -1.14E-02 -1.43E-02 -1.20E-02  1.29E-01  1.29E-01  4.38E-01  1.17E-01  1.00E+00  3.94E+02  1.00E+00  3.29E-02  8.51E-02 -1.15E-02
  15.30  3.92E+02  3.38E-02  8.74E-02 -6.31E-03 -1.44E-02 -1.15E-02  1.31E-01  1.29E-01  4.39E-01  1.19E-01  1.00E+00  3.94E+02  1.00E+00  3.40E-02  8.83E-02 -6.50E-03
  15.60  3.92E+02  3.19E-02  8.67E-02 -3.60E-03 -1.54E-02 -1.31E-02  1.33E-01  1.30E-01  4.43E-01  1.20E-01  1.00E+00  3.94E+02  1.00E+00  3.21E-02  8.77E-02 -3.25E-03
  15.90  3.92E+02  3.21E-02  8.59E-02 -1.20E-02 -1.50E-02 -1.35E-02  1.32E-01  1.31E-01  4.43E-01  1.20E-01  1.00E+00  3.94E+02  1.00E+00  3.23E-02  8.69E-02 -1.13E-02
  16.20  3.92E+02  3.38E-02  9.09E-02 -8.00E-03 -1.64E-02 -1.42E-02  1.31E-01  1.31E-01  4.43E-01  1.20E-01  1.00E+00  3.94E+02  1.00E+00  3.40E-02  9.16E-02 -7.34E-03
  16.50  3.92E+02  3.95E-02  9.67E-02 -8.75E-03 -1.62E-02 -1.39E-02  1.32E-01  1.31E-01  4.44E-01  1.21E-01  1.00E+00  3.94E+02  1.00E+00  3.97E-02  9.76E-02 -8.28E-03
  16.80  7.84E+02  4.04E-02  1.00E-01 -9.82E-03 -1.74E-02 -1.36E-02  1.33E-01  1.33E-01  4.46E-01  1.22E-01  1.00E+00  7.88E+02  2.00E+00  4.06E-02  1.01E-01 -9.24E-03
  17.10  0.00E+00  0.00E+00  0.00E+00  0.00E+00  0.00E+00  0.00E+00  0.00E+00  0.00E+00  0.00E+00  0.00E+00  0.00E+00  0.00E+00  0.00E+00  0.00E+00  0.00E+00  0.00E+00
  17.40  3.92E+02  4.12E-02  1.02E-01 -2.73E-03 -1.91E-02 -1.34E-02  1.34E-01  1.32E-01  4.47E-01  1.22E-01  1.00E+00  3.94E+02  1.00E+00  4.13E-02  1.02E-01 -2.41E-03
  17.70  3.92E+02  4.28E-02  1.03E-01 -6.71E-03 -1.82E-02 -1.40E-02  1.35E-01  1.34E-01  4.49E-01  1.23E-01  1.00E+00  3.94E+02  1.00E+00  4.29E-02  1.04E-01 -6.62E-03
  18.00  3.92E+02  4.33E-02  1.01E-01 -4.02E-03 -1.83E-02 -1.43E-02  1.35E-01  1.33E-01  4.49E-01  1.23E-01  1.00E+00  3.94E+02  1.00E+00  4.34E-02  1.01E-01 -3.60E-03
  18.30  7.84E+02  4.42E-02  1.04E-01 -1.09E-03 -1.82E-02 -1.48E-02  1.36E-01  1.34E-01  4.52E-01  1.24E-01  1.00E+00  7.88E+02  2.00E+00  4.43E-02  1.05E-01 -6.79E-04
  18.60  0.00E+00  0.00E+00  0.00E+00  0.00E+00  0.00E+00  0.00E+00  0.00E+00  0.00E+00  0.00E+00  0.00E+00  0.00E+00  0.00E+00  0.00E+00  0.00E+00  0.00E+00  0.00E+00
  18.90  3.92E+02  4.33E-02  1.00E-01 -2.64E-03 -1.87E-02 -1.46E-02  1.37E-01  1.35E-01  4.53E-01  1.25E-01  1.00E+00  3.94E+02  1.00E+00  4.34E-02  1.01E-01 -2.22E-03
  19.20  3.92E+02  4.48E-02  1.05E-01 -4.21E-03 -1.88E-02 -1.41E-02  1.36E-01  1.35E-01  4.53E-01  1.25E-01  1.00E+00  3.94E+02  1.00E+00  4.50E-02  1.06E-01 -3.78E-03
  19.50  3.92E+02  4.47E-02  1.05E-01 -8.92E-03 -1.69E-02 -1.41E-02  1.36E-01  1.35E-01  4.53E-01  1.25E-01  1.00E+00  3.94E+02  1.00E+00  4.48E-02  1.06E-01 -8.70E-03
  19.80  3.92E+02  4.42E-02  1.02E-01 -6.60E-03 -1.55E-02 -1.35E-02  1.36E-01  1.35E-01  4.53E-01  1.25E-01  1.00E+00  3.94E+02  1.00E+00  4.43E-02  1.02E-01 -6.55E-03
  20.10  3.92E+02  4.40E-02  1.01E-01 -2.89E-03 -1.49E-02 -1.28E-02  1.36E-01  1.34E-01  4.52E-01  1.25E-01  1.00E+00  3.94E+02  1.00E+00  4.40E-02  1.01E-01 -2.86E-03
  20.40  3.92E+02  4.31E-02  1.00E-01 -3.31E-03 -1.54E-02 -1.20E-02  1.36E-01  1.35E-01  4.53E-01  1.25E-01  1.00E+00  3.94E+02  1.00E+00  4.32E-02  1.01E-01 -3.28E-03
  20.70  3.92E+02  4.29E-02  9.96E-02 -2.38E-03 -1.65E-02 -1.07E-02  1.36E-01  1.35E-01  4.52E-01  1.26E-01  1.00E+00  3.94E+02  1.00E+00  4.30E-02  1.00E-01 -2.35E-03
  21.00  3.92E+02  4.28E-02  1.02E-01 -3.20E-03 -1.29E-02 -9.72E-03  1.36E-01  1.35E-01  4.52E-01  1.25E-01  1.00E+00  3.94E+02  1.00E+00  4.29E-02  1.03E-01 -3.17E-03
  21.30  3.92E+02  4.31E-02  1.04E-01 -7.61E-03 -1.40E-02 -9.37E-03  1.36E-01  1.36E-01  4.53E-01  1.26E-01  1.00E+00  3.94E+02  1.00E+00  4.31E-02  1.05E-01 -7.56E-03
  21.60  3.92E+02  4.36E-02  1.05E-01 -7.41E-03 -1.36E-02 -8.73E-03  1.36E-01  1.36E-01  4.53E-01  1.26E-01  1.00E+00  3.94E+02  1.00E+00  4.36E-02  1.06E-01 -7.36E-03
  21.90  3.92E+02  4.36E-02  1.05E-01 -7.29E-03 -1.13E-02 -8.36E-03  1.36E-01  1.36E-01  4.53E-01  1.26E-01  1.00E+00  3.94E+02  1.00E+00  4.36E-02  1.06E-01 -7.24E-03
  22.20  3.92E+02  4.25E-02  1.03E-01 -9.03E-03 -1.15E-02 -8.34E-03  1.36E-01  1.36E-01  4.54E-01  1.26E-01  1.00E+00  3.94E+02  1.00E+00  4.26E-02  1.03E-01 -8.51E-03
  22.50  3.92E+02  4.19E-02  1.03E-01 -1.03E-02 -1.03E-02 -7.80E-03  1.36E-01  1.36E-01  4.54E-01  1.27E-01  1.00E+00  3.94E+02  1.00E+00  4.20E-02  1.03E-01 -9.81E-03
  22.80  3.92E+02  4.25E-02  1.04E-01 -1.04E-02 -9.65E-03 -6.81E-03  1.36E-01  1.37E-01  4.55E-01  1.27E-01  1.00E+00  3.94E+02  1.00E+00  4.26E-02  1.05E-01 -9.65E-03
  23.10  3.92E+02  4.21E-02  1.02E-01 -6.96E-03 -1.15E-02 -6.83E-03  1.37E-01  1.37E-01  4.55E-01  1.27E-01  1.00E+00  3.94E+02  1.00E+00  4.21E-02  1.02E-01 -6.53E-03
  23.40  3.92E+02  4.22E-02  1.02E-01 -6.17E-03 -1.21E-02 -6.92E-03  1.37E-01  1.37E-01  4.55E-01  1.27E-01  1.00E+00  3.94E+02  1.00E+00  4.22E-02  1.03E-01 -5.74E-03
  23.70  3.92E+02  4.28E-02  1.03E-01 -8.86E-03 -1.24E-02 -6.62E-03  1.37E-01  1.37E-01  4.55E-01  1.27E-01  1.00E+00  3.94E+02  1.00E+00  4.28E-02  1.03E-01 -8.42E-03
  24.00  3.92E+02  4.31E-02  1.04E-01 -9.82E-03 -1.19E-02 -6.04E-03  1.36E-01  1.37E-01  4.55E-01  1.27E-01  1.00E+00  3.94E+02  1.00E+00  4.31E-02  1.04E-01 -9.38E-03
  24.30  3.92E+02  4.20E-02  1.02E-01 -9.33E-03 -1.23E-02 -6.06E-03  1.36E-01  1.37E-01  4.55E-01  1.27E-01  1.00E+00  3.94E+02  1.00E+00  4.20E-02  1.02E-01 -8.89E-03
  24.60  3.92E+02  4.21E-02  1.01E-01 -3.74E-03 -1.09E-02 -5.98E-03  1.36E-01  1.37E-01  4.55E-01  1.27E-01  1.00E+00  3.94E+02  1.00E+00  4.21E-02  1.01E-01 -3.32E-03
  24.90  3.92E+02  4.28E-02  1.02E-01 -1.75E-03 -1.04E-02 -6.18E-03  1.36E-01  1.36E-01  4.54E-01  1.27E-01  1.00E+00  3.94E+02  1.00E+00  4.28E-02  1.03E-01 -1.47E-03
  25.20  3.92E+02  4.23E-02  1.01E-01 -1.73E-03 -1.07E-02 -6.37E-03  1.36E-01  1.37E-01  4.54E-01  1.27E-01  1.00E+00  3.94E+02  1.00E+00  4.22E-02  1.01E-01 -1.45E-03
  25.50  3.92E+02  4.29E-02  1.02E-01 -1.95E-03 -1.06E-02 -6.45E-03  1.36E-01  1.37E-01  4.54E-01  1.27E-01  1.00E+00  3.94E+02  1.00E+00  4.29E-02  1.03E-01 -1.67E-03
  25.80  3.92E+02  4.26E-02  1.01E-01 -5.52E-03 -9.47E-03 -6.64E-03  1.36E-01  1.36E-01  4.55E-01  1.27E-01  1.00E+00  3.94E+02  1.00E+00  4.25E-02  1.01E-01 -5.41E-03
  26.10  3.92E+02  4.18E-02  9.98E-02 -6.18E-03 -9.78E-03 -6.68E-03  1.37E-01  1.36E-01  4.55E-01  1.27E-01  1.00E+00  3.94E+02  1.00E+00  4.18E-02  1.00E-01 -6.06E-03
  26.40  3.92E+02  4.23E-02  1.02E-01 -5.34E-03 -9.37E-03 -6.66E-03  1.37E-01  1.37E-01  4.56E-01  1.28E-01  1.00E+00  3.94E+02  1.00E+00  4.23E-02  1.02E-01 -5.23E-03
  26.70  3.92E+02  4.21E-02  1.01E-01 -4.27E-03 -8.15E-03 -7.02E-03  1.37E-01  1.37E-01  4.56E-01  1.28E-01  1.00E+00  3.94E+02  1.00E+00  4.20E-02  1.01E-01 -4.17E-03
  27.00  3.92E+02  4.08E-02  9.84E-02 -6.27E-03 -6.82E-03 -6.48E-03  1.37E-01  1.37E-01  4.56E-01  1.28E-01  1.00E+00  3.94E+02  1.00E+00  4.09E-02  9.90E-02 -6.01E-03
  27.30  3.92E+02  4.08E-02  9.88E-02 -6.76E-03 -7.09E-03 -6.52E-03  1.36E-01  1.37E-01  4.56E-01  1.28E-01  1.00E+00  3.94E+02  1.00E+00  4.09E-02  9.94E-02 -6.49E-03
  27.60  3.92E+02  4.10E-02  9.99E-02 -4.90E-03 -7.66E-03 -6.53E-03  1.36E-01  1.37E-01  4.55E-01  1.27E-01  1.00E+00  3.94E+02  1.00E+00  4.11E-02  1.01E-01 -4.65E-03
  27.90  3.92E+02  4.11E-02  9.97E-02 -4.89E-03 -8.14E-03 -6.67E-03  1.36E-01  1.37E-01  4.56E-01  1.28E-01  1.00E+00  3.94E+02  1.00E+00  4.11E-02  1.00E-01 -4.63E-03
  28.20  3.92E+02  4.09E-02  9.95E-02 -4.47E-03 -8.87E-03 -6.81E-03  1.36E-01  1.37E-01  4.56E-01  1.28E-01  1.00E+00  3.94E+02  1.00E+00  4.10E-02  1.00E-01 -4.26E-03
  28.50  3.92E+02  4.12E-02  9.89E-02 -5.26E-03 -8.76E-03 -7.21E-03  1.36E-01  1.37E-01  4.56E-01  1.28E-01  1.00E+00  3.94E+02  1.00E+00  4.13E-02  9.97E-02 -5.05E-03
  28.80  3.92E+02  4.14E-02  9.91E-02 -4.06E-03 -1.00E-02 -7.52E-03  1.36E-01  1.36E-01  4.56E-01  1.28E-01  1.00E+00  3.94E+02  1.00E+00  4.14E-02  9.99E-02 -3.86E-03
  29.10  3.92E+02  4.16E-02  9.97E-02 -2.29E-03 -1.14E-02 -7.80E-03  1.37E-01  1.37E-01  4.56E-01  1.28E-01  1.00E+00  3.94E+02  1.00E+00  4.16E-02  1.00E-01 -2.10E-03
  29.40  3.92E+02  4.09E-02  9.91E-02 -1.55E-03 -1.12E-02 -8.01E-03  1.36E-01  1.37E-01  4.56E-01  1.28E-01  1.00E+00  3.94E+02  1.00E+00  4.09E-02  9.99E-02 -1.37E-03
  29.70  3.92E+02  4.07E-02  9.87E-02 -1.40E-03 -1.24E-02 -7.82E-03  1.37E-01  1.37E-01  4.56E-01  1.28E-01  1.00E+00  3.94E+02  1.00E+00  4.08E-02  9.97E-02 -1.11E-03
  30.00  3.92E+02  4.07E-02  9.81E-02 -1.81E-03 -1.24E-02 -7.99E-03  1.37E-01  1.37E-01  4.56E-01  1.28E-01  1.00E+00  3.94E+02  1.00E+00  4.08E-02  9.91E-02 -1.52E-03
