# Particle/energy density (Gauss smear)
# Event=   10 Gaussian width=   1.000
# (1) time
# (2) rho                         (17)
# (3) rho_b                       (18)
# (4)  e(GeV/fm^3)                (19)
# (5)  T_xy                       (20)
# (6)  T_z                        (21)
# (7)  Lorentz invariant rho      (22)
# (8)  Lorentz invariant rho_b    (23)
# (9)  Lorentz invariant e        (24)
# (10) Lorentz invariant p        (25)
# (11) P_perp                     (26)
# (12) P_L                        (27)
# (13) Lorentz invariant T        (28)
# (14) Transeerse of F_x * x      (29)
# (15) full (F_i * i)/3           (30)
# (16) rho_s                      (31)
#   (1)       (2)       (3)       (4)        (5)      (6)        (7)        (8)        (9)        (10)       (11)      (12)      (13)      (14)      (15)       (16)     (17)       (18)       (19)       (20)       (21)       (21)
  0.3000      0.00000000      0.00000000      0.00000000      0.00000000      0.00000000      0.00000000      0.00000000      0.00000000      0.00000000      0.00000000      0.00000000      0.00000000 314080.00000000 209386.66666667      0.00000000       0.00000000      0.00000000      0.00000000      0.00000000      0.00000000      0.00000000      0.00000000      0.00000000      0.00000000      0.00000000      0.00000000      0.00000000      0.00000000      0.00000000      0.00000000
  0.6000      0.00000000      0.00000000      0.00000000      0.00000000      0.00000000      0.00000000      0.00000000      0.00000000      0.00000000      0.00000000      0.00000000      0.00000000      0.00000000      0.00000000      0.00000000       0.00000000      0.00000000      0.00000000      0.00000000      0.00000000      0.00000000      0.00000000      0.00000000      0.00000000      0.00000000      0.00000000      0.00000000      0.00000000      0.00000000      0.00000000
  0.9000      0.01058393      0.01058393      0.01325506      0.00024873      0.00279267      0.01058393      0.01058393      0.01325506      0.00109671      0.00024911      0.00279191      0.10362051      0.00000000      0.00000000      0.00000000       0.01058393      0.01058393      0.01325506      0.00024873      0.00279267      0.01058393      0.01058393      0.01325506      0.00109671      0.00024911      0.00279191      0.10362051      0.00000000      0.00000000      0.00000000
  1.2000      0.01578051      0.01229654      0.01536199      0.00073584      0.00297042      0.01578051      0.01229654      0.01536199      0.00148070      0.00073518      0.00297174      0.09383099      0.00000000      0.00000000      0.01253607       0.01578051      0.01229654      0.01536199      0.00073584      0.00297042      0.01578051      0.01229654      0.01536199      0.00148070      0.00073518      0.00297174      0.09383099      0.00000000      0.00000000      0.00038124
  1.5000      0.03272804      0.02855935      0.03523104      0.00222713      0.00784128      0.03272804      0.02855935      0.03523104      0.00409852      0.00222666      0.00784224      0.12522950      0.00000000      0.00000000      0.14974961       0.03272804      0.02855935      0.03523104      0.00222713      0.00784128      0.03272804      0.02855935      0.03523104      0.00409852      0.00222666      0.00784224      0.12522950      0.00000000      0.00000000      0.00430248
  1.8000      0.04592154      0.04556105      0.05599486      0.00212144      0.01092102      0.04592154      0.04556105      0.05599486      0.00505463      0.00212165      0.01092061      0.11007111      0.00000000      0.00000000      0.17728998       0.04592154      0.04556105      0.05599486      0.00212144      0.01092102      0.04592154      0.04556105      0.05599486      0.00505463      0.00212165      0.01092061      0.11007111      0.00000000      0.00000000      0.00563622
  2.1000      0.04970187      0.04969231      0.06119611      0.00249742      0.01236417      0.04970187      0.04969231      0.06119611      0.00578634      0.00249718      0.01236465      0.11642088      0.00000000      0.00000000      0.21941966       0.04970187      0.04969231      0.06119611      0.00249742      0.01236417      0.04970187      0.04969231      0.06119611      0.00578634      0.00249718      0.01236465      0.11642088      0.00000000      0.03333333      0.00757160
  2.4000      0.09678024      0.09646625      0.11876385      0.00481884      0.02404953      0.09678024      0.09646625      0.11876385      0.01122907      0.00481894      0.02404934      0.11602650      0.05000000      0.03333333      0.25149889       0.09678024      0.09646625      0.11876385      0.00481884      0.02404953      0.09678024      0.09646625      0.11876385      0.01122907      0.00481894      0.02404934      0.11602650      0.00000000      0.00000000      0.00860546
  2.7000      0.15452707      0.15365324      0.18832663      0.00958491      0.03383366      0.15452707      0.15365324      0.18832663      0.01766783      0.00958533      0.03383283      0.11433485      0.00000000      0.00000000      0.27870795       0.15452707      0.15365324      0.18832663      0.00958491      0.03383366      0.15452707      0.15365324      0.18832663      0.01766783      0.00958533      0.03383283      0.11433485      0.00000000      0.00000000      0.00956665
  3.0000      0.17929299      0.17808405      0.21895128      0.01124925      0.04127117      0.17929299      0.17808405      0.21895128      0.02125656      0.01124906      0.04127157      0.11855767      0.00000000      0.00000000      0.00000000       0.17929299      0.17808405      0.21895128      0.01124925      0.04127117      0.17929299      0.17808405      0.21895128      0.02125656      0.01124906      0.04127157      0.11855767      0.00000000      0.00000000      0.00000000
  3.3000      0.22330463      0.21680670      0.27140891      0.01587364      0.05897523      0.22330463      0.21680670      0.27140891      0.03024084      0.01587313      0.05897626      0.13542414      0.00000000      0.00000000      0.00000000       0.22330463      0.21680670      0.27140891      0.01587364      0.05897523      0.22330463      0.21680670      0.27140891      0.03024084      0.01587313      0.05897626      0.13542414      0.00000000      0.00000000      0.00000000
  3.6000      0.28054794      0.26912241      0.33885864      0.02118375      0.07299105      0.28054794      0.26912241      0.33885864      0.03845285      0.02118490      0.07298874      0.13706338      0.00000000      0.00000000      0.00000000       0.28054794      0.26912241      0.33885864      0.02118375      0.07299105      0.28054794      0.26912241      0.33885864      0.03845285      0.02118490      0.07298874      0.13706338      0.00000000      0.00000000      0.00000000
  3.9000      0.31900478      0.30316422      0.38371772      0.02282334      0.07703541      0.31900478      0.30316422      0.38371772      0.04089403      0.02282482      0.07703246      0.12819253      0.07527200      0.05018133      0.00000000       0.31900478      0.30316422      0.38371772      0.02282334      0.07703541      0.31900478      0.30316422      0.38371772      0.04089403      0.02282482      0.07703246      0.12819253      0.00005050      0.00003367      0.00000000
  4.2000      0.34011588      0.33042739      0.41111762      0.02390966      0.07173437      0.34011588      0.33042739      0.41111762      0.03985123      0.02391061      0.07173247      0.11716957      0.00000000      0.00400000      0.00000000       0.34011588      0.33042739      0.41111762      0.02390966      0.07173437      0.34011588      0.33042739      0.41111762      0.03985123      0.02391061      0.07173247      0.11716957      0.00000000      0.05066667      0.00000000
  4.5000      0.34643984      0.34048896      0.42192331      0.02496313      0.07136535      0.34643984      0.34048896      0.42192331      0.04043054      0.02496369      0.07136423      0.11670292      0.10000000      0.06666667      0.00000000       0.34643984      0.34048896      0.42192331      0.02496313      0.07136535      0.34643984      0.34048896      0.42192331      0.04043054      0.02496369      0.07136423      0.11670292      0.00000000      0.00000000      0.00000000
  4.8000      0.37272408      0.35607650      0.44696386      0.02973879      0.07099657      0.37272408      0.35607650      0.44696386      0.04349138      0.02973991      0.07099433      0.11668520      0.00000000      0.00000000      0.00000000       0.37272408      0.35607650      0.44696386      0.02973879      0.07099657      0.37272408      0.35607650      0.44696386      0.04349138      0.02973991      0.07099433      0.11668520      0.00000000      0.00000000      0.00000000
  5.1000      0.41884281      0.39192491      0.49162574      0.03247267      0.08683697      0.41884281      0.39192491      0.49162574      0.05059410      0.03247313      0.08683604      0.12079496      0.00000000      0.00000000      0.00000000       0.41884281      0.39192491      0.49162574      0.03247267      0.08683697      0.41884281      0.39192491      0.49162574      0.05059410      0.03247313      0.08683604      0.12079496      0.00000000      0.00000000      0.00000000
  5.4000      0.42986364      0.41057528      0.51275525      0.03745486      0.07893036      0.42986364      0.41057528      0.51275525      0.05128003      0.03745366      0.07893275      0.11929370      0.00342177      0.01184100      0.00000000       0.42986364      0.41057528      0.51275525      0.03745486      0.07893036      0.42986364      0.41057528      0.51275525      0.05128003      0.03745366      0.07893275      0.11929370      0.23159529      0.15439686      0.00000000
  5.7000      0.46363736      0.44973371      0.56155495      0.03716837      0.08051245      0.46363736      0.44973371      0.56155495      0.05161640      0.03716835      0.08051250      0.11132925      0.05000000      0.03333333      0.00000000       0.46363736      0.44973371      0.56155495      0.03716837      0.08051245      0.46363736      0.44973371      0.56155495      0.05161640      0.03716835      0.08051250      0.11132925      0.04538408      0.03025605      0.00000000
  6.0000      0.48024704      0.46451705      0.57464784      0.04416153      0.07657796      0.48024704      0.46451705      0.57464784      0.05496701      0.04416389      0.07657324      0.11445569      0.02939031      0.04984959      0.00000000       0.48024704      0.46451705      0.57464784      0.04416153      0.07657796      0.48024704      0.46451705      0.57464784      0.05496701      0.04416389      0.07657324      0.11445569      0.05000000      0.06666667      0.00000000
  6.3000      0.50669074      0.49191022      0.60756366      0.05240624      0.07800966      0.50669074      0.49191022      0.60756366      0.06094071      0.05240709      0.07800796      0.12027200     -0.03552213     -0.06276817      0.00000000       0.50669074      0.49191022      0.60756366      0.05240624      0.07800966      0.50669074      0.49191022      0.60756366      0.06094071      0.05240709      0.07800796      0.12027200      0.00256765      0.00171177      0.00000000
  6.6000      0.53869031      0.51884124      0.63804658      0.05722826      0.08690206      0.53869031      0.51884124      0.63804658      0.06711953      0.05722754      0.08690351      0.12459761      0.00000000      0.09517667      0.00000000       0.53869031      0.51884124      0.63804658      0.05722826      0.08690206      0.53869031      0.51884124      0.63804658      0.06711953      0.05722754      0.08690351      0.12459761      0.00001221 488973.30000814      0.00000000
  6.9000      0.55676334      0.54059958      0.66571636      0.05431290      0.09415296      0.55676334      0.54059958      0.66571636      0.06759292      0.05431339      0.09415199      0.12140333      0.14276500 ***************      0.00000000       0.55676334      0.54059958      0.66571636      0.05431290      0.09415296      0.55676334      0.54059958      0.66571636      0.06759292      0.05431339      0.09415199      0.12140333      0.00257033      0.01838022      0.00000000
  7.2000      0.57016880      0.54984876      0.67669905      0.05403211      0.10289818      0.57016880      0.54984876      0.67669905      0.07032080      0.05403252      0.10289735      0.12333330      0.00000000      0.00000000      0.03679234       0.57016880      0.54984876      0.67669905      0.05403211      0.10289818      0.57016880      0.54984876      0.67669905      0.07032080      0.05403252      0.10289735      0.12333330      0.00000000      0.00000000      0.00097020
  7.5000      0.58412706      0.56082972      0.69337206      0.05195778      0.10689281      0.58412706      0.56082972      0.69337206      0.07026946      0.05195808      0.10689223      0.12029825      0.00257033      0.00171355      0.54707852       0.58412706      0.56082972      0.69337206      0.05195778      0.10689281      0.58412706      0.56082972      0.69337206      0.07026946      0.05195808      0.10689223      0.12029825      0.14276500      0.09517667      0.00087317
  7.8000      0.59797112      0.57085132      0.70219473      0.05452813      0.09951355      0.59797112      0.57085132      0.70219473      0.06952327      0.05452858      0.09951264      0.11626526      0.00000000      0.00000000      0.03372331       0.59797112      0.57085132      0.70219473      0.05452813      0.09951355      0.59797112      0.57085132      0.70219473      0.06952327      0.05452858      0.09951264      0.11626526      0.00000000      0.00000000      0.00080963
  8.1000      0.63246556      0.59697038      0.74875946      0.05678526      0.11807796      0.63246556      0.59697038      0.74875946      0.07721616      0.05678525      0.11807797      0.12208753      0.00000000      0.00000000      0.03289381       0.63246556      0.59697038      0.74875946      0.05678526      0.11807796      0.63246556      0.59697038      0.74875946      0.07721616      0.05678525      0.11807797      0.12208753             NaN             NaN      0.00077307
  8.4000      0.65185020      0.61411717      0.76195420      0.05788375      0.10922573      0.65185020      0.61411717      0.76195420      0.07499774      0.05788375      0.10922573      0.11505365      0.00000000      0.00000000      0.08011501       0.65185020      0.61411717      0.76195420      0.05788375      0.10922573      0.65185020      0.61411717      0.76195420      0.07499774      0.05788375      0.10922573      0.11505365      0.00000000      0.00000000      0.00076270
  8.7000      0.64238957      0.62627994      0.76214542      0.05401932      0.10942123      0.64238957      0.62627994      0.76214542      0.07248662      0.05401923      0.10942139      0.11283903      0.00000000      0.00000000      0.03186750       0.64238957      0.62627994      0.76214542      0.05401932      0.10942123      0.64238957      0.62627994      0.76214542      0.07248662      0.05401923      0.10942139      0.11283903      0.00000000      0.00000000      0.00076936
  9.0000      0.67124638      0.64177697      0.78998830      0.05698846      0.10643368      0.67124638      0.64177697      0.78998830      0.07347020      0.05698816      0.10643428      0.10945340      0.00000000      0.00000000      0.00000000       0.67124638      0.64177697      0.78998830      0.05698846      0.10643368      0.67124638      0.64177697      0.78998830      0.07347020      0.05698816      0.10643428      0.10945340      0.07600048      0.05066698      0.00000000
  9.3000      0.69912986      0.65733270      0.81305483      0.06482041      0.11116631      0.69912986      0.65733270      0.81305483      0.08026904      0.06482011      0.11116692      0.11481278      0.00000000      0.00000000      0.00000000       0.69912986      0.65733270      0.81305483      0.06482041      0.11116631      0.69912986      0.65733270      0.81305483      0.08026904      0.06482011      0.11116692      0.11481278      0.00000000      0.00000000      0.00000000
  9.6000      0.72425718      0.67199061      0.82961769      0.06757525      0.11457448      0.72425718      0.67199061      0.82961769      0.08324166      0.06757408      0.11457682      0.11493385      0.00000000      0.00000000      0.00000000       0.72425718      0.67199061      0.82961769      0.06757525      0.11457448      0.72425718      0.67199061      0.82961769      0.08324166      0.06757408      0.11457682      0.11493385      0.00000000      0.00000000      0.00000000
  9.9000      0.71197716      0.68257040      0.84349759      0.06488713      0.11344152      0.71197716      0.68257040      0.84349759      0.08107193      0.06488451      0.11344676      0.11386872      0.00000000      0.00000000      0.00000000       0.71197716      0.68257040      0.84349759      0.06488713      0.11344152      0.71197716      0.68257040      0.84349759      0.08107193      0.06488451      0.11344676      0.11386872      0.00000000      0.00000000      0.00000000
 10.2000      0.73990008      0.69712901      0.86768769      0.07621465      0.11472142      0.73990008      0.69712901      0.86768769      0.08905024      0.07621410      0.11472252      0.12035441      0.00000000      0.00000000      0.00000000       0.73990008      0.69712901      0.86768769      0.07621465      0.11472142      0.73990008      0.69712901      0.86768769      0.08905024      0.07621410      0.11472252      0.12035441      0.00000000      0.00000000      0.00000000
 10.5000      0.74595718      0.70461772      0.86780339      0.07405130      0.10651446      0.74595718      0.70461772      0.86780339      0.08487235      0.07405130      0.10651444      0.11377644      0.00000000      0.00000000      0.00000000       0.74595718      0.70461772      0.86780339      0.07405130      0.10651446      0.74595718      0.70461772      0.86780339      0.08487235      0.07405130      0.10651444      0.11377644      0.00000050      0.00000033      0.00000000
 10.8000      0.77223313      0.71791525      0.89311153      0.08279653      0.10596313      0.77223313      0.71791525      0.89311153      0.09051873      0.08279630      0.10596360      0.11721684      0.00000000      0.01166667      0.00000000       0.77223313      0.71791525      0.89311153      0.08279653      0.10596313      0.77223313      0.71791525      0.89311153      0.09051873      0.08279630      0.10596360      0.11721684      0.00000000      0.06633333      0.00000000
 11.1000      0.76231414      0.72730007      0.89955138      0.07557287      0.11730574      0.76231414      0.72730007      0.89955138      0.08948383      0.07557237      0.11730675      0.11738445      0.00000000      0.00000000      0.00000000       0.76231414      0.72730007      0.89955138      0.07557287      0.11730574      0.76231414      0.72730007      0.89955138      0.08948383      0.07557237      0.11730675      0.11738445      0.00000000      0.00000000      0.00000000
 11.4000      0.77259018      0.74167244      0.91228447      0.07591469      0.11212989      0.77259018      0.74167244      0.91228447      0.08798642      0.07591286      0.11213354      0.11388499      0.00000889      0.00000592      0.00000000       0.77259018      0.74167244      0.91228447      0.07591469      0.11212989      0.77259018      0.74167244      0.91228447      0.08798642      0.07591286      0.11213354      0.11388499      0.00098191      0.00065461      0.00000000
 11.7000      0.76370043      0.74879612      0.91467756      0.07775669      0.11103467      0.76370043      0.74879612      0.91467756      0.08884935      0.07775438      0.11103929      0.11634058      0.00000000      0.06666667      0.00000000       0.76370043      0.74879612      0.91467756      0.07775669      0.11103467      0.76370043      0.74879612      0.91467756      0.08884935      0.07775438      0.11103929      0.11634058      0.20000000      0.13333333      0.00000000
 12.0000      0.79159920      0.75620853      0.93419946      0.07546405      0.11916526      0.79159920      0.75620853      0.93419946      0.09003112      0.07546311      0.11916714      0.11373321      0.11200000      0.07466667      0.00000000       0.79159920      0.75620853      0.93419946      0.07546405      0.11916526      0.79159920      0.75620853      0.93419946      0.09003112      0.07546311      0.11916714      0.11373321     12.16974794      8.11316529      0.00000000
 12.3000      0.81037448      0.76024832      0.94253147      0.07259832      0.13194069      0.81037448      0.76024832      0.94253147      0.09237911      0.07259838      0.13194056      0.11399558      0.00000000      0.00000000      0.00000000       0.81037448      0.76024832      0.94253147      0.07259832      0.13194069      0.81037448      0.76024832      0.94253147      0.09237911      0.07259838      0.13194056      0.11399558      0.00000000      4.31875502      0.00000000
 12.6000      0.79554196      0.75760444      0.93793973      0.06971816      0.12914257      0.79554196      0.75760444      0.93793973      0.08952629      0.06971802      0.12914285      0.11253498     12.17693261      8.11795507      0.00000000       0.79554196      0.75760444      0.93793973      0.06971816      0.12914257      0.79554196      0.75760444      0.93793973      0.08952629      0.06971802      0.12914285      0.11253498      0.00019502      0.00013001      0.00000000
 12.9000      0.77627287      0.74693395      0.91907599      0.07145209      0.11921852      0.77627287      0.74693395      0.91907599      0.08737423      0.07145065      0.11922141      0.11255608      0.00000000      0.83896947      0.00000000       0.77627287      0.74693395      0.91907599      0.07145209      0.11921852      0.77627287      0.74693395      0.91907599      0.08737423      0.07145065      0.11922141      0.11255608      0.00000000      0.00007206      0.00000000
 13.2000      0.76039477      0.72805581      0.88812662      0.06974011      0.09907913      0.76039477      0.72805581      0.88812662      0.07951978      0.06973847      0.09908242      0.10457698      3.45340073      2.73503249      0.11535194       0.76039477      0.72805581      0.88812662      0.06974011      0.09907913      0.76039477      0.72805581      0.88812662      0.07951978      0.06973847      0.09908242      0.10457698      7.09933279      5.05897133      0.00333597
 13.5000      0.74442849      0.72115019      0.88266696      0.07091874      0.09721923      0.74442849      0.72115019      0.88266696      0.07968557      0.07091655      0.09722361      0.10704261      0.41066101      0.71666691      0.19969703       0.74442849      0.72115019      0.88266696      0.07091874      0.09721923      0.74442849      0.72115019      0.88266696      0.07968557      0.07091655      0.09722361      0.10704261      0.07526587      0.14677950      0.00347617
 13.8000      0.71912717      0.69912722      0.85331977      0.06977842      0.09373846      0.71912717      0.69912722      0.85331977      0.07776510      0.06977692      0.09374146      0.10813818      0.37103713      0.24735809      0.11326630       0.71912717      0.69912722      0.85331977      0.06977842      0.09373846      0.71912717      0.69912722      0.85331977      0.07776510      0.06977692      0.09374146      0.10813818      0.02619164      0.01746110      0.00350141
 14.1000      0.72301014      0.68293258      0.83172373      0.06715194      0.09006292      0.72301014      0.68293258      0.83172373      0.07478893      0.06715213      0.09006253      0.10344106      0.00000000      0.00000000      0.10934246       0.72301014      0.68293258      0.83172373      0.06715194      0.09006292      0.72301014      0.68293258      0.83172373      0.07478893      0.06715213      0.09006253      0.10344106      0.00000000      0.00000000      0.00337740
 14.4000      0.70274753      0.66898306      0.81857899      0.06905126      0.08834690      0.70274753      0.66898306      0.81857899      0.07548314      0.06905126      0.08834690      0.10741146      0.00000000      0.00000000      0.23748553       0.70274753      0.66898306      0.81857899      0.06905126      0.08834690      0.70274753      0.66898306      0.81857899      0.07548314      0.06905126      0.08834690      0.10741146      0.00000000      0.00000000      0.00316707
 14.7000      0.68542708      0.64602915      0.78501448      0.06542814      0.08267193      0.68542708      0.64602915      0.78501448      0.07117607      0.06542791      0.08267239      0.10384193      0.00000000      0.00067427      0.10513485       0.68542708      0.64602915      0.78501448      0.06542814      0.08267193      0.68542708      0.64602915      0.78501448      0.07117607      0.06542791      0.08267239      0.10384193      0.00000000      0.00000000      0.00319633
 15.0000      0.64830059      0.62909726      0.76108379      0.06457838      0.07576958      0.64830059      0.62909726      0.76108379      0.06830878      0.06457794      0.07577045      0.10536590      0.00000000      0.00000000      0.00000000       0.64830059      0.62909726      0.76108379      0.06457838      0.07576958      0.64830059      0.62909726      0.76108379      0.06830878      0.06457794      0.07577045      0.10536590      0.00000000      0.00000000      0.00000000
 15.3000      0.62201472      0.60617855      0.72390392      0.06320149      0.06473796      0.62201472      0.60617855      0.72390392      0.06371365      0.06320046      0.06474002      0.10243110      0.00546710      0.00367358      0.00000000       0.62201472      0.60617855      0.72390392      0.06320149      0.06473796      0.62201472      0.60617855      0.72390392      0.06371365      0.06320046      0.06474002      0.10243110      0.00478204      0.03450803      0.00000000
 15.6000      0.59255921      0.57529665      0.68200814      0.05922876      0.05538137      0.59255921      0.57529665      0.68200814      0.05794629      0.05922801      0.05538287      0.09778988      0.05014601      0.07453067      0.00000000       0.59255921      0.57529665      0.68200814      0.05922876      0.05538137      0.59255921      0.57529665      0.68200814      0.05794629      0.05922801      0.05538287      0.09778988      0.00000000      0.00000000      0.00000000
 15.9000      0.56108938      0.54831825      0.64900742      0.05646395      0.05411383      0.56108938      0.54831825      0.64900742      0.05568058      0.05646278      0.05411617      0.09923656      0.00000000      0.00000000      0.00000000       0.56108938      0.54831825      0.64900742      0.05646395      0.05411383      0.56108938      0.54831825      0.64900742      0.05568058      0.05646278      0.05411617      0.09923656      0.00000000      0.00000000      0.00000000
 16.2000      0.53529621      0.52233462      0.62141130      0.05068899      0.05494517      0.53529621      0.52233462      0.62141130      0.05210771      0.05068762      0.05494790      0.09734370      0.00000000      0.01053213      0.03784663       0.53529621      0.52233462      0.62141130      0.05068899      0.05494517      0.53529621      0.52233462      0.62141130      0.05210771      0.05068762      0.05494790      0.09734370      0.00000000      0.00000000      0.00099495
 16.5000      0.50901725      0.49152455      0.57983351      0.04593770      0.05114023      0.50901725      0.49152455      0.57983351      0.04767188      0.04593673      0.05114218      0.09365474      0.12049665      0.11636443      0.03579114       0.50901725      0.49152455      0.57983351      0.04593770      0.05114023      0.50901725      0.49152455      0.57983351      0.04767188      0.04593673      0.05114218      0.09365474      0.09396000      0.06264000      0.00084506
 16.8000      0.47803211      0.46660341      0.54852698      0.04043337      0.04615943      0.47803211      0.46660341      0.54852698      0.04234206      0.04043336      0.04615946      0.08857576      0.00000000      0.03339071      0.03368782       0.47803211      0.46660341      0.54852698      0.04043337      0.04615943      0.47803211      0.46660341      0.54852698      0.04234206      0.04043336      0.04615946      0.08857576      0.00000000      0.00000000      0.00070719
 17.1000      0.46526312      0.43975686      0.51569530      0.03880439      0.04217344      0.46526312      0.43975686      0.51569530      0.03992741      0.03880471      0.04217280      0.08581683      0.00000000      0.00000000      0.03350341       0.46526312      0.43975686      0.51569530      0.03880439      0.04217344      0.46526312      0.43975686      0.51569530      0.03992741      0.03880471      0.04217280      0.08581683      0.00000000      0.00000000      0.00067089
 17.4000      0.45240927      0.41894701      0.49296532      0.03859489      0.03549387      0.45240927      0.41894701      0.49296532      0.03756121      0.03859533      0.03549298      0.08302486      0.00000000      0.00000000      0.03357226       0.45240927      0.41894701      0.49296532      0.03859489      0.03549387      0.45240927      0.41894701      0.49296532      0.03756121      0.03859533      0.03549298      0.08302486      0.00000000      0.00000000      0.00067703
 17.7000      0.43813787      0.40005442      0.46732846      0.03823890      0.03381723      0.43813787      0.40005442      0.46732846      0.03676501      0.03823936      0.03381631      0.08391197      0.00000000      0.00000000      0.03177847       0.43813787      0.40005442      0.46732846      0.03823890      0.03381723      0.43813787      0.40005442      0.46732846      0.03676501      0.03823936      0.03381631      0.08391197      0.00000000      0.00000000      0.00062999
 18.0000      0.40272045      0.38355437      0.44462076      0.03494632      0.03166044      0.40272045      0.38355437      0.44462076      0.03385102      0.03494709      0.03165889      0.08405589      0.00000000      0.00000000      0.03032269       0.40272045      0.38355437      0.44462076      0.03494632      0.03166044      0.40272045      0.38355437      0.44462076      0.03385102      0.03494709      0.03165889      0.08405589      0.00000000      0.00000000      0.00060150
 18.3000      0.38982805      0.37214487      0.43039432      0.03306105      0.03406318      0.38982805      0.37214487      0.43039432      0.03339509      0.03306284      0.03405960      0.08566621      0.00000000      0.00000000      0.02884311       0.38982805      0.37214487      0.43039432      0.03306105      0.03406318      0.38982805      0.37214487      0.43039432      0.03339509      0.03306284      0.03405960      0.08566621      0.00000000      0.00000000      0.00058540
 18.6000      0.36437172      0.35450124      0.40624647      0.03070879      0.02868759      0.36437172      0.35450124      0.40624647      0.03003506      0.03071034      0.02868448      0.08242971      0.00000000      0.00000000      0.02685636       0.36437172      0.35450124      0.40624647      0.03070879      0.02868759      0.36437172      0.35450124      0.40624647      0.03003506      0.03071034      0.02868448      0.08242971      0.00000000      0.00000000      0.00057500
 18.9000      0.35353874      0.33736250      0.38551940      0.02998266      0.02623645      0.35353874      0.33736250      0.38551940      0.02873392      0.02998402      0.02623372      0.08127517      0.00000000      0.00000000      0.02516996       0.35353874      0.33736250      0.38551940      0.02998266      0.02623645      0.35353874      0.33736250      0.38551940      0.02873392      0.02998402      0.02623372      0.08127517      0.00000000      0.00000000      0.00055270
 19.2000      0.34421148      0.32017957      0.36217938      0.02808840      0.02396659      0.34421148      0.32017957      0.36217938      0.02671446      0.02808914      0.02396511      0.07761061      1.44551760      1.94625190 838860.82407286       0.34421148      0.32017957      0.36217938      0.02808840      0.02396659      0.34421148      0.32017957      0.36217938      0.02671446      0.02808914      0.02396511      0.07761061      0.00011130      0.00007420      0.00055698
 19.5000      0.32973166      0.30526954      0.34083740      0.02596940      0.02353536      0.32973166      0.30526954      0.34083740      0.02515805      0.02596984      0.02353448      0.07629857      0.00000000      0.00000000      0.02248084       0.32973166      0.30526954      0.34083740      0.02596940      0.02353536      0.32973166      0.30526954      0.34083740      0.02515805      0.02596984      0.02353448      0.07629857      0.00000000      0.00000000      0.00055946
 19.8000      0.32096441      0.29148057      0.32810320      0.02451614      0.02366611      0.32096441      0.29148057      0.32810320      0.02423280      0.02451662      0.02366516      0.07549996      0.00000000      0.00000000      0.02169073       0.32096441      0.29148057      0.32810320      0.02451614      0.02366611      0.32096441      0.29148057      0.32810320      0.02423280      0.02451662      0.02366516      0.07549996      0.00000000      0.00333333      0.00058401
 20.1000      0.31338204      0.27920510      0.31600612      0.02301475      0.02571733      0.31338204      0.27920510      0.31600612      0.02391561      0.02301584      0.02571515      0.07631455      0.05936956      0.03957971      0.02057163       0.31338204      0.27920510      0.31600612      0.02301475      0.02571733      0.31338204      0.27920510      0.31600612      0.02391561      0.02301584      0.02571515      0.07631455      0.00000000      0.00000000      0.00059245
 20.4000      0.28708455      0.26596191      0.29743053      0.02117738      0.02086550      0.28708455      0.26596191      0.29743053      0.02107342      0.02117743      0.02086539      0.07340492      0.00000000      0.00000000      0.01944984       0.28708455      0.26596191      0.29743053      0.02117738      0.02086550      0.28708455      0.26596191      0.29743053      0.02107342      0.02117743      0.02086539      0.07340492      0.00000000      0.00000000      0.00058847
 20.7000      0.25984647      0.25403162      0.27845540      0.01892915      0.01578314      0.25984647      0.25403162      0.27845540      0.01788048      0.01892905      0.01578334      0.06881172      0.00000000      0.00000000      0.01818046       0.25984647      0.25403162      0.27845540      0.01892915      0.01578314      0.25984647      0.25403162      0.27845540      0.01788048      0.01892905      0.01578334      0.06881172             NaN             NaN      0.00056700
 21.0000      0.25213769      0.24311381      0.26624132      0.01790717      0.01602408      0.25213769      0.24311381      0.26624132      0.01727947      0.01790710      0.01602421      0.06853187      0.00000000      0.00000000      0.01699659       0.25213769      0.24311381      0.26624132      0.01790717      0.01602408      0.25213769      0.24311381      0.26624132      0.01727947      0.01790710      0.01602421      0.06853187      0.00000000      0.00000000      0.00052797
 21.3000      0.23525431      0.23287787      0.25472283      0.01714692      0.01504997      0.23525431      0.23287787      0.25472283      0.01644794      0.01714689      0.01505003      0.06991556      0.00000000      0.00000000      0.01565194       0.23525431      0.23287787      0.25472283      0.01714692      0.01504997      0.23525431      0.23287787      0.25472283      0.01644794      0.01714689      0.01505003      0.06991556      0.00000000      0.00000000      0.00047271
 21.6000      0.22414711      0.22306072      0.24285260      0.01619889      0.01371043      0.22414711      0.22306072      0.24285260      0.01536940      0.01619876      0.01371068      0.06856837      0.00000000      0.00000000      0.01413755       0.22414711      0.22306072      0.24285260      0.01619889      0.01371043      0.22414711      0.22306072      0.24285260      0.01536940      0.01619876      0.01371068      0.06856837      0.00000000      0.00000000      0.00040717
 21.9000      0.21208819      0.21120209      0.22825859      0.01480644      0.01263038      0.21208819      0.21120209      0.22825859      0.01408108      0.01480640      0.01263045      0.06639259      0.00000000      0.00000000      0.01244642       0.21208819      0.21120209      0.22825859      0.01480644      0.01263038      0.21208819      0.21120209      0.22825859      0.01408108      0.01480640      0.01263045      0.06639259      0.00000000      0.00000000      0.00033669
 22.2000      0.20494321      0.19937621      0.21582217      0.01425060      0.01122414      0.20494321      0.19937621      0.21582217      0.01324178      0.01425079      0.01122376      0.06461193      0.00749535      0.00500974      0.01096884       0.20494321      0.19937621      0.21582217      0.01425060      0.01122414      0.20494321      0.19937621      0.21582217      0.01324178      0.01425079      0.01122376      0.06461193      0.02606241      0.02019094      0.00027011
 22.5000      0.19651613      0.18649908      0.20137582      0.01357781      0.00971483      0.19651613      0.18649908      0.20137582      0.01229015      0.01357827      0.00971390      0.06254014      0.00095091      0.00304637      0.00955153       0.19651613      0.18649908      0.20137582      0.01357781      0.00971483      0.19651613      0.18649908      0.20137582      0.01229015      0.01357827      0.00971390      0.06254014      0.00000000      0.05584067      0.00020982
 22.8000      0.17780660      0.17344916      0.18503069      0.01171437      0.00827218      0.17780660      0.17344916      0.18503069      0.01056697      0.01171451      0.00827190      0.05942958      0.00406080      0.00335225      0.00823219       0.17780660      0.17344916      0.18503069      0.01171437      0.00827218      0.17780660      0.17344916      0.18503069      0.01056697      0.01171451      0.00827190      0.05942958      0.00460310      0.00306873      0.00015838
 23.1000      0.16791653      0.16155314      0.17194178      0.01087504      0.00723756      0.16791653      0.16155314      0.17194178      0.00966255      0.01087517      0.00723730      0.05754375      0.14560791      0.09707194      0.00701607       0.16791653      0.16155314      0.17194178      0.01087504      0.00723756      0.16791653      0.16155314      0.17194178      0.00966255      0.01087517      0.00723730      0.05754375      0.07280395      0.04853597      0.00011639
 23.4000      0.15036715      0.14973578      0.15953404      0.00909549      0.00685178      0.15036715      0.14973578      0.15953404      0.00834758      0.00909564      0.00685148      0.05551468      4.91954188      3.27969459      0.00592616       0.15036715      0.14973578      0.15953404      0.00909549      0.00685178      0.15036715      0.14973578      0.15953404      0.00834758      0.00909564      0.00685148      0.05551468      0.00000000      0.00000000      0.00008354
 23.7000      0.13885665      0.13849913      0.14824776      0.00837759      0.00718413      0.13885665      0.13849913      0.14824776      0.00797977      0.00837792      0.00718347      0.05746766      0.00274927      0.00183285      0.00496889       0.13885665      0.13849913      0.14824776      0.00837759      0.00718413      0.13885665      0.13849913      0.14824776      0.00797977      0.00837792      0.00718347      0.05746766      0.00136025      0.00090684      0.00005872
 24.0000      0.13806697      0.12743458      0.13742715      0.00829700      0.00674501      0.13806697      0.12743458      0.13742715      0.00777967      0.00829688      0.00674524      0.05634706      0.00000000      0.00000000      0.00414868       0.13806697      0.12743458      0.13742715      0.00829700      0.00674501      0.13806697      0.12743458      0.13742715      0.00777967      0.00829688      0.00674524      0.05634706      0.00000000      0.00000000      0.00004055
 24.3000      0.12650078      0.11722510      0.12539478      0.00738940      0.00544333      0.12650078      0.11722510      0.12539478      0.00674071      0.00738912      0.00544388      0.05328592      0.00000000      0.03331739      0.00346102       0.12650078      0.11722510      0.12539478      0.00738940      0.00544333      0.12650078      0.11722510      0.12539478      0.00674071      0.00738912      0.00544388      0.05328592      0.00000000      0.00000000      0.00002762
 24.6000      0.11137027      0.10811881      0.11456570      0.00567218      0.00446895      0.11137027      0.10811881      0.11456570      0.00527110      0.00567217      0.00446898      0.04732954      0.00000000      0.00000000      0.00289139       0.11137027      0.10811881      0.11456570      0.00567218      0.00446895      0.11137027      0.10811881      0.11456570      0.00527110      0.00567217      0.00446898      0.04732954      0.00000000      0.00000000      0.00001868
 24.9000      0.10624973      0.10068593      0.10706728      0.00534885      0.00396602      0.10624973      0.10068593      0.10706728      0.00488791      0.00534880      0.00396614      0.04600397      0.01239050      0.00826033      0.00242430       0.10624973      0.10068593      0.10706728      0.00534885      0.00396602      0.10624973      0.10068593      0.10706728      0.00488791      0.00534880      0.00396614      0.04600397      0.00000000      0.00000000      0.00001268
 25.2000      0.10741539      0.09457614      0.10114650      0.00522505      0.00489800      0.10741539      0.09457614      0.10114650      0.00511603      0.00522516      0.00489776      0.04762847      0.00000000      0.00000000 838860.80214782       0.10741539      0.09457614      0.10114650      0.00522505      0.00489800      0.10741539      0.09457614      0.10114650      0.00511603      0.00522516      0.00489776      0.04762847      0.00000000      0.00000000      0.00000000
 25.5000      0.09794856      0.08895722      0.09345396      0.00512476      0.00344959      0.09794856      0.08895722      0.09345396      0.00456637      0.00512474      0.00344964      0.04662008      0.00000000      0.00000000      0.00000000       0.09794856      0.08895722      0.09345396      0.00512476      0.00344959      0.09794856      0.08895722      0.09345396      0.00456637      0.00512474      0.00344964      0.04662008      0.00000000      0.00000000      0.00000000
 25.8000      0.09038058      0.08441689      0.08757138      0.00458615      0.00286491      0.09038058      0.08441689      0.08757138      0.00401241      0.00458621      0.00286480      0.04439456      0.00000000      0.00000000      0.00000000       0.09038058      0.08441689      0.08757138      0.00458615      0.00286491      0.09038058      0.08441689      0.08757138      0.00401241      0.00458621      0.00286480      0.04439456      0.00000000      0.00000000      0.00000000
 26.1000      0.08077969      0.08065403      0.08253111      0.00381522      0.00256492      0.08077969      0.08065403      0.08253111      0.00339845      0.00381534      0.00256467      0.04207061      1.53340025      2.06410916      0.00000000       0.08077969      0.08065403      0.08253111      0.00381522      0.00256492      0.08077969      0.08065403      0.08253111      0.00339845      0.00381534      0.00256467      0.04207061      0.00031052      0.00020702      0.00000000
 26.4000      0.07726591      0.07711395      0.07915238      0.00360212      0.00270181      0.07726591      0.07711395      0.07915238      0.00330202      0.00360215      0.00270176      0.04273576      0.01630529      0.01087020      0.00130194       0.07726591      0.07711395      0.07915238      0.00360212      0.00270181      0.07726591      0.07711395      0.07915238      0.00330202      0.00360215      0.00270176      0.04273576      0.01958026      0.01305351      0.00000374
 26.7000      0.07427769      0.07407077      0.07592251      0.00346886      0.00252268      0.07427769      0.07407077      0.07592251      0.00315347      0.00346888      0.00252265      0.04245511      0.06383673      0.04355782      0.00119461       0.07427769      0.07407077      0.07592251      0.00346886      0.00252268      0.07427769      0.07407077      0.07592251      0.00315347      0.00346888      0.00252265      0.04245511      0.05390000      0.03926667      0.00000358
 27.0000      0.07115866      0.07085888      0.07252740      0.00320109      0.00257427      0.07115866      0.07085888      0.07252740      0.00299215      0.00320113      0.00257418      0.04204895      0.05455494      0.03636996      0.00112287       0.07115866      0.07085888      0.07252740      0.00320109      0.00257427      0.07115866      0.07085888      0.07252740      0.00299215      0.00320113      0.00257418      0.04204895      0.00000050      0.00000033      0.00000361
 27.3000      0.06855328      0.06828371      0.06971532      0.00308542      0.00250012      0.06855328      0.06828371      0.06971532      0.00289032      0.00308552      0.00249991      0.04216165      0.01750000      0.01166667      0.00107397       0.06855328      0.06828371      0.06971532      0.00308542      0.00250012      0.06855328      0.06828371      0.06971532      0.00289032      0.00308552      0.00249991      0.04216165      0.09950000      0.06633333      0.00000000
 27.6000      0.06618403      0.06589634      0.06717229      0.00297349      0.00234489      0.06618403      0.06589634      0.06717229      0.00276396      0.00297362      0.00234464      0.04176173      0.00000000      0.00000000      0.00000000       0.06618403      0.06589634      0.06717229      0.00297349      0.00234489      0.06618403      0.06589634      0.06717229      0.00276396      0.00297362      0.00234464      0.04176173      0.00000000      0.00000000      0.00000000
 27.9000      0.06406004      0.06345891      0.06453745      0.00284861      0.00220664      0.06406004      0.06345891      0.06453745      0.00263462      0.00284881      0.00220624      0.04112740      0.00000000      0.00000000      0.00000000       0.06406004      0.06345891      0.06453745      0.00284861      0.00220664      0.06406004      0.06345891      0.06453745      0.00263462      0.00284881      0.00220624      0.04112740      0.00000000      0.00000000      0.00000000
 28.2000      0.06188825      0.06112190      0.06209885      0.00272212      0.00205219      0.06188825      0.06112190      0.06209885      0.00249881      0.00272236      0.00205172      0.04037616      0.00000000      0.00000000      0.00000000       0.06188825      0.06112190      0.06209885      0.00272212      0.00205219      0.06188825      0.06112190      0.06209885      0.00249881      0.00272236      0.00205172      0.04037616      0.00000000      4.99699719      0.00000000
 28.5000      0.05975859      0.05880648      0.05967566      0.00258898      0.00189333      0.05975859      0.05880648      0.05967566      0.00235710      0.00258924      0.00189280      0.03944365     -0.00000000     -0.00000000      0.00000000       0.05975859      0.05880648      0.05967566      0.00258898      0.00189333      0.05975859      0.05880648      0.05967566      0.00235710      0.00258924      0.00189280      0.03944365             NaN             NaN      0.00000000
 28.8000      0.05766387      0.05651893      0.05728215      0.00245184      0.00173713      0.05766387      0.05651893      0.05728215      0.00221360      0.00245213      0.00173655      0.03838800      0.00000000      0.00000000      0.00000000       0.05766387      0.05651893      0.05728215      0.00245184      0.00173713      0.05766387      0.05651893      0.05728215      0.00221360      0.00245213      0.00173655      0.03838800      0.00000000      0.00000000      0.00000000
 29.1000      0.05561754      0.05426435      0.05491700      0.00231329      0.00158392      0.05561754      0.05426435      0.05491700      0.00207017      0.00231360      0.00158331      0.03722147      0.00000000      0.00265019      0.00000000       0.05561754      0.05426435      0.05491700      0.00231329      0.00158392      0.05561754      0.05426435      0.05491700      0.00207017      0.00231360      0.00158331      0.03722147      0.02500000      0.01948267      0.00000000
 29.4000      0.05501675      0.05208547      0.05280361      0.00222690      0.00157902      0.05501675      0.05208547      0.05280361      0.00201094      0.00222715      0.00157851      0.03655138      0.00000000      0.00336486      0.00000000       0.05501675      0.05208547      0.05280361      0.00222690      0.00157902      0.05501675      0.05208547      0.05280361      0.00201094      0.00222715      0.00157851      0.03655138      0.00000000      0.05584067      0.00000000
 29.7000      0.05289613      0.04987393      0.05047092      0.00208835      0.00140281      0.05289613      0.04987393      0.05047092      0.00185984      0.00208861      0.00140230      0.03516020      0.00698002 ***************      0.00000000       0.05289613      0.04987393      0.05047092      0.00208835      0.00140281      0.05289613      0.04987393      0.05047092      0.00185984      0.00208861      0.00140230      0.03516020 *************** ***************      0.00000000
 30.0000      0.05089744      0.04772518      0.04823222      0.00195893      0.00123239      0.05089744      0.04772518      0.04823222      0.00171675      0.00195917      0.00123190      0.03372953      0.00000000 ***************      0.00000000       0.05089744      0.04772518      0.04823222      0.00195893      0.00123239      0.05089744      0.04772518      0.04823222      0.00171675      0.00195917      0.00123190      0.03372953 *************** ***************      0.00000000
