# Mesons: yproj=  0.740 ycut/yproj=  1.000
# time(fm/c) N(det) px(dir) v1 v2 eps eps(t) px^2 py^2 pt^2 alp Edir N(det-all) N(all) px(dir) v1 v2
# 1          2      3       4  5  6   7      8    9    10   11  12         13     14      15 16
   0.00  0.00E+00  0.00E+00  0.00E+00  0.00E+00  0.00E+00  0.00E+00  0.00E+00  0.00E+00  0.00E+00  0.00E+00  0.00E+00  0.00E+00  1.00E+00  0.00E+00  0.00E+00  0.00E+00
   0.30  0.00E+00  0.00E+00  0.00E+00  0.00E+00  0.00E+00  0.00E+00  0.00E+00  0.00E+00  0.00E+00  0.00E+00  0.00E+00  0.00E+00  1.00E+00  0.00E+00  0.00E+00  0.00E+00
   0.60  0.00E+00  0.00E+00  0.00E+00  0.00E+00  0.00E+00  0.00E+00  0.00E+00  0.00E+00  0.00E+00  0.00E+00  0.00E+00  0.00E+00  1.00E+00  0.00E+00  0.00E+00  0.00E+00
   0.90  1.00E-01 -1.64E-01 -9.99E-01  9.98E-01  6.78E-01  8.32E-01  2.68E-02  3.20E-05  1.64E-01  7.73E-02  1.00E+00  1.00E-01  1.00E+00 -1.64E-01 -9.99E-01  9.98E-01
   1.20  1.00E-01 -1.64E-01 -9.99E-01  9.98E-01  6.78E-01  9.69E-01  2.68E-02  3.20E-05  1.64E-01  7.73E-02  1.00E+00  1.00E-01  1.00E+00 -1.64E-01 -9.99E-01  9.98E-01
   1.50  1.00E-01 -1.22E-02 -1.05E-01 -9.78E-01 -9.99E-01 -9.98E-01  1.50E-04  1.35E-02  1.17E-01  4.24E-02  1.00E+00  1.00E-01  1.00E+00 -1.22E-02 -1.05E-01 -9.78E-01
   1.80  1.00E-01  2.61E-01  8.74E-01  5.27E-01 -6.06E-01 -5.84E-01  6.80E-02  2.11E-02  2.99E-01  1.90E-01  1.00E+00  1.00E-01  1.00E+00  2.61E-01  8.74E-01  5.27E-01
   2.10  1.00E-01  2.61E-01  8.74E-01  5.27E-01 -6.06E-01 -4.83E-01  6.80E-02  2.11E-02  2.99E-01  1.90E-01  1.00E+00  2.00E-01  1.00E+00  1.26E-01  4.18E-01 -2.35E-01
   2.40  3.00E-01  1.26E-01  7.89E-01  2.74E-01  3.79E-01  3.91E-01  1.70E-02  1.11E-02  1.61E-01  7.57E-02  1.00E+00  5.00E-01  1.00E+00  1.15E-01  6.59E-01  1.40E-01
   2.70  5.00E-01 -1.21E-01 -2.67E-01 -2.32E-01  4.39E-02  5.48E-02  4.10E-02  8.26E-02  3.44E-01  2.34E-01  1.00E+00  8.00E-01  1.00E+00 -4.75E-02 -3.89E-02 -2.79E-01
   3.00  7.00E-01 -3.63E-02  1.64E-02  1.52E-01 -1.04E-01 -1.81E-01  3.75E-02  5.05E-02  2.74E-01  1.73E-01  1.00E+00  1.00E+00  1.00E+00  1.50E-02  2.17E-01  1.98E-01
   3.30  1.00E+00 -6.02E-02 -2.14E-01  2.23E-01  1.30E-01  4.40E-02  3.95E-02  3.97E-02  2.49E-01  1.56E-01  1.00E+00  1.20E+00  1.00E+00 -3.50E-02 -9.02E-02  1.86E-01
   3.60  1.60E+00 -5.30E-02 -9.69E-02  2.04E-01  1.23E-01  5.85E-02  4.17E-02  4.35E-02  2.62E-01  1.56E-01  1.00E+00  1.70E+00  1.00E+00 -3.99E-02 -3.26E-02  2.50E-01
   3.90  1.40E+00  3.46E-03  6.42E-02  2.18E-01 -4.51E-02 -1.30E-01  5.32E-02  4.81E-02  2.79E-01  1.69E-01  1.00E+00  1.80E+00  1.00E+00  2.23E-02  1.53E-01  3.31E-01
   4.20  1.60E+00  6.39E-02  9.93E-02  9.99E-02 -7.63E-03 -1.16E-01  7.25E-02  3.59E-02  2.73E-01  1.79E-01  1.00E+00  2.00E+00  1.00E+00  6.10E-02  1.42E-01  1.43E-01
   4.50  1.80E+00  6.45E-02  2.76E-01  1.89E-01 -1.13E-01 -1.30E-01  7.12E-02  2.32E-02  2.46E-01  1.56E-01  1.00E+00  2.50E+00  1.00E+00  5.20E-02  2.24E-01  1.38E-01
   4.80  2.30E+00  4.02E-02  1.73E-01  2.59E-01 -1.06E-02 -1.11E-02  6.07E-02  1.99E-02  2.26E-01  1.39E-01  1.00E+00  3.10E+00  1.00E+00  3.98E-02  2.15E-01  1.78E-01
   5.10  2.70E+00 -1.19E-02  1.42E-02  7.50E-02  5.39E-02  1.13E-01  5.72E-02  3.42E-02  2.62E-01  1.65E-01  1.00E+00  3.50E+00  1.00E+00 -8.38E-04  9.37E-02  2.55E-02
   5.40  2.70E+00 -4.82E-02 -1.45E-01  6.85E-02  2.81E-02  3.25E-02  4.83E-02  4.49E-02  2.71E-01  1.73E-01  1.00E+00  3.80E+00  1.00E+00 -1.97E-02  1.55E-02 -2.09E-03
   5.70  4.00E+00 -1.13E-02  5.34E-04 -6.33E-02  1.34E-01  1.13E-01  3.75E-02  4.31E-02  2.57E-01  1.57E-01  1.00E+00  5.00E+00  1.00E+00 -1.57E-02  7.32E-03 -7.02E-02
   6.00  5.40E+00 -1.06E-02 -3.07E-02  1.44E-02  8.00E-02  6.27E-02  3.05E-02  3.69E-02  2.33E-01  1.36E-01  1.00E+00  6.30E+00  1.00E+00 -7.38E-03  5.27E-03  9.72E-03
   6.30  6.10E+00 -1.49E-02 -7.32E-02  8.80E-02  3.12E-02  3.25E-02  3.28E-02  3.60E-02  2.35E-01  1.37E-01  1.00E+00  7.40E+00  1.00E+00 -1.09E-02 -4.39E-02  4.95E-03
   6.60  7.00E+00 -4.96E-03 -1.24E-02  5.32E-02  2.32E-02  1.22E-02  2.97E-02  3.45E-02  2.27E-01  1.30E-01  1.00E+00  8.10E+00  1.00E+00  1.60E-03  2.53E-02  5.08E-02
   6.90  7.70E+00  1.45E-02  4.03E-02  3.83E-03 -7.96E-02 -6.95E-02  3.19E-02  5.25E-02  2.52E-01  1.52E-01  1.00E+00  9.20E+00  1.00E+00  1.59E-02  5.73E-02  9.30E-04
   7.20  9.00E+00  5.10E-03 -3.75E-02  1.00E-02 -2.76E-03  3.10E-02  3.01E-02  3.89E-02  2.29E-01  1.35E-01  1.00E+00  1.12E+01  1.00E+00  8.66E-03 -1.02E-02 -2.19E-02
   7.50  9.90E+00 -6.37E-03 -8.75E-02 -3.16E-02 -6.07E-02 -3.06E-02  2.99E-02  3.56E-02  2.25E-01  1.31E-01  1.00E+00  1.18E+01  1.00E+00 -8.46E-03 -9.05E-02 -2.49E-02
   7.80  1.09E+01  2.12E-03 -9.47E-04 -3.77E-03 -1.41E-01 -1.20E-01  3.05E-02  4.01E-02  2.35E-01  1.38E-01  1.00E+00  1.30E+01  1.00E+00  4.51E-03  1.04E-02 -1.10E-02
   8.10  1.13E+01  2.53E-02  7.07E-02  7.97E-02 -1.10E-02  8.93E-03  3.73E-02  4.23E-02  2.46E-01  1.48E-01  1.00E+00  1.29E+01  1.00E+00  2.26E-02  6.42E-02  4.34E-02
   8.40  1.11E+01  2.81E-02  4.29E-02  6.39E-02 -3.47E-02  6.92E-04  3.87E-02  3.93E-02  2.49E-01  1.49E-01  1.00E+00  1.37E+01  1.00E+00  1.90E-02  2.23E-03  5.58E-02
   8.70  1.13E+01 -7.38E-04 -4.41E-02  1.41E-03 -1.00E-02  1.02E-02  3.86E-02  4.00E-02  2.48E-01  1.52E-01  1.00E+00  1.38E+01  1.00E+00  1.43E-04 -4.78E-02  1.58E-02
   9.00  2.63E+01 -1.64E-04 -7.01E-02  1.98E-02  3.00E-02  4.42E-02  3.60E-02  3.75E-02  2.40E-01  1.45E-01  1.00E+00  3.18E+01  2.00E+00 -1.16E-03 -5.59E-02  2.77E-02
   9.30  0.00E+00  0.00E+00  0.00E+00  0.00E+00  0.00E+00  0.00E+00  0.00E+00  0.00E+00  0.00E+00  0.00E+00  0.00E+00  0.00E+00  0.00E+00  0.00E+00  0.00E+00  0.00E+00
   9.60  1.25E+01 -8.27E-03 -7.18E-02  7.94E-02  3.37E-02  7.54E-02  3.16E-02  3.35E-02  2.29E-01  1.34E-01  1.00E+00  1.51E+01  1.00E+00 -6.28E-03 -5.30E-02  1.01E-01
   9.90  1.35E+01 -1.95E-02 -1.05E-01  1.88E-02 -4.37E-02 -5.18E-03  3.17E-02  3.01E-02  2.22E-01  1.29E-01  1.00E+00  1.63E+01  1.00E+00 -1.96E-02 -1.09E-01  5.59E-02
  10.20  1.39E+01 -1.95E-03 -6.56E-03 -1.67E-02 -1.58E-02  4.27E-03  3.01E-02  2.77E-02  2.14E-01  1.22E-01  1.00E+00  1.63E+01  1.00E+00 -1.24E-02 -6.85E-02  3.39E-02
  10.50  1.32E+01  1.51E-03  1.16E-03 -4.73E-02 -1.50E-02  4.56E-03  2.76E-02  3.12E-02  2.14E-01  1.20E-01  1.00E+00  1.60E+01  1.00E+00 -7.71E-03 -4.64E-02 -1.03E-02
  10.80  1.53E+01 -1.38E-02 -6.38E-02  6.17E-03 -3.79E-02 -1.96E-02  3.22E-02  3.37E-02  2.24E-01  1.29E-01  1.00E+00  1.81E+01  1.00E+00 -1.17E-02 -5.26E-02  8.29E-03
  11.10  1.63E+01 -1.56E-02 -7.99E-02 -4.07E-02  7.52E-03  2.64E-02  2.78E-02  3.28E-02  2.17E-01  1.24E-01  1.00E+00  2.00E+01  1.00E+00 -1.14E-02 -6.15E-02 -3.74E-02
  11.40  1.68E+01 -1.49E-03 -4.39E-02  1.36E-02 -3.26E-02 -1.90E-02  3.18E-02  3.64E-02  2.26E-01  1.28E-01  1.00E+00  2.08E+01  1.00E+00 -5.24E-04 -3.28E-02  1.42E-02
  11.70  2.08E+01  3.25E-03 -4.18E-03  7.24E-02  2.45E-02  3.21E-02  3.76E-02  3.41E-02  2.32E-01  1.33E-01  1.00E+00  2.47E+01  1.00E+00  1.75E-03 -1.69E-02  7.40E-02
  12.00  2.02E+01  1.22E-02  7.54E-03  3.45E-02  9.19E-03  8.34E-03  3.94E-02  3.48E-02  2.32E-01  1.34E-01  1.00E+00  2.41E+01  1.00E+00  9.38E-03 -1.25E-02  3.48E-02
  12.30  2.26E+01  8.78E-04 -5.91E-03  7.30E-02 -4.89E-04 -1.47E-02  4.21E-02  3.25E-02  2.38E-01  1.40E-01  1.00E+00  2.69E+01  1.00E+00 -5.17E-04 -2.28E-02  7.93E-02
  12.60  2.24E+01 -5.55E-03 -5.53E-02  3.02E-02 -1.90E-02 -8.36E-03  4.30E-02  3.88E-02  2.48E-01  1.50E-01  1.00E+00  2.67E+01  1.00E+00 -5.28E-03 -5.44E-02  4.50E-02
  12.90  2.29E+01 -1.78E-02 -1.05E-01  3.72E-02  2.15E-02  1.99E-02  4.08E-02  3.77E-02  2.40E-01  1.42E-01  1.00E+00  2.69E+01  1.00E+00 -1.43E-02 -9.01E-02  5.75E-02
  13.20  2.41E+01  1.46E-03 -3.93E-02  3.62E-02  3.89E-02  2.77E-02  4.02E-02  3.29E-02  2.34E-01  1.39E-01  1.00E+00  2.83E+01  1.00E+00  2.97E-03 -3.24E-02  5.21E-02
  13.50  2.47E+01  2.88E-05 -3.00E-02 -2.51E-02 -1.24E-02 -1.80E-02  3.87E-02  3.44E-02  2.35E-01  1.38E-01  1.00E+00  2.89E+01  1.00E+00  2.38E-04 -2.80E-02 -1.43E-02
  13.80  2.35E+01  1.28E-02  1.14E-02 -3.53E-04  4.95E-03 -2.86E-03  3.76E-02  3.34E-02  2.31E-01  1.34E-01  1.00E+00  2.76E+01  1.00E+00  9.28E-03 -3.15E-03  1.42E-02
  14.10  2.46E+01  1.97E-02  4.12E-02  4.79E-04 -7.10E-03 -1.84E-03  3.72E-02  3.69E-02  2.38E-01  1.39E-01  1.00E+00  2.84E+01  1.00E+00  1.56E-02  2.41E-02  1.70E-02
  14.40  2.67E+01  1.23E-02 -1.30E-03 -8.71E-03 -1.57E-02  1.31E-03  3.79E-02  3.67E-02  2.39E-01  1.41E-01  1.00E+00  3.06E+01  1.00E+00  8.95E-03 -1.50E-02  5.31E-03
  14.70  2.54E+01  7.40E-03 -1.00E-02  2.16E-02 -7.73E-03  1.11E-02  3.91E-02  3.84E-02  2.42E-01  1.45E-01  1.00E+00  2.96E+01  1.00E+00  4.14E-03 -2.82E-02  2.04E-02
  15.00  2.75E+01  1.00E-02  1.06E-02 -1.37E-02 -4.89E-03  1.73E-02  3.65E-02  3.77E-02  2.38E-01  1.40E-01  1.00E+00  3.18E+01  1.00E+00  6.00E-03 -1.07E-02 -1.88E-02
  15.30  2.92E+01  6.00E-03 -1.90E-02  4.79E-03  2.84E-02  5.61E-02  3.68E-02  4.22E-02  2.43E-01  1.44E-01  1.00E+00  3.35E+01  1.00E+00  3.76E-03 -2.73E-02  1.07E-02
  15.60  2.92E+01  8.45E-03  2.53E-04  4.53E-02  2.94E-02  4.68E-02  3.74E-02  3.49E-02  2.34E-01  1.37E-01  1.00E+00  3.34E+01  1.00E+00  5.06E-03 -1.02E-02  4.35E-02
  15.90  2.95E+01 -1.94E-03 -3.41E-02  2.79E-02  3.33E-02  5.19E-02  3.61E-02  3.56E-02  2.33E-01  1.37E-01  1.00E+00  3.36E+01  1.00E+00 -3.81E-03 -3.98E-02  2.80E-02
  16.20  3.16E+01 -7.21E-03 -5.77E-02 -1.67E-03  3.04E-02  5.03E-02  3.61E-02  3.62E-02  2.35E-01  1.39E-01  1.00E+00  3.64E+01  1.00E+00 -9.18E-03 -7.15E-02  5.45E-03
  16.50  3.07E+01 -2.53E-03 -1.87E-02 -1.49E-02  1.08E-02  4.34E-02  3.32E-02  3.60E-02  2.29E-01  1.34E-01  1.00E+00  3.59E+01  1.00E+00 -3.80E-03 -3.11E-02 -1.81E-03
  16.80  6.34E+01  3.23E-03 -9.43E-03 -1.67E-02  3.57E-02  6.86E-02  3.35E-02  3.60E-02  2.32E-01  1.38E-01  1.00E+00  7.44E+01  2.00E+00  3.86E-03 -3.36E-03 -4.41E-03
  17.10  0.00E+00  0.00E+00  0.00E+00  0.00E+00  0.00E+00  0.00E+00  0.00E+00  0.00E+00  0.00E+00  0.00E+00  0.00E+00  0.00E+00  0.00E+00  0.00E+00  0.00E+00  0.00E+00
  17.40  3.17E+01  4.00E-03 -4.90E-03 -2.08E-02  1.27E-02  4.04E-02  3.55E-02  3.92E-02  2.40E-01  1.45E-01  1.00E+00  3.72E+01  1.00E+00  4.40E-03  6.44E-04 -8.11E-03
  17.70  3.25E+01  5.31E-04  3.47E-03  2.82E-02  1.78E-02  4.04E-02  3.49E-02  3.32E-02  2.31E-01  1.36E-01  1.00E+00  3.77E+01  1.00E+00  3.08E-04 -5.02E-04  3.39E-02
  18.00  3.34E+01  2.36E-03  7.98E-03 -7.66E-04  2.40E-03  2.44E-02  3.46E-02  3.38E-02  2.32E-01  1.37E-01  1.00E+00  3.89E+01  1.00E+00  2.02E-03  3.59E-03  1.92E-02
  18.30  6.86E+01 -3.68E-03 -1.34E-02 -1.88E-02  3.43E-02  5.75E-02  3.42E-02  3.56E-02  2.30E-01  1.36E-01  1.00E+00  7.95E+01  2.00E+00 -4.46E-03 -2.77E-02  1.46E-03
  18.60  0.00E+00  0.00E+00  0.00E+00  0.00E+00  0.00E+00  0.00E+00  0.00E+00  0.00E+00  0.00E+00  0.00E+00  0.00E+00  0.00E+00  0.00E+00  0.00E+00  0.00E+00  0.00E+00
  18.90  3.61E+01 -5.30E-03 -1.86E-02 -1.01E-02  3.19E-02  5.61E-02  3.50E-02  3.47E-02  2.29E-01  1.36E-01  1.00E+00  4.22E+01  1.00E+00 -5.27E-03 -2.73E-02  1.41E-02
  19.20  3.79E+01 -6.10E-03 -3.41E-02 -2.31E-02  2.03E-02  3.73E-02  3.42E-02  3.48E-02  2.28E-01  1.34E-01  1.00E+00  4.39E+01  1.00E+00 -5.37E-03 -4.13E-02  1.02E-02
  19.50  3.70E+01 -7.51E-03 -3.61E-02  1.47E-03  2.75E-02  2.51E-02  3.45E-02  3.60E-02  2.31E-01  1.37E-01  1.00E+00  4.33E+01  1.00E+00 -6.77E-03 -4.41E-02  2.35E-02
  19.80  3.71E+01 -6.89E-03 -3.06E-02 -1.99E-03  1.56E-02  1.64E-02  3.48E-02  3.46E-02  2.29E-01  1.36E-01  1.00E+00  4.38E+01  1.00E+00 -6.96E-03 -4.37E-02  1.69E-02
  20.10  3.90E+01 -1.03E-02 -3.13E-02 -2.15E-02  1.74E-02  1.58E-02  3.53E-02  3.55E-02  2.31E-01  1.38E-01  1.00E+00  4.57E+01  1.00E+00 -8.63E-03 -3.44E-02  5.18E-04
  20.40  3.89E+01 -7.27E-03 -2.10E-02 -1.36E-02  1.79E-02  1.17E-02  3.58E-02  3.49E-02  2.31E-01  1.38E-01  1.00E+00  4.56E+01  1.00E+00 -6.41E-03 -2.54E-02  5.78E-03
  20.70  3.99E+01 -2.81E-03 -1.49E-02 -1.80E-02  1.53E-02  9.99E-03  3.59E-02  3.45E-02  2.30E-01  1.37E-01  1.00E+00  4.73E+01  1.00E+00 -1.95E-03 -1.85E-02  9.28E-03
  21.00  4.09E+01 -9.54E-04 -5.13E-03 -1.49E-02  4.21E-03  4.00E-03  3.61E-02  3.50E-02  2.31E-01  1.38E-01  1.00E+00  4.79E+01  1.00E+00 -1.91E-03 -1.96E-02  6.98E-03
  21.30  4.10E+01  9.05E-04  2.55E-03  1.08E-02  1.33E-02  8.91E-03  3.71E-02  3.35E-02  2.30E-01  1.38E-01  1.00E+00  4.80E+01  1.00E+00  2.32E-04 -7.77E-03  2.83E-02
  21.60  4.15E+01 -2.78E-03 -1.92E-02  3.21E-03  2.25E-03 -3.54E-03  3.58E-02  3.40E-02  2.27E-01  1.36E-01  1.00E+00  4.87E+01  1.00E+00 -2.87E-03 -2.58E-02  1.76E-02
  21.90  4.21E+01 -2.16E-03 -5.28E-03 -1.82E-02  1.33E-02  1.21E-02  3.45E-02  3.51E-02  2.28E-01  1.36E-01  1.00E+00  4.91E+01  1.00E+00 -2.51E-03 -1.56E-02  2.27E-03
  22.20  4.31E+01  1.14E-03  2.38E-03 -2.42E-02  1.79E-02  1.12E-02  3.39E-02  3.52E-02  2.27E-01  1.35E-01  1.00E+00  5.04E+01  1.00E+00  6.14E-04 -7.77E-03 -9.17E-03
  22.50  4.38E+01  7.29E-03  2.75E-02 -2.47E-02  1.40E-02  5.20E-03  3.31E-02  3.45E-02  2.25E-01  1.33E-01  1.00E+00  5.11E+01  1.00E+00  6.15E-03  1.55E-02 -6.49E-03
  22.80  4.36E+01  4.94E-03  1.61E-02 -2.57E-02  8.81E-03  6.28E-03  3.30E-02  3.40E-02  2.24E-01  1.32E-01  1.00E+00  5.09E+01  1.00E+00  4.63E-03  7.28E-03 -1.06E-02
  23.10  4.37E+01  2.61E-03  1.63E-03 -2.97E-02  1.76E-02  6.11E-03  3.27E-02  3.41E-02  2.23E-01  1.32E-01  1.00E+00  5.11E+01  1.00E+00  2.24E-03 -6.60E-03 -1.29E-02
  23.40  4.32E+01  5.79E-03  6.52E-03 -4.31E-02  1.08E-02  6.05E-03  3.21E-02  3.34E-02  2.22E-01  1.31E-01  1.00E+00  5.07E+01  1.00E+00  4.12E-03 -5.92E-03 -2.56E-02
  23.70  4.41E+01  3.40E-03 -2.24E-03 -2.58E-02  1.14E-02  6.51E-03  3.18E-02  3.28E-02  2.20E-01  1.29E-01  1.00E+00  5.16E+01  1.00E+00  2.61E-03 -1.17E-02 -7.70E-03
  24.00  4.53E+01  1.87E-03 -1.05E-02 -2.19E-02  1.95E-02  4.75E-03  3.16E-02  3.25E-02  2.19E-01  1.29E-01  1.00E+00  5.27E+01  1.00E+00  1.20E-03 -1.99E-02 -3.47E-03
  24.30  4.45E+01  3.84E-03  1.44E-04 -1.58E-02  2.45E-02  4.63E-03  3.24E-02  3.23E-02  2.20E-01  1.29E-01  1.00E+00  5.18E+01  1.00E+00  3.03E-03 -1.07E-02 -1.09E-04
  24.60  4.50E+01  1.87E-03 -3.88E-03 -7.97E-03  1.68E-02  5.62E-03  3.30E-02  3.18E-02  2.21E-01  1.30E-01  1.00E+00  5.26E+01  1.00E+00  1.45E-03 -1.37E-02  7.52E-03
  24.90  4.57E+01  1.62E-03 -6.80E-03 -7.01E-04  1.45E-02  3.29E-03  3.32E-02  3.17E-02  2.20E-01  1.29E-01  1.00E+00  5.34E+01  1.00E+00  9.86E-04 -1.64E-02  1.64E-02
  25.20  4.73E+01  1.35E-03 -3.10E-03 -5.87E-03  1.22E-02  5.94E-03  3.36E-02  3.13E-02  2.19E-01  1.29E-01  1.00E+00  5.47E+01  1.00E+00  4.89E-04 -1.22E-02  5.60E-03
  25.50  4.75E+01  7.54E-04 -4.14E-03 -5.65E-03  2.03E-02  1.37E-02  3.37E-02  3.14E-02  2.20E-01  1.29E-01  1.00E+00  5.53E+01  1.00E+00 -1.46E-04 -1.50E-02  4.32E-03
  25.80  4.82E+01 -1.36E-03 -1.21E-02 -2.14E-02  1.99E-02  2.03E-02  3.24E-02  3.14E-02  2.18E-01  1.28E-01  1.00E+00  5.63E+01  1.00E+00 -2.70E-03 -2.40E-02 -1.25E-02
  26.10  4.85E+01 -1.32E-03 -1.46E-02 -2.17E-02  1.74E-02  2.00E-02  3.24E-02  3.13E-02  2.18E-01  1.28E-01  1.00E+00  5.66E+01  1.00E+00 -3.20E-03 -2.88E-02 -1.49E-02
  26.40  4.85E+01 -3.14E-03 -2.10E-02 -1.75E-02  1.03E-02  2.20E-02  3.26E-02  3.10E-02  2.18E-01  1.28E-01  1.00E+00  5.69E+01  1.00E+00 -4.10E-03 -3.31E-02 -8.26E-03
  26.70  4.82E+01 -3.44E-03 -1.96E-02 -3.39E-02  1.28E-02  2.59E-02  3.23E-02  3.13E-02  2.18E-01  1.28E-01  1.00E+00  5.70E+01  1.00E+00 -3.58E-03 -2.51E-02 -1.97E-02
  27.00  4.83E+01 -2.07E-03 -1.75E-02 -2.54E-02  3.76E-03  1.49E-02  3.28E-02  3.10E-02  2.18E-01  1.28E-01  1.00E+00  5.69E+01  1.00E+00 -2.99E-03 -2.60E-02 -1.31E-02
  27.30  4.95E+01 -4.39E-03 -2.90E-02 -2.18E-02 -7.43E-03  9.14E-03  3.24E-02  3.06E-02  2.17E-01  1.27E-01  1.00E+00  5.79E+01  1.00E+00 -4.76E-03 -3.29E-02 -5.95E-03
  27.60  5.00E+01 -3.63E-03 -2.97E-02 -2.27E-02 -1.86E-02  4.44E-03  3.21E-02  3.09E-02  2.17E-01  1.27E-01  1.00E+00  5.85E+01  1.00E+00 -4.16E-03 -3.50E-02 -5.56E-03
  27.90  5.03E+01 -3.41E-03 -3.00E-02 -2.24E-02 -2.65E-02  1.85E-05  3.18E-02  3.07E-02  2.16E-01  1.26E-01  1.00E+00  5.89E+01  1.00E+00 -3.84E-03 -3.41E-02 -5.31E-03
  28.20  5.05E+01 -3.59E-03 -3.08E-02 -2.18E-02 -2.04E-02  5.76E-03  3.20E-02  3.08E-02  2.16E-01  1.26E-01  1.00E+00  5.88E+01  1.00E+00 -4.42E-03 -3.52E-02 -7.42E-03
  28.50  5.04E+01 -2.64E-03 -2.14E-02 -1.26E-02 -1.90E-02  1.89E-03  3.23E-02  3.09E-02  2.17E-01  1.27E-01  1.00E+00  5.86E+01  1.00E+00 -3.37E-03 -2.66E-02  1.34E-03
  28.80  5.03E+01 -4.49E-03 -3.11E-02 -1.96E-02 -1.14E-02  7.24E-03  3.20E-02  3.11E-02  2.17E-01  1.27E-01  1.00E+00  5.85E+01  1.00E+00 -4.95E-03 -3.50E-02 -4.63E-03
  29.10  5.01E+01 -5.95E-03 -3.38E-02 -1.09E-02 -1.03E-03  1.37E-02  3.22E-02  3.06E-02  2.16E-01  1.26E-01  1.00E+00  5.85E+01  1.00E+00 -6.00E-03 -3.71E-02  3.33E-03
  29.40  5.04E+01 -6.49E-03 -3.81E-02 -6.00E-03 -8.46E-04  1.44E-02  3.22E-02  3.03E-02  2.15E-01  1.26E-01  1.00E+00  5.87E+01  1.00E+00 -6.37E-03 -4.05E-02  4.52E-03
  29.70  5.05E+01 -6.91E-03 -4.18E-02 -3.49E-03 -7.59E-04  1.58E-02  3.22E-02  3.02E-02  2.15E-01  1.25E-01  1.00E+00  5.89E+01  1.00E+00 -6.51E-03 -4.21E-02  7.56E-03
  30.00  5.13E+01 -7.68E-03 -4.26E-02 -4.92E-03 -3.91E-04  1.64E-02  3.17E-02  3.01E-02  2.14E-01  1.25E-01  1.00E+00  5.98E+01  1.00E+00 -6.95E-03 -4.04E-02  9.72E-03
