188885023
6518234
299853334
453240931
430826929
96167009
406041338
361613151
149247641
380561318
430630310
336740885
134953586
75674711
287875924
474918194
322057236
293631940
498449286
173650470
126603681
9681876
102593567
529944475
117879920
475764178
126827895
119285109
147612743
358697418
68716591
414935208
327739232
134496855
425606241
459892651
398289621
444261236
445450399
278730934
440228132
232908805
33508902
369333217
120080667
367473134
465028492
9119880
490561717
392540168
91801346
514994140
173335888
293643194
261814365
352676942
267061458
112136843
415348115
210141310
490316655
341664988
256289044
502768940
439338405
2121653
380812848
392562006
445552173
297472502
64704504
212178382
183529011
173629323
163805803
208765953
186377362
215933586
147718337
530000397
4369648
21589729
192583223
110545678
184033513
12753745
373178563
346009406
268378877
225123248
404872319
66268487
13090493
273537370
421075276
431672363
457027076
401839700
125687243
278300136
143485011
478120093
169314221
314567162
444073652
135702439
369008859
49109101
350152436
494107809
253941461
41428661
137978234
156178754
270189253
294446401
226927057
460486762
531645703
234601636
103578050
445202438
478114840
129253162
75463310
532748736
141138381
524915003
79001195
219684449
36051954
352393106
54021221
240439215
15042428
516639644
249049630
188526070
265942241
150176686
397241193
536089350
103467551
27014842
419716475
143572136
270990153
255579031
396227291
464773686
7158947
482189448
278422233
54978427
407169341
162682874
474228669
355973995
518477058
78580954
483428539
119875068
202111036
383109150
330496445
325927676
482294404
133769216
330260281
122304811
175867353
443661512
219020251
270473841
258734742
295053656
488894874
212203835
365959020
434491528
445546775
134980090
409123819
167765800
177468299
352244868
365812678
279690570
270360921
193839396
532354391
258553897
26557189
311631807
139455596
412068421
190678540
410214113
414047637
518088853
501559887
162713826
234695047
271203970
504969945
52901783
474873570
236755571
211328517
172640822
340300001
188730866
70292547
534819402
39834049
509485169
262907807
506469581
424412879
7706552
465802759
408342995
503169216
502529087
357941983
146214642
529308060
120956107
293669424
255043634
303915321
456602194
111721535
235529295
394985555
341338878
338474288
245117721
408887228
177621249
396410065
115571238
511823138
301980796
366568782
156848633
506818138
401397175
346118119
125386453
133020421
52944232
366621230
519680987
67466934
189295912
66782738
210077343
87565994
437519999
229498771
172259443
123952185
237415606
241808257
336078910
467628337
125729247
481615716
218705957
257090081
426702356
137042794
279302098
218970472
8785412
208770671
275447628
359060293
199370027
416241257
518852475
132159854
91025887
186968868
111846858
336882456
319359196
528784687
218827596
522788419
411815844
456301116
528331908
285761787
393459750
418450857
532066455
442453771
365112793
142782529
16107214
334861356
209740208
534274215
96003636
114377116
74025764
343506518
463730446
294891429
182714763
326429783
453025378
247925099
163349244
470950229
209828367
53291044
372821708
168790926
377352374
15409874
454023329
165759723
364709130
346060791
360979086
111865939
265808578
415448659
525898854
116414860
20548118
2409813
155994449
225723801
993062
152522279
504042869
97886263
266725135
47545631
350898551
72185139
342067823
98730311
192418258
162209533
348907497
516874017
459523007
535993108
79734813
381967153
162853425
485417718
375607105
352298037
339794440
92186990
452025735
260694881
144464539
473332007
46057247
490878209
235552236
146201012
26429185
171406350
125703314
338642916
98785391
339482339
437178093
468798507
276550014
329236692
413372148
34357551
165814296
186367434
204963604
414303064
381086485
428797099
92021270
412561315
353910986
423878480
168751458
230254958
512692880
531484416
22777194
100494210
36599509
29696028
477097628
422005550
445462581
370077586
78027392
201585414
17462332
465569945
502669667
361533872
260062784
78626355
1083737
209987164
495557918
434318332
285359395
301696243
517123043
337607511
44890302
128845927
38746955
67966848
454102722
512419017
380191735
408528961
221513432
367257582
51182468
174695513
497396216
492298746
300510464
174086087
438306529
333583035
331258870
290889345
421305916
61445590
131912020
462633923
249433058
115413516
227502205
434913466
118296242
320017298
424922653
158690654
412202065
221284791
413575040
148739799
362140953
128855954
221040733
372776391
27799819
187388528
259935168
244324211
109766214
180886169
536710428
55110529
287863083
65389036
438355945
522155149
5394445
455492789
218946460
12224938
312637373
477602294
350275733
433384269
535832769
43428952
454628248
249271065
56614150
234066714
207251983
220983203
170604646
314128975
194175679
92286393
164797406
209317939
231148128
499673734
410637385
211608617
238202864
181160370
38860115
259042554
452650389
481884571
324910445
495447158
353407932
489233159
498751362
213157727
444549859
533405684
245407184
263921957
28661819
424516273
526206032
74243208
63834854
443860329
237060821
423815784
295374446
91904054
136639565
292700388
488974470
299266749
332319888
119570933
214260717
372573369
133613754
464210567
221981231
314862709
33122849
244704704
423841184
468799122
451825022
352114636
231353460
243484088
439137366
109218132
271036957
193724889
196328577
306428121
349641811
234314128
279427595
394903348
520806314
175682175
282885305
425725200
314150477
367531989
47336600
208797286
404825078
420071375
145361893
473190163
347924311
522234060
514629847
474223431
149713516
403328901
331590472
240488843
145058508
474093933
213713884
527842693
5724630
115775213
147269406
94754357
534431780
23725060
391982743
494394083
368372085
474057022
58905665
66788213
162318958
208646973
405159024
222750369
157511148
536178430
40560421
220685261
156154653
71619756
229570079
188640886
56264844
54598832
114782125
324672506
242161534
498490818
120043102
359802690
116378129
126620708
32761145
506444051
430512761
466373725
106728538
173832810
92410340
74387462
421240150
151867964
414095914
401063270
266890166
454035239
282258565
80380002
465820519
339682043
272556790
457637583
171158682
502882462
83246981
342567019
535832171
144462709
274176406
128540914
114096755
366035845
11239915
218625584
11789949
318762142
293841995
332519274
186183037
259151484
348298846
420994533
98400881
363424445
186449770
148816907
63662901
3919875
222294410
424517879
131653209
88705405
227236865
45956992
161659208
458323980
400260308
253488299
226952602
446792098
229861015
360756289
383130897
192509175
432686030
301197623
187617041
57923794
206346723
42694912
116490334
52594589
431648754
65172298
301821971
126538205
108237559
382766800
286697180
248786756
76475075
352168714
121065179
473100868
388592843
169922860
70453963
392161598
89529804
341126380
319715180
481385748
330855431
49588797
502330173
440163255
320618091
246947448
102649231
278914370
197593510
146797946
303502642
337218484
503047325
196905773
254234690
145259873
29125022
281037908
92940316
354740768
190548887
89643519
399927983
182011506
267293567
402751735
206771296
405522264
404197883
23669998
461208889
420922981
486774283
142659640
380662020
497034342
413183207
301951242
262711785
67274430
513921227
150300279
107921704
490648935
458029872
268632167
459021748
528763788
245386940
520048511
82561074
35756477
468395014
221883611
487925126
247877704
370537797
465336320
5644954
1957988
497555829
192221708
174284552
176133595
45629984
157834713
60782502
144972427
187503042
430201753
245165173
239244549
147795087
285212893
183215224
184427095
35519309
127197625
378066811
123030684
77270644
531898148
408786598
463277310
171538120
64482542
45998963
479240871
290652651
222726341
500044598
230508298
362345032
376040934
93640720
98275183
277642198
489619768
315859738
414853164
325842872
535802319
484275509
65662994
248160842
463783998
178506608
414426545
324085397
356831908
412444673
424166201
103502211
319620875
86492284
127671988
55353731
233959774
354144643
211040726
290293921
198379141
199795816
189193284
149922985
228002151
10191031
342959082
521124937
203284976
414440642
322720063
278115217
25666684
398307376
200986056
78100846
530332474
329404437
515689804
116556486
51085649
44144358
256615867
269330423
180266097
38662673
21598048
10622825
346945305
441417657
377286548
139338284
485005263
62533690
155649161
13859107
157246801
263393931
499307974
375100486
116625421
281492301
298774247
132335756
347130467
257111289
435550320
294676584
242512513
224543890
381294733
246234546
319395598
113945030
214222114
518228007
95261143
270187117
129461782
268101360
395710346
63053017
394682847
482901708
61027562
473974820
300493465
105124292
441057629
464689042
106159846
94467329
270378450
90858290
433003488
70884427
57688441
136936437
532073665
401702165
480891750
126848706
115312944
254735832
481712842
121803964
393284896
434157131
444309576
86549837
475858180
245100221
240695318
191363445
279808497
103616176
160219505
508512947
389435761
373562419
483735370
251222652
262338428
315169719
249430382
226019538
120791614
212269928
363319597
37404796
363870341
343941664
251978879
450064108
93457465
420421934
183474225
327725422
227021928
194609386
487648894
1073126
463163967
196235829
43888226
508735961
126217191
55394192
439057935
119083322
43763942
315920161
295399400
444721622
96052943
253801634
406763275
139915423
423287844
35463838
35070553
375655833
251749022
401264545
457330663
199910050
341262827
228357815
251372874
384407908
427754149
177045810
345435789
433004492
93107495
438306843
126878942
128805703
341748904
268375924
216022989
337192565
522074540
110643739
60384695
177163483
303538913
325798040
143428440
449510840
377593552
276446358
455171226
48431268
25566479
529479340
465975335
255184874
350445327
353470645
315230917
109835210
512776111
144359044
263546853
216479502
486339525
392285514
103457427
404934629
532204412
10762429
436306039
342590016
417750117
425010538
177232920
343010212
55362119
323720733
336983968
31145480
527133954
75484926
482430884
23054870
526275328
12590902
193756072
403760124
243830360
81587002
48908932
411647170
12342512
136987700
197278488
443705578
250371066
352766869
7637756
351115939
41092597
470106453
178290110
262707283
274809415
534663948
14800510
191633398
142332151
447604325
239866052
457247477
85897497
428479208
121926094
361596163
403414317
394167939
78359398
253483649
20153813
520186930
40072491
102406060
433053672
52349201
235316447
220115536
280237746
517665271
204766344
61748761
411179142
363030845
279564835
381628151
355430897
215999925
490078769
1683545
48342001
346805685
46043587
316767003
199998239
243669123
242660179
391577039
338466477
237982479
224797373
13571553
454252153
86425964
244894643
231112617
450837106
128838594
200238057
516174697
202291600
365332930
78809967
155783171
368421795
254024440
144569259
191770859
434619561
268888505
147667000
222429731
318785283
523498363
497711546
116675638
459207110
456084959
97777192
231755677
471976822
183547853
251150098
160500620
354676795
281157418
195940856
142359424
170927665
137425591
274652808
337978540
201764129
440583814
140002696
258856686
91327594
291927136
31802241
241471458
154664107
272899059
307744574
90594885
240068728
319814599
274787520
357622421
108232872
363042351
285432873
311737416
37305013
84033302
462452266
420909336
232722226
515881091
376647067
35828073
215883370
65198593
283080614
400282516
16199664
445783717
130456418
300147914
83823843
120418741
358452580
149210545
234054208
127471141
303706688
243966912
470888416
500767490
84090836
95318422
298922123
123003120
407580473
230162494
206528580
424139856
135455311
185276077
392043420
57617020
5893026
384102076
20234149
402382084
439494789
132930450
519842084
449132687
497222791
465975073
207830956
188005818
379891583
477153942
57261732
292315910
460472630
357705522
109091569
436245847
478132127
176701059
287009059
92140131
210958788
106099542
165156853
285069704
359270492
15470475
427959583
386359063
37612994
399587404
76605560
482111073
270076049
472057793
487751900
424393780
317610425
183632744
14349576
525870426
366419234
139336304
463225460
33767580
183109733
24457100
525631781
202094821
103962234
490309375
233818422
445114018
351867910
157827272
9627193
437385637
334464978
362283479
104552986
138425113
8072615
56334498
391795224
216314767
446939554
342498052
292049496
52190689
296754123
74191492
284707185
353357949
24329863
190026419
500997255
432465529
204602556
26838737
305945696
166913916
95517817
420590547
146189941
406918526
377245668
277274564
398268050
410462929
193795087
335951885
512174853
109944949
205975816
119244187
221393626
52672888
36018491
280824641
340821827
63294994
408186618
258471669
232501395
424650640
158195262
308175477
117227098
376743563
379505268
199496638
252953218
383756480
13930874
273669188
431437273
217137973
187485222
191145944
348781138
51930671
137806744
482276496
24808818
91822789
165532526
477807524
114847117
392848871
22401879
19147054
251782543
350173261
338096557
357683169
376563908
172488219
157333165
262356747
27237014
500142038
374501403
386067020
260660972
240396531
442904201
142640006
236473912
446684453
456491643
249947814
7779814
283959998
222507999
151969693
81094729
191325416
81774086
532115855
300292174
43191331
70227052
290495253
91478695
475141822
364707744
451207694
506008562
59411623
459954538
438666649
529987803
119655209
7698485
320680074
25214260
91384427
105901668
401174544
475081055
249006369
136944922
268371167
267421219
473432461
52156699
455272440
81679294
126707606
463879189
97190508
440585138
185075047
74622918
364436627
372890519
339995415
106153027
11905635
352867365
501370171
231885763
261432608
434188615
415322054
480914919
233926791
387857181
303955653
512714890
482395702
490280166
243635564
415589557
128964066
296842742
94305051
47030087
499613682
273883447
418241951
185174588
417506289
472684701
494265655
300357442
207583100
382485231
444396747
514871476
187072553
74077900
28508889
469145584
18204426
109819829
450274024
113884328
302147838
185067992
515203984
1270430
70203136
489633316
382058507
434149023
174541806
343340173
195312168
412048647
522305313
166872196
140730084
103880315
29172458
408331184
62941163
5462489
315450256
198686062
161914847
387162837
415531927
425806747
176005699
336509768
242830366
117907690
515229012
495743066
349536917
339144371
433347725
354962613
355822383
49268147
215591620
48430914
55316601
517402553
473415905
303494068
457022010
188947448
221717292
325277340
65273400
160726812
432680239
21167409
323990006
429979243
222275569
503699131
491891794
90270821
389766669
258038442
177893538
136986802
238088614
392244520
258994604
215724328
110791563
449726392
164962517
99671390
461338787
487937466
157232526
259372532
352178491
125280257
52693697
511267932
327176815
19261722
60449325
481499764
516877783
375806123
513890861
394918006
174610525
34132685
199604600
211601540
484049335
370905547
531735863
409372968
124133384
412620594
317338597
154304010
160247434
15509963
377980001
321051033
307425315
384979068
363797965
201122110
167017523
410294758
151282107
305182545
390990316
514443836
157069913
27620803
412445906
8488197
93848593
313397959
375737259
238973054
281386308
243887606
328980607
134613471
125859448
145991340
133173607
188699046
91037256
473777205
390531258
160307502
227102758
237290829
435959225
528055212
57446343
512731714
288971862
364137581
262679654
414840968
184296394
77167743
478808024
326387099
129024487
504108937
60509086
198465349
1211393
348984138
275715358
301125472
258333399
215086999
286788558
119279907
137788481
362555716
429262919
511114320
442236635
382131816
470572427
422800464
234568789
230154098
221546255
485262259
514047970
449528107
335920553
39515765
434804438
399951733
335679025
157357801
342205516
405885162
515936055
451671899
441358092
147312887
379335905
16001609
203155636
130575340
366985947
449744510
53994437
457435118
431955897
115439315
171527081
7722814
310893629
49511301
202399301
400756595
194984162
517861002
499321935
159220902
147252739
510186860
79490010
238963031
255907040
414283917
522873811
443690931
50427267
151468944
70253306
3669796
421117410
523661496
414014863
324203940
365363676
82292984
239946144
235647273
312414182
512995963
328441164
491844489
6986887
304771075
63226211
464408420
493354828
276193366
486169413
383781104
23439450
246758931
24935520
274918050
146590577
258057323
83034290
30272132
433771774
421334440
434836040
76172865
470339187
88358373
535325029
27269461
249524084
299952075
365815416
533005357
214226578
63093398
8667005
190915169
163097904
262324159
42296768
356314835
403167129
125932243
88889366
338440049
458197969
482632059
335587440
395107681
400764690
49956737
473789001
204038337
230715777
367858275
232051606
10175155
429855469
436864971
395121798
148078250
14934318
280997863
117263019
493497311
63729254
529311448
492422365
78302338
527602325
534454052
241756809
46819127
409219193
309759261
235028037
259757010
483895692
407204754
115947170
148156818
426237178
276059476
63601822
426087293
513957687
195660733
93801226
364936173
387149905
64181335
365738748
242176175
344139973
206717371
184469769
450588901
266720983
163509768
283224308
43033980
342012661
106421629
340586073
501676201
268597493
72071837
161853202
87892424
146753510
45312950
278751568
75062483
420605321
62350018
130975641
373136407
494100867
255114733
391087208
12831407
335699361
350473372
464323524
200752388
314532336
404907210
259248505
78794784
75796603
116887548
413202516
55532157
382219846
487746637
319924816
176411053
29712092
67718528
379141054
29714091
268722936
66232429
333720396
339759522
398498689
74647207
506717496
443123930
136545846
46946484
143964910
114778717
332069657
10152576
256862003
338314139
302762490
51161482
260236312
9528882
297923402
59162771
492899238
156838537
9251549
157048521
70572981
230391187
404196066
458897364
451334600
413665551
481584185
239761748
83590939
316407308
50762024
418488903
487336423
456669905
59291384
251925768
377997142
216977117
94164452
396139486
4260492
200778179
243884188
234985127
83034131
408936198
523642880
329643472
512016178
427877976
315269447
250971542
62065621
534312798
203392341
276017563
279394906
72171056
366455965
338288244
484872640
409661453
258787585
27080354
7896067
189484863
291269105
111447931
506321694
168187639
107256264
390883359
454646024
275551627
315027058
122408154
252416743
323456577
282401664
7249442
216670296
439126152
169525367
531618016
255181768
325556157
40550034
163020646
167815140
177227612
226896340
286073520
218467122
184214209
488257470
164129842
136940471
414449823
42114049
428401347
81361511
161176940
107300493
307859794
137089383
264875775
58117608
47992443
96688023
513317119
393458218
185380140
162819597
32390656
515579051
442514013
378959342
159075044
328757107
486769268
431760252
359163165
443081667
63142507
325676307
208145375
34549548
48150014
188257819
364298921
459294289
106585723
110394168
349321010
378920941
2324790
367325161
171577445
50686426
354417521
101931523
522665196
488506522
169749366
173815838
430528987
386537453
112203367
109945041
386672988
112106457
302119915
221796784
77466326
146935319
359594009
98127604
21382673
457443033
158336161
139225605
29757828
478545901
63434935
366742419
67926264
147553603
401771677
196072124
328381953
9654025
410417244
327314693
297406217
306150276
339707617
493079937
462188356
453584686
375325892
435248673
447474310
164279204
366443852
411675889
146947208
7126107
38926134
321186172
300219528
102931478
200830896
138647278
434541560
301534290
138825480
292254609
144852980
12371625
3131882
194068379
220049586
265023334
406968734
71338828
207486013
62141418
372100837
450451049
213366437
400551755
23864704
250603953
205525557
365275651
390755101
458176037
522410208
472209366
331298988
14180017
348370780
377158331
490529992
471533597
407223166
192078597
150734021
216380858
224336892
463129056
388019135
26318495
159388284
75164077
284534031
83494539
184939556
234753854
320704815
352788440
93274983
109510754
466406851
65187579
324482818
166191581
116660580
129456948
429202151
338059691
216188038
196643315
411374790
310555925
123676409
431337231
312107628
519702432
321084195
23626502
242959520
535971366
308194058
53242012
375446650
205189015
409844056
426793896
30077868
7674901
422612478
64818691
442554001
258229743
249935351
73726232
317085700
259692306
5837296
183590002
473252325
131503942
298988334
126390386
453848079
50709402
355507721
463200721
435566253
462257068
459563262
380931206
527302564
346008446
367820818
102644141
367262631
303205776
70831532
419850666
217226830
238668484
318367480
56235553
303854636
202023225
336334218
137558125
117438
381133661
148665661
221804151
430206876
246171551
322807109
209645447
21259476
374189959
437847467
361547366
535956663
359343802
525553670
320976722
165014677
343198839
408823844
188004079
514103869
15184205
497373271
157838576
15781575
412329984
296337457
294190533
242434896
531779020
393547170
106756890
242677277
419072113
115196675
511621305
209777390
407222477
440408384
191952258
468608154
369910203
432139791
428827984
12129893
91081508
408558771
348825474
191824959
462014909
388637046
298085044
190036827
41391301
419896846
250409955
16768353
42311953
49961012
373384564
186679775
347566321
207876700
251863419
425866172
160976131
426711486
418299926
50738916
452273136
165051529
518492796
463623533
221790037
106274152
209311893
197090838
451951089
149530446
259787972
73042211
453342656
173413317
66871385
432194324
174087949
518526301
111895615
377500514
448477340
54079672
354238814
177425482
366057709
172559747
22441370
322503595
298342306
189517314
388202389
246753785
327746553
93771190
405919908
25832985
527959138
126964661
524231046
493524713
519447381
521385219
390178653
55783450
182300362
3066258
159719375
48116433
4093411
466371946
379602688
18359559
80761376
395660645
410838224
144012066
30608474
379451905
522998841
257998381
408892013
218527962
307662334
226393543
332014305
111753322
439151304
305432952
360267031
465818143
163096323
316539907
95243741
79973334
436673448
281645902
189367906
463530063
388461726
87459564
269848206
190459748
484707798
381970742
60024053
201203278
293393292
484276177
445338912
410413597
1163110
122181369
461263723
252647844
476361707
86589743
430279102
440037116
457416165
347238838
301687903
428161034
17307142
523326359
344497931
150687842
373486544
250695303
231089873
70120976
375200486
485031251
373417217
233411587
151771241
393749220
472322443
303090179
340860605
131746170
287868842
226046085
122996911
355140526
235049408
120068622
388361288
463751785
186362799
110020525
117331905
485931001
369200780
472097397
508188269
142756698
383832126
19899704
370071506
443019249
74504477
79930672
477140707
215156670
151170066
11063302
51408925
221217729
484516372
464097066
163540326
416723164
364493451
366288490
61264244
484069882
472661275
416665614
404085356
268921608
474569532
35673097
272729129
510695503
248803960
259759373
343180130
365468178
444066094
171449224
440259656
333859225
181210509
307313444
268699477
371102814
187023468
267793357
381503406
46857996
106832652
127466201
425886816
117624017
257521149
323434014
467849340
216505834
365746216
411525176
41509759
261570031
242176848
532734863
19007160
343375678
333917770
481002166
485237872
66331003
301925067
429404059
68318112
124873995
298715839
490591675
385282517
85790081
120227194
435184584
68109685
367637062
428742112
410406051
171823105
246287307
187842291
245082778
172116740
503047306
477931257
247830530
389469466
155053515
521649097
504707017
25188553
193286478
435987073
437914958
447260827
146600342
130828264
482416115
471616947
435156054
72817692
153858821
317611957
133812968
311893824
11739197
224701298
88726222
311654381
327927854
441215576
131391115
11157016
138920659
333670865
79926034
351885585
100425198
353329748
520984395
247213391
483642943
360891821
94462230
238677831
275698064
31108152
99396387
43676737
289199277
196209968
191945919
333101274
482320511
307515347
517095543
282904674
56068495
345205136
268584433
264005852
241154104
402241531
303915607
429624037
102631639
409646181
174006615
291581801
304227522
58760266
367471084
426109311
276649875
73726064
439001441
133923856
432805283
403243629
454413549
147758095
527506103
312816395
121574781
402047160
197941261
79921576
28228621
436338054
297353580
356777783
200577700
23034279
142132432
536746875
160625807
130928336
395304956
264142186
137412579
332609902
399158905
425315615
12647870
14352550
159459344
406843378
384177258
47971350
120693282
81676248
322634833
99072363
207928608
83327760
267259446
507943315
180614572
102848294
99481200
423231865
164398732
104647610
399309151
164961298
306746723
397734542
416195748
527689846
381407870
394398589
495062312
520922017
213634766
469551899
150459070
399627316
293544347
347667998
354015945
205519889
210171232
81679948
351003594
131987827
120249382
177122031
271882288
25764895
227310265
24570003
497715081
264292873
239368916
93726280
93568629
177512043
244994044
165747148
33641961
41978995
488170967
452021569
272391482
326482758
189537013
374046028
291387228
134693412
365790434
397021019
506456476
417171632
11654264
135340293
108702866
507764654
459546780
470586182
275300320
290954110
414915562
97539964
506031005
206517237
116566281
243747818
35018988
121876905
211819310
401161508
382062068
511062554
221827767
359946213
381869707
488189480
137939568
46316251
106925540
508431926
53936291
291473999
8117913
462365021
118279898
519011609
31402068
2212948
255557324
426524217
90348508
14970182
103996070
404131427
354588280
59250617
511402281
397157792
235651742
452983174
256428734
236663640
350758803
81414429
229111599
298927736
277162392
223968041
119314287
473117500
338136636
316944526
319854042
288091143
326054963
201802382
13301118
474765723
208473651
115054616
419320524
209124730
451787221
297540049
158557445
427598742
406891570
137649932
56418117
381260355
13180003
476661707
338767556
278890839
12827013
444451423
142768559
392843249
426533458
211050076
334218915
355237971
310055693
386750636
208817887
234161709
503818576
128515576
73115088
508878592
412087055
470431869
310729128
193592735
102419951
374979054
208523421
219939336
406808691
529230805
157954423
485689213
18759740
470525209
518394224
470779576
179847233
440906198
120367143
494759972
92564950
329614480
473876294
527331614
468872259
73892907
374216029
272444829
180088834
262322579
200483289
159137800
186977966
53978942
54295266
16861066
41269486
348585820
189727569
78782238
233435362
306366688
61740839
242304364
461047152
139757958
469146993
121483080
339531926
403775806
183428112
161813359
278237427
372444226
369548508
357041853
105967610
132733213
223427552
144388276
464754141
97382983
380299988
44022922
388424384
209546086
204729148
75536460
297563806
122868011
240440579
44941148
458169000
376641547
406757944
452651552
202546670
87116974
240605539
429294061
55492172
397424667
275666054
42918611
16904060
51998026
406691697
160269369
48401311
249379737
246128345
179770237
379827262
451439545
102004079
301464483
273784882
51557651
275625352
319495990
435528959
88200888
307241747
250759484
269412334
207000720
110435550
327042386
418751889
13648537
404810486
277898715
299190588
536391021
314126326
193672495
75332870
359597877
514413725
437861008
501780346
121966565
332569410
498016272
51471318
335348474
130329256
34043039
390664175
90212962
392238233
140968273
318674634
8047008
301935247
75077488
255303451
509603649
68446499
88316715
524173391
482990335
460571328
43403187
492290948
135797592
304737418
14818213
518431819
153468271
68332465
40270558
278325564
43677567
283725442
426212483
110603479
506327660
246847435
512375486
390176107
93681085
476985069
280298900
510481518
353888301
393697335
359968272
131577826
501895348
345174483
319768405
263335572
32664491
150782327
496917011
228736296
456296953
625091
79781835
249789368
235951217
60372735
3504282
166014357
245809001
133306325
535639449
295773808
254222944
385402830
222728188
468719050
240931154
13530098
302726543
104742225
119253277
268581700
245266854
160493181
68899228
249189676
438893854
417533464
436033485
159354024
271381356
187535733
408931790
228917381
485946195
112757858
349580873
30738025
281670316
314386447
166934644
403288451
468392244
393791523
461442694
220742636
499779436
437485550
132462544
476916472
253186708
9885960
470697891
239182716
51877432
495879094
45984300
88905581
341837085
158058482
139812656
419154273
406784661
335262201
458266143
481421760
345642148
192906485
204476161
220160270
389256414
15303369
344817920
260200801
305900771
452289671
322801266
321751989
201961651
193683857
145723080
175221514
353242084
503125821
30547920
348962973
393947008
527199377
6777493
77127712
100775432
460792627
468029548
85214126
291638374
124843056
515219444
283962892
455560071
114022716
117849457
93783133
371589583
46583812
465146780
413290935
139662431
108395341
513752601
377214533
398930811
217433696
247576854
19189795
171113093
235345072
442411704
143923020
110565729
167309013
194419673
422474411
224738178
44116864
51271735
318040733
415504194
449512392
491791331
113043944
44662722
82996945
466213347
187467821
474309728
473093082
345647219
7957609
310813557
152590804
372291560
412055345
103557217
424699689
326057331
290860556
392480765
396633823
386133469
222544336
50132479
401337549
44783158
500554767
467069096
64089731
177934160
252455727
104084005
282132310
184156000
413114875
209584015
40334020
527550524
188273066
225980153
172718480
503582577
360577035
404759459
300760477
137918320
438324554
144769718
249271032
210102601
224425594
342222847
411957129
101479558
214708016
61399652
10585149
354268528
470879353
36727420
210158001
101477061
168874393
121330406
151349073
519747341
516696227
383600014
234460734
82685923
475429881
16580348
415408114
144601440
276598490
331525175
362043289
37077202
373869599
14721453
20414664
52503852
258782233
379087599
252939083
518293690
242207348
310799155
147461647
435494914
60688656
174836996
43980171
516603430
527392243
507957375
22703886
4545932
328183945
436239795
470830117
379010150
296639151
484713516
527397299
339350043
512417463
292944479
492827205
520996675
455555149
474365262
98214256
92281368
408777903
110252546
429901389
278646741
85730696
246228782
130441696
314785410
415278048
283564675
131027427
21569781
455305081
358188315
528574941
79085733
414201855
524798858
478987359
345135869
79210040
73453857
341238680
298953185
42656271
494583692
12139983
271848058
88175271
190425514
168306942
436252838
533848107
155309524
152111780
350687598
509678686
436879500
353733681
253217515
427182498
404938556
289559037
203792050
266095612
271691794
240832721
235272598
202486719
247428105
493021916
494851093
442818651
226525322
170997578
381003595
358636652
9359078
351395263
149454098
164883710
201953693
324418647
518309456
190579477
325695409
529477850
470971881
294611795
73590707
144128405
258675808
186134302
483209833
275824834
93701128
380053099
279173892
205867278
353018100
373069765
74875075
531347321
242210345
180358173
496655874
69121592
331918613
12876811
182836684
95691625
231914727
71497796
86437719
330368347
395505368
254162199
307848443
205542651
383244457
378124909
340514669
231067332
112868659
361147474
435296482
349507199
332076938
235012719
16474196
299661745
470296820
75173409
224139473
189543056
372332658
58292556
346919786
86718981
2120236
118574020
353488193
277175895
439223599
111413720
68998111
300999507
502764152
214076715
374348789
517959063
198175379
209075560
162441451
470185949
513621172
209053378
299600660
357880754
256831937
249766649
384994013
12801632
488024266
179170711
398451
299350511
480095421
179670054
450681727
172153358
474240409
446761840
20879444
288508416
384360512
63746581
339344820
118594591
59888943
173855369
226292295
439307056
477423107
413397447
174795199
319282351
295683898
177879398
287182615
315983100
412152283
434692518
534245280
117474621
48336538
374319458
292906013
525372037
414746906
529788342
373230549
490431610
400632896
452914630
160202085
474512849
527973590
59650055
283300755
260792522
506485757
107891363
153803074
485066571
277836256
467667092
132835308
100191119
482400068
153513246
419187546
155708091
310568403
403754256
167612952
155088731
165913708
403895657
181321573
58028327
126146888
106684910
373829174
263957017
224791550
317943159
12356848
213413135
40948794
401250618
85421600
191655126
503509645
19593134
150974654
354953115
192233857
225396610
234979650
489656127
200481117
200523144
225666421
149706155
241755555
12555578
138412945
283899417
350253374
92897529
204401486
110384157
140804635
486563820
88452503
62977803
138506845
39754349
510331530
121392215
405789284
262955909
316293062
74241843
405965909
216690347
253892544
372114193
18545101
417976470
338261256
68785004
42104342
352281737
479679200
163343651
365722622
331641550
399829663
195389014
241716082
242937902
257165030
70407258
30469373
365762439
802932
430565957
534673899
26323283
190581715
469921612
26694800
479118204
107570566
235897812
464416575
154278632
67717460
20431610
75985938
155022314
166593685
11104242
48472274
321944905
48004121
260791988
334438128
312771758
523410315
277065506
3356590
124054146
66761714
281936991
402974192
239604326
263186994
181004303
478041592
425086458
231818829
524895997
380648317
266597557
67279577
66856024
241152843
404537075
22009619
226867392
391652712
438307594
511904303
69847006
19270514
129190113
448697278
23637560
499419086
170404366
475932483
92631284
23825792
111331604
194261982
282454679
194635768
56835515
369939267
212547178
25301545
344938147
451284639
75676886
356109874
384818266
347016503
335057827
523425178
335634640
517853685
320243265
279475170
466015372
181543460
454193168
441334130
257895956
79985098
345661554
105376764
466936861
306771671
387502527
443580718
406549448
124442664
9133264
295457895
280334403
370867279
533282922
523304630
50132437
194403276
143980689
60184044
465836826
471533088
236994378
496047716
191719184
443029115
129481380
243639899
407343433
40357537
511594563
4802780
280523734
151179368
214342044
215773628
411301468
523472981
104530335
246113248
189183337
516738884
109834108
185126
149751319
231054577
156340800
275925234
112656942
291231347
206224405
119023826
266146691
501621660
4602659
86612952
175157724
518192721
181038886
41386967
149523781
103840513
158671788
115835444
151138573
200002041
136336221
440340582
467165325
306272432
286468726
336488010
399233443
211882402
383484509
511507738
155205894
389715186
136833032
194147336
213318010
305747724
424565209
366069503
4304777
376756012
277101814
475940943
290817068
486428861
486345689
498881286
195001811
462489522
232964425
328526901
58346330
378289735
328177332
516506320
172197939
140006981
185489350
441094164
315612830
313850585
108040758
147615784
480529627
61939053
258620371
530278254
222170046
177608363
451197637
349279944
501775228
340813201
378073050
226601627
274599688
109744823
65273632
410643105
317348317
390388857
499323841
160360977
496400446
135730631
468114983
509364992
330982550
364281904
355198208
6508790
251288356
386014843
296650672
173412163
100690658
335287012
141532102
361288475
119553383
195827569
134148773
287432142
349072145
148607071
465607470
301194144
12151043
339050261
534667746
51053319
530425702
267467900
459006959
249734026
337158719
183876517
435874200
197443349
407888104
6839882
26934772
382768852
72283551
113367615
77968554
432271059
287004851
258882015
516029060
298689160
426174202
320751009
128537376
382627464
441984122
232019141
458155716
217618284
188659019
66652768
46508314
24344331
12732083
5965175
414461538
414119274
504079202
103108855
428225402
382839943
162846492
81359542
521088815
234096013
213739817
512385320
125354590
202209432
106055753
424876684
304626759
37103266
149755826
87713352
19232914
328262528
5562010
1191206
482964313
155914322
180925233
28279332
30414854
357145788
280022088
79458166
189454794
531285454
221327483
99907638
290503558
8791307
99490559
45548955
278329111
418164947
483382752
298517432
292893554
60790195
504467081
175604576
306667121
56872735
16501365
136803298
516955061
59634421
482565094
223601570
197632533
309516147
254819420
352848653
274246439
339995736
12735247
442139031
9165459
362491687
513160798
104688057
42606667
70789742
245079716
3203859
76959244
333035923
7535402
248156423
84783741
96011451
50453469
516428686
291078586
342954808
414704959
442081946
388254257
140936030
120139905
469111780
474865154
71458379
65664016
165853584
163802158
432544976
451442755
48061746
241408582
146894698
510104212
106612506
381085975
368415160
173805956
406709981
138393964
12660086
231635769
70579446
509921764
306420758
337973174
234325817
156279272
221637143
215078719
481525837
285543908
283161641
275322935
253053862
158228274
15372531
493892304
464117051
28553487
323806757
495858436
429274429
468655098
136016341
27285540
72025628
344185156
471340428
348883908
276660896
518994586
341972506
315432329
478293142
350752499
260598774
45283041
398352620
389318909
274818978
109961584
188355141
450311193
262181127
173986350
150208506
125128764
167684808
434716540
483801985
421677835
276442250
103147517
136185975
252067390
144640504
193586815
170100411
59362348
144130745
8424515
372280933
115505091
417227063
467849517
367852442
277473425
341414215
47171508
246397650
388166692
130638356
416791704
479262372
152314023
495931769
306704911
164319208
75594526
228003469
157433636
439869191
2560313
14449697
33776661
439234461
342899072
474859020
347702162
241732386
483634750
169275365
277835868
495712892
52859386
300083358
130148441
338600095
67166898
402674998
45694999
194859656
251606726
86609036
108657465
488685476
477109537
178971196
519284256
486182949
124463742
173089779
199070190
88077491
24958355
252909536
80612574
14224908
484687053
2289527
82827839
242055699
403246082
10740445
218229842
22401314
438321622
126120940
485456138
240132145
380903857
289317244
76732386
326136447
246746112
430444903
4027596
414535346
148597615
312539313
169750453
142674187
50315000
187524922
87840174
199010113
278411014
295448230
308016430
239685683
277209050
287243347
29520328
211959638
290216941
337842787
295790735
501882946
69598075
168755349
530936896
25877262
209750924
57010237
463250017
270105230
251042657
452837037
433606602
226806035
327117463
339900101
501328342
482395731
468830177
191746076
421962192
404537767
4789317
46960504
149262157
460398768
99842410
436357034
72789344
366984865
281057744
526536872
214114866
438506551
503562358
419405617
534668117
370426794
312434997
259920580
33249818
79290476
248992028
237186128
372971978
370074752
90021288
187553096
397089610
227023237
336376021
175213524
289173631
442112433
229494242
534142941
536434325
65948364
98889643
412143139
93426875
249852812
139057638
426170760
11152199
100100568
76226328
315307531
30521206
98783398
512290318
107523167
515849578
118090453
522021297
32600809
440868100
345464381
57871937
173568508
225123488
51188355
465102193
443781098
291135075
152946978
247429948
279231815
377122755
196807242
127135076
215539068
523659013
202794828
328474999
48767398
446804344
256569254
514978921
8024228
21622691
203322471
204510499
13748173
181643599
410803782
170127407
46393595
392406329
301991419
468095134
179415397
390944931
32004795
230780682
245715645
225030686
132684493
164317536
230102173
413209156
375692196
469179208
270821555
443899267
122786913
122903624
427781533
193678062
20727591
269296161
412737379
239146850
27506876
316430859
432681602
305211984
443189589
465787764
438872386
408617484
213969191
61776645
143896617
301583754
480086097
27688289
345862858
472444392
323185812
33684986
301978980
10557196
342886686
50114616
81607192
116365821
78822028
228111294
282818539
453314376
191975317
258140355
316758906
351474695
509994937
20954035
147320673
32247214
169350311
199140612
506176578
283482345
451246202
352469234
257613915
504062118
409158547
443436659
421347823
501182072
398428440
389984429
447666692
176345342
290138573
210691058
131451451
274493209
365723693
257468541
245534640
7535486
184231519
333678900
295491728
374497535
274723854
416036745
17834200
26911569
102181304
144297593
167535562
356529185
45829310
8192581
472913447
503493274
351387026
337576081
40264334
518966280
128660603
331918736
204914104
33913488
281565964
440356252
488865037
33485865
349102612
451045301
278833914
496380187
405262105
345349433
330347743
311928537
441001892
52441314
74628058
56707036
392873560
24570519
214661578
531327906
473051701
80549495
209084823
136270918
364526118
76056863
117283198
373174750
53879666
425435467
94533545
4387435
166096485
183548143
371131970
240294526
14541978
233829012
499661026
468029894
325766195
244546672
17146432
51023372
269035689
526852388
277906822
257109487
434021054
466275402
25917719
415173357
72010871
328632934
16856924
404447983
208046789
154954467
495584992
494525363
322809269
115443469
180741616
31459754
285949102
145388472
15262543
95372577
385862712
238813014
365085904
243763551
390889409
375091623
251073042
501308112
483275798
83510226
280756079
406506118
525941412
364093534
278778165
359772392
111844053
119181733
94690132
71920055
530125788
96906412
176371800
186275403
100813518
456410349
510351121
222350832
227921773
170613937
129744024
54725943
238164991
301684379
291564648
111580148
498929444
269562718
196040512
473061139
50723258
312149542
430314118
525795124
313620691
55377617
200979383
130745558
84448005
482229027
53211573
257564595
472222916
25208695
161661534
19867068
220141747
42532998
415154632
132008967
78013671
65533687
211351328
65502879
361544783
65400552
444614601
276307695
302526635
180850526
145762209
2754316
110667409
375183509
45960900
398400976
289132883
9248833
175111777
181750086
510941055
110558242
161785912
126707398
465046565
309380872
515477013
230448141
146695796
105034292
374040145
386875422
152703507
376971139
421661808
181581621
317759616
257633263
48727111
194250945
389434129
501295201
157904148
288465755
482193749
238473784
461675601
490815455
172879206
208522751
355465068
405172174
168616579
532264835
48118406
416884779
431191682
60466239
283749562
439076892
190391609
28172681
72841577
193107860
257577070
100922757
223718367
52857424
147674164
28122170
143046238
403495669
460338543
416800171
436478302
446730752
199681240
485761755
322202955
442908337
472222504
483701967
109519874
60435157
136852672
303339036
529002899
220229567
494951920
201288944
43672259
72543367
155351064
87505264
84997989
403592893
104522184
147694533
200243245
367925280
83206890
54676129
343393450
480119986
280781522
160305636
4786216
102176363
150282272
529380343
3593710
337996274
473721059
134613274
43080356
518952762
430452714
294869205
85348751
197490223
361111496
350887077
125284377
207272147
459626388
68768960
55994333
235571503
499327282
231042208
337385655
176652132
142948988
296532116
334783097
417233419
85974530
368926570
172753443
255045045
69865881
334777858
307750550
185742042
511444581
441819392
429061645
516309041
33750618
464847711
136107242
273289465
169595548
46197577
202865094
466544460
250381104
287411779
361788441
174975048
358629930
43255198
350762919
500103474
263272234
523778906
178821981
332234888
159064794
192586344
271260190
408789727
284365594
200845542
392901111
435703319
47009402
52476075
19222286
101705184
253968165
313074484
280395846
398452598
412246324
342087102
289899097
472974886
472449103
520613901
160644547
24294763
447243245
325053717
160968981
506263493
60305333
380890400
346887440
326387231
440076329
106705357
116815413
256126627
425862680
453689097
424974121
46113348
439956304
359761986
182344637
530332117
166644885
46142326
253163685
400236834
353193563
383012420
204727591
364912542
120567115
447758670
450628038
217898198
533469934
138470867
433391153
77428792
205234745
84916106
188798577
115191331
503219079
401765692
111001528
310088734
461502046
354485742
363485383
490938657
348104434
437832387
504769490
443729011
260256317
219233310
324537962
153345487
29138044
87950915
389264600
211114339
341771451
168839440
186624423
175840076
39905814
186696905
513587055
2957918
292286175
165039611
532964241
285928226
367401829
238798100
101730095
494631049
420023330
312183166
76731273
233929542
206737114
188255523
342829796
391452626
135606386
483098768
429760052
522796314
261283156
324546515
264825035
63610709
91505957
33177679
280631666
87636941
269834856
352588272
291724132
483639272
317117177
58852512
84148955
371960190
74700108
23192520
379446189
71441194
20771884
522404095
408699029
402985697
74148231
334810639
366632077
182092250
327559575
323480894
456965652
270542812
247987144
475115366
349516392
64928352
295860290
307509275
525391036
146168234
462287103
271179791
394660857
167197050
416729719
439216574
298892957
244260305
79889674
461669619
318161244
493864557
75704565
305580813
242020399
429034592
478706287
130865026
8295115
158924905
171052844
139541834
151889947
66724520
209439515
503595311
416012026
83846503
484048099
258042223
45704668
369417589
63284983
500831502
213562797
498380747
420864955
86483801
507368957
882240
365764975
458574056
286010489
93773424
513121175
154318130
260586952
196895500
148681706
274526939
505595845
184580466
295936126
152760630
65311159
194221856
401602133
84644104
100503454
239437425
123269000
511382835
414545491
409516220
259542365
494674964
432105412
376435383
336614854
7625517
64019303
58765338
533360766
167583262
81023137
406738978
244345721
458411925
250945878
117618844
488188057
485237511
107721743
2503631
417655704
411764943
248925960
489067472
419590167
389668790
444586158
387777702
18157308
202478018
327853593
257150752
462333483
312576936
451751940
267255508
274284116
201782561
183043030
536558080
191972568
300216405
398956015
503765879
189984492
92839971
525712435
511130836
291744541
202425945
187369412
380093552
507379165
366318183
235825021
309622933
150706246
29063138
175323310
136397379
4207934
200593379
375058115
298317750
267812623
76746406
398605842
77205826
175084660
98716324
340954874
220029637
417876655
69646138
28153655
196115672
514199712
35165041
350150806
15196430
155158580
317121410
38288387
245922005
340461703
350079523
58027589
520607177
306377335
204342674
208895742
158104142
464416205
397090425
405335205
481583089
424594470
36243723
245376549
467590613
50012059
141440119
453028635
239858725
24930113
44729386
260883585
115004138
83099035
240011956
162204332
115738298
25743082
241708663
223917659
234010066
366793469
89154699
223564427
66794420
350271423
86529981
220254451
196856947
475167380
156149320
260722081
378132681
130247472
412186476
7629634
275918705
523665070
533209734
284599217
108550998
11717959
364636356
146037342
34797007
367070987
228885448
443537899
224765385
190013944
505830051
236936083
493727370
302350467
336230499
375591560
79027488
494946818
457832175
362509665
24988522
53805271
193600524
440044921
66057269
162240196
331454888
356886267
299544884
427238162
396234668
366210437
369918903
245951545
418926471
294874265
270459460
430853835
88642918
257307166
229242051
38439762
14023513
92809776
39576768
473292329
527887936
422788539
89301292
206735575
206435655
518134656
511802223
117393326
296338034
226536576
221260952
400782715
366109944
462541303
101312799
405735872
274790217
397326178
386844635
152381464
238116536
485074582
202751469
288219794
432953933
119648191
79079340
457889147
528374795
422969296
56227490
401584010
103271006
233791330
88454992
199198177
270744006
176827126
158586430
41166931
478297684
478385745
485715279
428190473
83477697
384825907
297758017
254450906
109819586
249065724
475452562
106467818
26052882
17668856
241584533
511660171
4991637
362435369
392543316
223342546
349358562
340541957
171815595
93044477
95987060
435694262
177329110
125906336
160703864
453130872
1707203
184979386
204981352
344220207
318641847
62083636
235225046
253641758
157292409
78076082
183838532
160077245
377076953
475183962
110344202
193553178
523606949
3208182
410957570
208686924
291421309
1092857
278883578
323550026
54451274
455987673
129414930
128729197
280458999
349248267
245841238
182801887
505514431
224936091
444257270
97816416
83371945
212165689
489351801
389541672
51019484
407197164
421473130
479968421
314971486
525813286
98957489
70183366
340302255
135667431
3428600
525892877
485236301
29459868
106294461
224663757
402756296
201166907
153006231
121771104
87832693
330966335
461699166
246735952
488929717
330013549
380764714
281730046
109218254
274887332
12302598
70049794
416328150
74763927
212287557
83233775
396039264
7294352
84197069
467575703
298947993
525842359
252443556
202028905
112233757
510387673
93572141
221440479
120207254
155426430
49383222
272027651
289780032
349108055
471860522
339167360
311960619
149435059
201162530
40889519
174337160
103920650
127902023
374488219
1094652
328366790
424218975
517165177
92075879
209723480
157759907
66368854
284349728
43406106
493845606
362219531
181668181
196862020
245186902
307998682
