16187176
481895899
124595120
150713153
136485243
57632443
270833532
357110440
424659011
158454412
137447268
99933546
18159265
25299185
440871516
393150277
364764261
521151275
437047441
389143179
118414700
371556319
483542278
252050503
440245903
364640816
168223890
534111078
111470478
231391966
6343953
97031230
473601626
504866440
89893557
127364768
79133720
23726911
493581039
460682064
524209603
97208147
246334663
76078429
372919081
346288101
56505671
342754626
165328606
236137110
232842737
132973932
200969945
272819551
56230163
193649842
335982521
171914359
427870493
516565069
437157051
198028539
305870286
105977620
116100298
249516928
326543183
339236551
47086731
214516324
422191158
174858972
474748768
218436036
376442832
146573499
359191338
105867208
30961995
228123461
260845115
497031212
355586308
138342544
113794159
370143425
436006324
266961595
362727346
257006971
25650144
526057833
91418833
510479299
67906826
168067007
18148697
511007484
236393541
382554428
371148628
455139200
32904821
389744489
305372704
400854208
302300287
216344417
273447525
209452227
486035542
54871674
402016350
347206942
406609105
223979999
478838882
466856283
280036470
391872786
336230727
123412659
311084165
234832285
366789667
101000793
465226545
306750079
159186247
500343275
490122127
288849797
224504568
33900751
268688624
297632468
272951751
96187080
54931035
427911329
199708550
339675496
299162464
77359167
305538179
518266798
170515066
344753069
168221440
306448417
219530302
494812552
43522057
14630247
37203854
368728838
48513155
293704638
58135428
399968152
465208233
504765511
366881441
237208817
471843034
438161166
70563516
93090899
425532563
29352379
394398495
204296095
202083484
489785956
213212100
434656871
284375766
420342168
164729502
142717381
317280561
256063534
146786422
98649252
406124956
128989813
216889709
430010762
532433661
282799105
525015734
267554066
395647602
499099008
459574321
36291411
86427871
149728854
229711544
202444995
146593928
4526723
237611091
509899806
148219256
256573256
425405676
444071378
515797615
263359936
208780614
400682907
274174336
175628509
420619877
286046115
289491667
354998838
42198723
123275009
44296776
277437794
503866453
243792530
426508872
440582616
97582815
404915990
244102323
21348068
316996066
91520264
309394595
479599225
150387260
317974124
383859456
240563623
122820094
387633007
255305490
275612717
85650132
31645812
70159870
100264942
296350173
413391751
88268026
251579058
157332380
257639968
75801264
392014496
41127819
334638194
390740423
191537026
297992279
306013497
214801037
238718526
437197372
290489484
366666716
276012174
440959316
32832435
412802258
532324251
219791527
42886299
390150324
157048088
477447633
165464853
401399735
417351266
338213567
240836415
171909243
3380489
385488198
191371475
343451376
282444966
419310911
306731172
351127819
439560425
141241665
208847700
194826997
146609363
239226946
95539578
282998185
466562790
242355937
108697779
52360255
24208410
405946028
42348240
127078265
5393928
416206669
199357482
338348531
184947162
109816158
170635969
173491290
385462397
292586155
248467259
515120235
134472127
366271755
260517076
520600753
134310061
88598928
370266785
169917967
80405377
292773350
161207066
376434108
41950633
333315975
411402209
94803895
110129388
65960664
274699988
430951103
149447324
285779667
178405607
389853586
318122495
206177070
46477457
8300346
312713486
195404552
497928577
329651759
342779073
458387150
20553265
196968043
371946150
380738297
196469104
387742700
528926404
172079121
484431973
16102566
325088792
371400737
103408353
152105108
239344514
232753640
424715595
215608728
471426437
94941168
231961182
91100429
205704413
202920186
311272350
276513577
281966388
219867874
425370481
167859408
332184443
469082085
175985170
514659374
490421834
4542053
78549312
104887624
527281528
180499624
467392274
237656661
34540240
250263250
111769626
428676426
216632626
25708296
376371023
482203125
298906017
358852956
126732991
179298516
455820358
312077633
309698798
158987226
97147267
126494611
331693438
225368888
49922178
366395633
315815745
17020845
239903446
411793999
155479248
400453676
132360100
194661675
442093525
433078468
382746137
275306868
58589997
274887031
468756598
388294799
496097223
77579104
398424608
77862487
4379075
353017856
48192541
453581452
496692057
406857958
231887206
202321568
78508207
399474160
207897640
130125504
354823234
267615009
205448431
400582575
441542060
311604211
536265999
182683924
448118076
118667413
151373882
115576084
300607963
301738308
270559071
165718283
56007079
498404624
511303265
333499352
534485674
457985181
33753593
415012696
68251667
427529118
493494243
36813694
96809056
23564279
124410429
152336069
2970155
184685330
27927971
17812938
535159757
160200176
430330448
109209208
64958737
356817923
282478594
73939941
435984711
360200012
366591815
483187703
252644875
36819930
201691235
88809125
327063636
277023263
60766917
439277112
375209385
132277966
387157124
520873163
307908676
402922544
8795822
488254268
391182954
70517138
296369202
266881429
186205842
435012059
278381866
48755311
435644393
481220461
313244640
262514295
190971216
146114989
242243968
113499279
319417963
364931363
405064952
401681727
140485926
151663719
152106452
51848219
452163059
14850313
288671627
1476292
319750208
194732281
281516535
248926872
244331043
413184014
31102543
341675293
149222115
59926689
121427460
26943540
523256346
523700396
36360226
455392585
362463564
335671797
135878628
483046397
257164006
193384609
172920878
3227100
174060551
294850034
394500297
452744252
66766372
154744345
12607016
196049372
68834998
220290756
384604505
520166302
361317437
457882877
91640608
367500645
325393822
228900724
385030551
473240856
187695822
365120945
529458169
195598413
71507639
121310828
297613252
102396297
146646159
524320077
458387938
295760379
43590285
95067924
509109669
65550290
349356799
5514967
370588279
446162250
98919463
138677179
511768591
509784366
104482973
394545463
15585014
366082806
270973076
224685100
128556036
317932449
38547874
113249925
282348352
139477625
487659021
517262850
481576629
262913839
530321860
269728545
401225837
165727773
63661205
495202970
474002612
382745361
272029174
275634822
133925775
435545310
349387713
261356510
303375182
52416092
39780134
488424962
370762806
329134278
382391490
327950983
318088036
460494161
61583839
527521329
75263763
237936852
423045313
422842145
252890914
352442586
129466611
515406177
474565190
156111095
355938804
533650198
14069995
397437211
443791500
522591071
468420690
411563362
143859550
266980041
210964700
180337079
94846411
143803400
527838149
388798221
520314524
214433789
482831734
26711357
282448626
216547040
530331574
211946166
434104978
421860904
418100301
260162097
155369151
38409449
251065105
124557056
445872729
514275319
413798944
349303654
203218902
202976373
474187314
11914142
213080168
57971576
61593249
216584339
232054329
437457557
482915969
250732068
400818891
471848310
528906867
29026160
492304804
187454445
225523186
386250499
184759911
339060936
350213293
18703096
88463828
206910820
474464146
423397026
445609900
278147258
170920268
390930832
291343593
299716416
141810953
252723202
68450399
282053055
416682261
331684614
222114318
36825641
417197686
216319952
452598921
194406736
187205958
308305930
59654957
334490720
173734628
460428463
468712885
424282397
348299606
465375594
383625624
519181470
11558091
409714828
257572705
267532929
177157179
348019633
344309842
283676371
415512832
344350206
20973863
89283316
355042807
136493043
446197296
410273240
186249042
30476956
328699253
48881360
439316285
143263133
133852446
525900885
258425622
198933015
337191498
37106689
500957650
75931375
48627605
145426671
411120630
351835929
452879957
339437370
164723640
51099715
496740823
352569435
485406048
207296169
295866740
386716588
23080101
397966580
200128685
133411909
336485556
13246296
463394907
333495106
375666400
474858890
499465794
360377691
19932333
101637615
142783195
56340096
47560576
324000660
276956663
332648046
431535372
130225776
470314353
498756080
278959932
490210026
134263507
313129202
319004904
425932300
388997208
521063471
266648394
348292969
223876704
301070803
281306704
311760572
518399316
264691527
467495296
22090605
41039355
163046131
270465466
315768508
210364143
469384352
480728414
205266363
9177232
431438986
206559257
141272867
219849434
433835650
440860035
407864565
103162147
236629035
277468357
536135383
129620266
214166843
308340748
206431313
341740973
188991391
472086571
154795862
86481634
514266382
412396968
524931133
35431094
500964218
118629734
126466813
268126606
25460428
110296050
196807962
91197059
328191085
75472647
350539232
240358049
12784775
209479495
487477817
402225335
151871366
271300876
177408613
343961275
377427569
92978025
249967830
96636405
468296108
186616372
49577476
511297285
416356648
311456465
277283783
43752693
459053124
20474041
356253269
91322232
278376207
491050772
312766129
102365924
301472772
89488214
212069518
264254079
375865579
331249347
510674010
175056583
100468103
314536698
220994330
437784564
293148328
408470478
532952120
504217111
418184148
145585080
399858905
359291182
357787649
219543517
425830389
59263400
129278224
342114439
75193694
131734669
468523307
426699426
261743855
236184554
129532719
526477
444427186
7405832
217682593
103447600
165201653
17352545
10603721
509492479
291021535
212115207
311965039
448735487
359078861
516368715
493986633
139694063
199611209
271579691
445951441
159409894
108504315
510504607
433928079
109651276
414391544
33666342
60988304
183974357
41711332
368310208
189405686
81563863
81290243
67141367
243160573
206714971
482023249
49853571
81178660
268052278
306129221
397338762
320370105
452476496
271994567
400866805
449387619
310481744
261678181
68130075
14015821
150830932
249413926
368799830
