173921334
93245706
373670155
452200364
346180295
455753673
147566864
282444190
88833554
35628381
244142713
189678890
145874000
196837278
16698912
118282399
193716088
74573661
110969535
408700626
503752910
131402840
1129210
103271290
321496958
287038683
423238902
382012985
206354504
433227774
514199952
59525603
185671017
141134782
422718419
333860853
128336130
315296461
172878015
30011323
374598743
313094837
323060030
14800597
489416841
15442245
400789985
106879449
176547621
230668715
304626159
60064439
430635428
387438693
240860086
352043178
445779039
191664757
177776900
222933498
87713933
296710978
314595053
311703748
295904883
92925294
429828684
86516201
108680079
515001957
190300920
294891663
312091415
223930421
361355219
139990023
292156400
35406204
401383615
134252730
89519097
70378016
392859617
277453974
339699815
502333907
2921381
74825999
6243298
278304569
322972783
529799495
49270021
284812870
527274087
174085862
93571898
481972717
109877193
374986094
115027099
354038190
519717999
68516056
495958594
337410383
307182230
145179375
108527074
260435538
387167123
95305006
414460069
216704090
62711917
359263899
6300399
256681962
101458499
214286274
366392362
334560223
131860374
343196330
421274438
221801226
228377518
534952238
361829342
363713608
224792964
23876121
13766222
273182704
443637244
132105633
27890481
216437182
70157241
10534423
420777078
365491747
56242592
520145908
422471542
196806887
348453220
349225773
367209872
258352426
105490087
492290380
419888033
237811683
5197152
75937491
521666213
485455881
2563660
244050378
303032241
229181246
270349241
171725633
271982586
417699232
87100146
73659974
437966666
54220762
71512801
305132233
237341285
320008855
333706118
396259220
78314781
152073655
361107952
224798991
371273263
319405303
85665957
530769000
525836998
378529864
370796443
421642727
434085844
520358619
237275247
352988747
85017578
249245482
189135143
58567454
385580745
84349623
371414643
187478300
105126317
501778553
5752716
66765900
401510974
404649266
368414177
302294154
333833036
359844818
444008791
486524854
452703285
99495124
57733578
536021613
9619448
13209826
427186269
489687851
213573313
480960454
429090706
80073872
343217580
239442959
282017214
161094974
391533504
173887958
219785964
192446693
202661908
515539496
420247833
303748272
211771601
46517447
268398352
366836965
151124525
369212096
75289255
491110305
174266141
130020612
240777556
891627
529408356
341998979
255617557
67847567
522564311
282500114
278713298
116236879
384410242
65803200
292275604
30804513
26130510
52743493
309846080
395871502
236710080
297284786
360510252
269748489
256423359
97401316
122603287
141339
57938512
485853181
161302978
228822156
130175053
328845236
21876144
117795170
298092016
12095970
347507846
300479724
278768266
180040539
100646715
240275249
49210197
298888931
226031979
159415115
95633205
61232432
303980837
342086854
50467294
481847507
523364923
52930564
405138146
463877931
253968630
379876801
441645087
506419427
216407911
162617358
306386499
121630950
188314759
7257271
294625923
336174922
178796192
222055301
435844544
79706457
185673296
249692951
385015764
40089666
262005959
168184527
353224141
247016934
414951932
293303471
484141467
456062813
533313808
470008438
96867928
221004434
126355165
523968410
280735648
98960200
134104243
235428564
152125806
43398839
10474697
366122750
490757953
156674095
333621801
346698219
438054981
36810655
437915898
299398426
397930731
158794302
347250487
383538705
282189478
276428584
10853713
313499205
531830972
73396042
33705065
497529165
258099022
479331041
266834366
321130145
424941472
287781490
393218690
33290297
297600971
100306247
188433258
353442640
351431091
499343097
431221143
500511312
152238755
382964211
50773397
28190507
174848395
17212717
428140928
202621584
518958347
448846827
404587376
268894622
150594447
191039227
354144773
497161678
120106281
239827154
344958151
298819082
237241983
434958664
387234503
131205350
229061611
174930432
360173041
361033104
310106375
49392355
440058285
132335083
485183515
168973589
241338505
531759408
347173073
111456849
372566187
136260894
288982843
55259253
122966151
100964971
268281234
514165886
511072326
91666226
361663139
170928912
342705079
320206655
403547916
45293280
405366440
359898741
386815180
380202631
487466373
523150515
42880451
81452111
325710609
448700157
302306973
6893075
182486908
162336
338019355
138096410
489089134
422375745
436893033
444963716
272541885
428038283
180138137
251933491
355845829
250288516
194430273
139471602
311854469
423376255
268004581
63118896
131534716
513441970
263726545
352294020
383056003
357765529
469003728
509849652
93194746
58569266
119493329
136339982
274387355
258188179
141711421
396364527
411663622
45688490
122728704
295549400
289760543
421076240
216023646
164626969
218722876
2055843
231936832
279415212
446459509
160434101
139527422
462956679
406008048
37926717
205113984
139969671
316509125
455613052
263043052
270432831
191579729
153376448
50707658
217761095
256006080
243271755
127517415
506336974
213114417
487289025
279262024
189671387
165300928
418011129
277413155
450023718
205165272
253603679
349572536
193076935
337535613
386891788
361273799
97821104
274508494
135610743
460135120
347765489
77645934
147072198
103986595
183534376
8491652
484014432
305611605
137347101
315248738
82237284
82069273
465243715
304589516
236023468
422859640
54336810
34989448
279808869
440528928
267418812
489519715
96965784
493397638
107291655
364706476
285150482
435150391
98242484
508174796
467389477
39997561
247073332
296084170
335054146
21352683
7996808
342202083
366461197
126450573
155110386
209992945
271740960
104992155
318753739
478368171
187307783
422474208
187756457
364027755
182207639
208494005
188744105
333550408
347307688
456499118
267323374
225423697
501123284
117544064
154315154
395286484
32053400
234425978
70793594
411207878
83888100
504431593
463868927
87421505
527216462
37507136
364505078
410529212
448979280
243726170
534494515
131557834
531360078
516808605
338976003
461421105
415122884
219532404
222052520
19206477
53778124
300780128
328364605
330099298
435772859
37784757
76310981
214014318
491074148
261683313
118555613
470601358
51988439
336888974
532490745
93390956
469977001
183869435
484679910
345734919
274349173
294054232
101798852
237821310
271487113
536727337
308401582
307593742
203929862
204518493
132509284
216683430
218292535
235715371
510454810
401737763
32121646
255492926
170227147
454636708
328752563
61100016
38287448
259500525
456918908
9504149
198390093
386394138
334416795
90709748
369387225
40978169
344753442
87390242
70785342
533581059
180667875
281566368
369497467
161728234
305032299
370228739
139091680
268896213
323233407
30685094
314024918
185661045
380686987
411231899
354763901
412925940
447231502
171378184
360055740
267397216
338361101
311009159
216772619
201689281
453830746
181597445
111293131
95490976
61128358
286316502
480885212
482190241
527922223
185050624
452281241
280125744
319152087
4407558
177945339
193361868
312557054
166240689
419676993
127707459
471857003
509975761
503478957
36450847
69162180
95373909
236304189
309460261
222587911
81580208
509359859
513798837
245457434
462356829
412288472
126320967
80471914
404799980
482171393
25519059
414924277
346933195
467284716
409105418
346429041
84581351
452656444
72941944
232683566
236293436
463967714
58903433
298492039
200086167
390250410
528660269
72005197
270198698
328709705
456148108
47440353
236300650
56637961
314374010
499134902
422156406
433564163
479195746
438473217
363665025
185741556
511205379
511640519
15436709
113856494
298680919
186125305
383300797
418140948
475168447
77320281
458100720
269649772
353753695
7336125
219710679
188056537
467782536
511979860
326063859
358557811
374259744
218225833
42867864
222472791
123315213
274826910
245035369
367436607
187297413
375755713
454470518
99991847
45139211
511812560
493094028
134751688
199329316
307673267
377852464
492663846
365329196
166922691
362188353
220420023
323730503
498021388
448743902
169158193
299104435
209483912
183217162
55645755
364732767
244375932
39535362
12000743
486824852
467684846
9966355
405927371
324592674
110721303
178539408
325993985
290175557
380512096
491812506
42218713
195391307
94286823
433506533
363632217
68780033
437356351
277904251
179461046
35449079
392157084
464088981
477015212
269646241
443249766
476373759
88178900
58811975
284204453
211358126
416907338
313400934
78578120
192161284
142375552
90841011
191617048
81334598
464185442
493244659
223308591
334557746
145414512
517934170
373036300
278036553
195091801
6566704
341044345
172421549
362619281
164368688
293983587
168607441
317245720
423313019
165891694
353603760
389659761
335013551
404335134
42574877
143527672
49720318
154212491
408619216
482783733
31421639
114428751
327482577
448811160
451337464
153245449
489303673
393318048
428347427
94360298
454074927
193535622
417557148
187914717
64606636
67059254
205044209
426791141
369836523
441210028
520488761
345604716
96480384
426952354
340220568
116294620
39272116
375177151
951414
91442091
218065944
400879366
433214757
121654089
195450072
371009994
198476289
85735415
247415093
536028639
33029642
85499
482543580
420037954
457361395
9645835
342747886
307583163
70140575
367440377
317846776
36793195
419487151
88685519
512819583
219547787
238772755
9652798
359288680
153699344
430057507
164396355
496766580
236049815
154004973
126799476
378566022
160739563
366376550
373863166
90929837
161486167
27470895
343071428
62321795
37164006
421001660
300112291
34793992
135634124
425080965
463552009
163238470
411511042
123324811
430705014
179875311
245687355
518954195
158033843
194030156
244211766
439437529
66704098
98812716
52516084
193259197
528266648
410578076
509397561
149328246
5980174
157340143
30325982
180177487
255793161
77508847
115012623
75558049
297519791
450834234
326984288
451333311
388456816
372940796
436380597
135596446
350842887
42077659
348340565
393169422
439106843
303043074
249600936
291904913
7949376
285549493
384059786
252661106
158317315
193628791
488576287
254881049
303543918
365254775
522774597
474995263
92908979
50802369
391770669
116739256
59881577
236951084
532511542
321484566
15918318
449791746
422147170
506023579
49001481
483710215
114995383
505895805
278680329
372510760
525856585
50034217
429100235
346426023
520268448
132488344
71431157
529756675
105269844
152067097
130383424
490843257
190055509
14240715
379780136
378410089
140663402
335553408
296180883
124119294
97225675
93788135
67503362
487441611
408401698
157688837
485896612
383437163
60295133
276697402
60170270
417163802
484456962
387726067
43041664
383121876
152072533
261965341
444963262
414226644
287097734
90198949
387761273
71713001
125389176
5956953
79097164
269796162
259234094
292479838
354913670
440802283
242231135
68280808
21058677
148757828
17624860
46086155
109025724
270378722
171829318
255496721
457243274
493168008
277310027
78998376
103158311
72308449
220987607
349906367
507648238
385986776
18051404
438518237
252705451
273455421
428901952
347876842
303997465
442904829
365541564
169713313
157624784
419195134
341061577
110863219
20665068
149037362
94205526
448081790
180260867
435299650
19560838
425086518
496567557
24088456
529440548
408802749
297782135
274510413
365913064
369604567
336961079
257120425
192371043
408903499
133679306
331736879
375228280
257492239
226377717
423286234
233827070
189135456
16188362
78811201
495663896
294825009
258033095
359064444
50346510
518654071
118372256
232721556
59003248
126962240
154038851
352397483
529993922
105208893
36055786
440783708
157124856
56699955
267443564
266358766
17172384
273537252
175378151
206338213
118436634
236008641
478804903
144842212
153684459
282139349
390340356
413889586
151609897
254247706
414506610
51639302
79339877
381149992
176964668
228365963
384619333
426854718
457506040
326767506
352000371
334609688
535040600
496444853
360023335
291173760
42192865
514478433
103633507
297837200
9327077
499758307
256207508
60508780
115464981
80058523
525169557
214350249
383464131
93724416
53712094
437910290
130492334
243288603
353281248
456258206
534919793
185592309
110476544
387965721
209321417
168668454
296744954
27774923
243594338
333341252
272178691
522163529
206483072
476203631
71469280
320445353
149397367
191161176
509712776
319866215
113563625
516731011
482458259
196267974
47491091
241528607
280170469
475404709
240555967
30362088
345612830
140946045
195778894
405425015
363546308
126262163
488227089
37505610
473433648
338100959
400835798
99899481
138715122
377345352
284475687
327847764
493655831
473183130
229369824
426090744
455486048
219197318
395069014
219679683
150362869
516052087
96370365
127833001
131212442
249238233
70012233
86576949
71464302
13364277
120968290
479214121
400726527
61643881
146291420
448707651
510007521
290653981
26993383
219286714
293666006
48193454
477170404
137906336
450598094
85172526
416102800
77677611
180720441
30829940
234633047
123887486
264916073
87902009
245682352
110619826
122769608
459733758
275733624
423966263
411187083
378374099
156699882
352289189
166727911
221863569
292507321
341336817
242806214
140725037
432344525
177604010
397969229
518010889
88828782
29236756
488466914
100724920
201205637
39306813
86777938
158435490
275775055
452837418
79330651
360319518
376406384
156042900
20560962
323222629
4740940
275134896
225258105
412459972
384922963
454612905
525769182
281887339
112971151
241294551
232618792
30917910
265105354
396761583
363232652
328635107
397874356
237120087
262884752
473376831
103360836
233201464
2242980
339026959
119009587
452517895
465628345
269432353
124196320
230080515
147950848
336785577
408697731
76085989
277482904
223295155
93797797
367924658
227606046
33177395
312425961
400904370
315703908
519241912
106859709
9223537
236188110
122283207
263321512
280944049
245246996
499627843
94198581
242464255
10972635
316606145
205086614
268001706
435685420
55045477
227441066
334202652
463683653
503632490
521471697
332874956
209255281
498120018
436459584
7057456
111845344
141850869
101462507
15600527
57114728
6433737
510872157
429327834
292893632
299042328
276901115
430986680
36715715
172808864
490533851
74268521
401023105
134488886
140411884
6970528
269465642
420703789
85925582
30709991
457549284
243909418
277932110
188743025
71070590
325974192
507423667
57341423
280888033
345947547
245900060
11207440
308992237
137494077
148419476
218799134
106028737
436682446
16518747
31302602
99822812
166058306
504728192
151959758
368363651
169332765
298314349
482696106
319152647
528345129
142472920
363288381
120896378
534471423
169014190
51703976
203815334
482163697
295947098
522394763
298722375
521188125
463034411
443572609
59758207
416576031
365625348
512687383
477025406
318157629
506963982
280757015
429345103
67739305
487602602
427490001
342688725
95063781
390666604
98260430
468281583
515582019
407098907
153304946
138641315
439816464
316670949
25137305
176909597
10807615
533961004
352149856
160229513
80507372
317513964
130270043
459047294
275640452
39986790
265585467
196951507
120722447
130114571
185421528
308818906
316643482
315031131
24385861
287072860
231488897
182227070
196640546
463923631
24631020
489478725
360710178
378707749
498883678
229686256
298804578
265735524
322152752
265235139
474550243
243083207
182780963
518048210
311051930
154431484
29081891
457190093
276125270
374721939
182524933
158963922
396975791
467076432
437729822
517462479
209813328
78367413
134553312
426236165
449756800
265896355
435261972
276738361
292723737
267265731
457317119
309071721
269444415
471831172
419405764
435123477
444795470
12101342
297876124
316885341
48241597
312771838
431017306
325560454
404684892
440932219
239498074
300623235
494642990
52798763
435147909
281984910
382452609
220389482
14727973
120205295
69040864
317001660
198436580
116023250
357053345
471299557
162587128
199186903
226565559
141804358
88323658
525824256
26523012
26211701
262779322
115273636
172599801
476496724
428924127
499157449
176199399
200541864
24332068
200667473
468471463
183176754
157197000
55959852
356709310
60101036
249695714
376112450
122354611
15910759
23561566
202039499
256546229
95219329
294620131
492262794
392467819
498088166
434160568
461179659
237130527
394199177
191507560
217004179
366632381
335713829
286669029
525276103
412869304
111060709
510093978
492989584
378693042
152086754
150069193
161969731
92367845
324581752
380085398
469056963
133764509
272667608
247698363
498019149
302644222
531679561
324832590
53370039
110909543
502675463
284422043
296561556
209028055
145729105
367926395
430279768
66366258
224860310
82601341
130775271
99059651
86053761
240806335
257537097
16576975
382992097
223897857
371252484
295905380
290534358
476604528
42058049
467649640
97778725
24366484
412348271
485682791
481677792
301693961
469854680
394282062
321135932
125236197
494612270
73022189
270840592
13883142
239868877
289415622
23932810
291914100
184395863
499661133
438990963
19620714
427565496
188864685
49495000
73246970
113827039
460282286
193577476
140662941
13051591
513028818
235030175
505806751
458300934
198671826
319795897
515386115
197929677
273352166
378257958
150104859
341156289
386502846
368615308
27141158
499904378
334447225
100351478
122676912
430601694
313102402
285125373
504565568
94433636
529719193
424640632
299134194
473426148
223248931
273089061
210544919
167094455
353801517
454163823
73255782
408560806
291267333
281218296
50824000
220132322
282532297
144625303
247591914
457672422
66096525
108496361
78822904
17712856
195601945
305936140
477440124
439679354
165894407
99521527
243136497
279965026
415079393
280226080
47797462
239459007
211386268
333384385
212558782
131088091
288840006
87583363
73944429
422670856
133252079
184585686
435316241
185918107
444973973
197382904
223345625
216593724
463116241
269337283
233877334
174793091
292238172
64514534
344814893
514113643
134241211
408728804
416935001
333037099
459369901
229034497
123198099
363109177
377601501
12962809
167317178
534606870
311664928
505465266
253231424
460701441
42600673
67467475
427319561
352763264
210269465
296778922
199206766
16583176
73674908
230612091
375061624
398878608
311133705
136641553
441989044
232310759
289471836
463518548
504971616
43474670
315207914
30876653
88042580
138082571
489047397
384477126
529686586
482392632
115312110
73882860
200249239
525545315
168704438
458558509
394677473
82826985
333095203
420157354
242235271
20186020
489114745
48667817
42482005
27458900
185178441
29566351
398247324
219228478
248213785
424728133
380329968
346429676
455482204
222936474
316723967
428670853
274039952
341484864
322466777
231258868
237583498
420998245
399410996
272172609
230594834
349847
303610341
54768821
266027300
245106071
20794956
49080466
288293251
443034789
27692680
393741753
355776246
78868385
143774962
202917588
60107716
272534611
404430512
302746086
155629272
395329427
57611256
3870538
44615287
436448146
372781153
188164755
330510316
511200025
229601559
381679113
63351387
41244799
112994498
130290015
206688862
71461414
445926628
310473736
83031385
505497352
362287876
44580107
464589172
490095257
152958007
5250092
85381545
272136090
273946929
454340570
416509058
35887180
162051988
324969797
509543162
485141325
165367456
266982742
301993943
20211845
442644521
375435532
114579292
333302150
58949685
244593110
176668358
312452927
513154866
133180265
390822190
521533185
304907698
72836872
245447967
474972468
432125653
269282260
54928014
46754530
389172140
332072726
399965080
413593551
504685493
153330821
490339361
515055405
5314508
141952251
196280823
2478912
130787719
243941266
88579344
340558268
140009355
520299208
60488290
437965924
176060924
171293387
59588756
364938608
292636721
512174582
468476398
37714276
431015359
414302818
180435790
319827599
23533
462598
262286160
342597429
449378682
372765719
389447000
323172132
523198646
533757564
149001661
301700692
148690883
320851365
161720220
509069418
181437421
485984645
531620256
210165495
431694383
71299153
467047506
173063026
479083723
182397007
150591336
162815162
288836361
519921671
402790252
59539114
488943998
448835052
415974108
137000948
468996417
437993918
533211703
69068140
27157065
330294486
66582628
259622012
504934194
250324089
58901238
59312835
382926424
34268615
524480676
394030245
429970052
518739189
62617878
375244865
371531718
77103053
72442485
388828377
1228593
201987674
98529249
455390816
300796883
178210542
57385037
533411384
424383288
218335481
36211334
356358027
315481611
199734119
381075663
312280178
305161298
57666353
16517412
350011290
356440052
374550027
26658851
50851548
496482595
105912799
289519270
116161449
135447113
240051500
371065727
503514144
514373508
239455610
194585257
215075735
237965143
281017086
286421110
519069733
215674773
503539648
346948222
210641711
296088460
92258431
316830056
73888205
47815445
235295648
191637338
283130509
302200770
154382977
432763610
446844795
246145806
51046335
436717832
451701169
275966354
32305783
278261148
404361653
348577957
365520982
66597180
49324279
230381386
224163281
186761389
87835554
344203158
434756558
355055402
263767601
465613075
361059124
21815218
280310984
15477214
288750996
109347532
130864906
5513967
108872411
156748863
492446254
464812282
161719839
42459434
290052818
250662419
150150114
332305698
157858652
94974210
497785675
463836240
342664578
103733387
449940722
390630486
320536597
432166102
301717423
12906544
112150188
288472303
332677351
350444433
243062564
258309341
366166787
225655613
425525070
94625860
390661177
501850589
121302226
355822096
347362930
398920940
403143350
241663456
100387335
108305108
489831071
208319115
365067269
156691838
405787470
225647801
218862189
406245726
1880459
389948226
522441393
481786927
151937795
9305914
185091944
385928562
340568533
98324442
337233530
416043220
305021104
79613535
296079846
43546218
108596133
480027963
531969613
530548472
237235432
465934289
114939281
438454009
328846116
295101532
289866772
58389902
74426743
92758236
301009051
495728630
168001458
160639149
42301427
487115165
464080527
156141645
358241989
79319951
496462872
216816532
217127369
10539115
243809851
2901046
524959764
487145696
240949746
114718368
223893865
463017360
524840962
490894660
192192132
353320243
468292998
393205250
28580365
336615833
69811957
15118346
406847561
59675525
131362487
176794004
414742152
415888205
65048531
276586200
336109345
425063884
188202161
303544831
397321272
286415414
311932415
474511742
500262145
356529890
137567287
189117295
499953771
961896
466012527
463283045
155203253
528926028
478843134
189554405
415531412
186272239
355054061
202895714
290983156
320525197
114480764
127932363
28836217
140837747
459546341
60740412
406892233
534135085
295476794
74442141
201055453
109475692
465128751
331451179
309885342
10708840
59797784
371567077
240189979
338259746
114265764
71936639
224770346
229148671
291306949
159241241
352524319
107789629
334469158
340167537
142196997
127658300
267628835
330504193
18973553
142469185
71788941
417667523
169045628
455390439
6262603
27783686
243101747
503573396
22684477
445548248
400928627
378621686
511778179
175260891
411133121
70199855
422380000
16592322
435053842
460351746
409527951
515879081
78914624
66693146
173624397
307968373
228592104
233685761
393630679
278944365
175467908
27184798
477920789
271125100
323341957
284210221
499358057
521707041
62410904
854484
369796405
183284796
289501399
49702067
368774199
355022289
321470515
303614831
170435914
177823467
163493791
161841734
411498722
432031473
182263870
287346460
509867424
486616120
394283433
171764056
314110464
189147292
36055370
2307850
362401938
158466088
266801229
396967223
301966761
306642023
479360738
351411833
258898651
3251987
518803660
397962380
30572238
83379683
253400028
408174872
106784200
536347407
473023419
317233543
157715493
128630690
138113445
293765277
363087371
392561997
252870504
535561304
303813783
420235915
392210193
19294226
194897649
31674072
118826079
130431634
513991861
56239714
347028407
197073767
419969212
410518520
309140044
330207722
115427991
406134523
110592523
94538604
305778446
345270767
506842483
372355699
467647940
26995221
76481271
160840663
292161227
380264979
51706283
145105974
17813758
43725924
359098492
218309322
125656332
337033870
49438165
225793552
264221772
532772023
373754167
241491884
42163059
65745998
101255116
490111243
139662521
2921075
457381964
159413217
151154033
217888357
261088087
195246365
331327278
112057962
136113684
336774274
488116042
519631734
33611053
187949648
375718025
133928369
74395969
138040
165875130
307092199
383323268
529593146
84428944
353224564
216280708
186032491
52894095
5762717
347120761
353560832
40395590
365789360
131861095
280068266
82543796
423046157
65964960
438108675
274033610
39240903
43229131
475933946
142227728
318920683
102474052
22777813
526452316
108696343
235945407
162320091
163323798
34730855
507177515
526802572
70032507
506334441
187952858
406056079
95722471
270047751
111813157
313357080
48747467
219406064
191454951
388503203
124293702
133615899
377818742
48342248
202370304
462353217
192992510
345131807
103821145
530439259
35381950
175064609
274660285
417980780
5760433
530702271
311426114
411740787
81092414
72429790
551462
442467576
11566368
520900309
4534234
473962283
103466656
320573855
343865395
304569545
531459092
133757120
90525529
361015496
175102435
200883265
121559996
467724434
253155377
267625211
15412958
70724482
117150858
135339132
201921433
67199883
208691041
469931617
500951212
266680301
119133165
324889988
354090375
270445617
171757734
438626478
36201109
270441643
532275620
295552893
327160230
70760145
514104933
379507406
461193531
426855200
75246777
480787517
431246117
172198773
99762162
493250920
325899098
505654958
213571264
80666236
73125763
46377056
4770808
316586752
386862262
322330448
450859126
117400178
65992851
526360172
125339062
206889627
373706916
150620284
494306636
252730376
315170285
112603803
260442110
350088298
291041554
138913556
484206002
494927791
69650800
228994717
392321496
119378949
447566037
364903616
533743743
178625653
173925173
114186839
65816476
365742485
146098869
108734490
453984467
187011325
271414262
9828108
94788909
171904239
115519598
327172235
220905781
412331790
450742050
202491715
110069315
287389641
421983594
211512318
145264239
254282536
396169273
186431580
195814903
535254993
296847730
42635436
214148848
394096541
51755244
406350372
314550164
90794110
26200362
200923138
398589238
424847669
211513834
275056052
93279491
373827190
345980361
142290183
429908866
245652524
216568270
110278174
213690348
332042107
257648009
105478199
252148463
342210711
2957256
256316214
364007329
173997674
375297044
488932215
311353175
2332892
36835613
485195095
420918194
301500329
388385205
353285334
447071712
54122443
126894668
2270068
362810121
96897863
222292130
212130145
405395660
485475697
360426067
149358719
396901078
391700382
227928868
63129616
393663567
223776801
300821019
455432593
302866644
290856002
201190280
414410035
189898575
260094650
145953666
210665767
273494501
485701125
143264652
372307618
466145960
440378389
374072430
6885045
372086990
247228047
233018598
314249140
465327741
159291499
346173084
196359360
105546182
523132596
76916898
318059715
27829610
366535114
398364058
473445245
30225663
372362428
165342692
151723927
235928857
220564680
275249159
82974871
436670821
117819855
138389441
14115381
229483543
278324023
194203714
38525431
515164880
431227951
267623982
411114120
67924188
40994305
306768730
356628252
108642647
54715820
129359383
485131681
91440664
59130152
72405877
449394505
497200768
102557530
476131709
380318957
194279764
527843683
212945862
508673358
56632942
337176607
114786206
366607345
308117932
190917137
29790677
126283501
298624466
408951786
443874240
209923361
90096125
6878446
155876041
517226093
486691661
325660734
165510106
122933523
194651439
346121076
288596674
110554643
4200232
152375284
396515285
416105546
465194168
27733966
80804414
499813782
425918802
317564962
63456703
47658280
454863789
59229076
500641101
422637902
228347665
288902402
112880077
6186710
308956057
18905420
282252485
428559113
187358298
50813888
393041636
292583020
500706168
347428926
230072822
253496594
200156793
495414083
127798853
512101252
535251081
103967319
500230267
300928143
135547564
207552215
151676814
143331895
52889849
152763565
359611157
491147160
51820171
48679478
500573239
512841995
485471313
353036131
142290455
201254468
491008724
130679140
448843250
90663366
441076118
458130330
277301519
47691304
325620009
442688523
248080129
423631567
415629344
328273081
504812120
510770739
57977676
197405685
168328552
389814628
196291249
454093743
161249268
399101824
248530462
186836929
219946284
387404036
333689271
371552545
161119183
393612098
427259954
253983789
168493714
415865353
481693599
397372675
380802645
22467644
529898689
43305990
447262370
205082274
512889551
362330333
301947376
120492290
439428342
200719349
241206030
534031548
43872623
325314014
107783874
202837829
119976665
374849755
189923658
285604482
295210422
150125747
514593435
8474585
147245710
163417956
324057454
15627324
442747569
57471024
478522025
479599501
129350368
51563703
11517599
270418688
146764127
274036947
529036448
197977227
505765355
385611252
8569150
178269717
49705955
34824756
462277024
360948121
268948760
181029856
184784972
104227971
79308538
184611084
143822512
176648628
494054830
290655086
123024791
194115619
448637848
348009228
23332084
536186299
290773411
320468334
163472345
187788064
482938630
404367892
376145681
520415703
124522276
344404286
345229867
37466674
326911937
195950919
290023298
56690384
98364594
46841261
158505743
125112303
152947383
398960235
424888788
205541564
265726567
229659135
153391433
260664951
124816135
374518671
86367987
439080412
107206315
328761686
58426811
425003024
383953183
65997140
47026795
267285917
63666121
4348710
452188145
424397199
412437528
333547786
144480765
416382316
455951859
435429014
205702572
477692405
2014495
438125788
399868892
280383341
504942771
239881216
351868782
67829474
218770386
82911966
526085542
321422645
455267722
266285500
174312870
25637246
371375719
212586625
444701523
85246530
9143869
399993887
116263766
392814699
476472647
258030408
20797180
374675534
169149638
494310818
226950169
1228965
288188014
99401629
383963103
169197368
244414877
159845798
7535347
157716684
281696839
269607039
268386293
25138590
230814626
220444406
148547613
202557377
54593512
66531988
436371006
498245136
307645228
529033610
240023063
96041686
131875466
492519553
512782371
388742599
85032569
382950164
481438564
62859957
131404602
492109171
178229630
521110502
6868877
219768339
467660427
118885573
181913287
312385166
304533410
228744618
101275311
503741691
337828686
433288177
159069183
293812657
204219900
407926802
92590207
152466461
517039304
203364590
226786035
374983438
58802071
502472894
292231347
309837742
69875268
145724654
324466935
373652384
337852321
324798066
373408278
88846307
499842419
73588407
118354730
217169316
145697932
242674343
272213975
55764661
474292198
267528251
165839520
203724087
154146958
321425246
310918227
176561039
394130406
88126325
106527149
57791069
454631700
257561831
263803138
147318425
168323577
3699000
435960784
9264213
71786450
179018726
279575764
339008745
84048991
439393084
133564972
73815413
74099729
87890930
392683003
394199635
157184870
434326687
283912176
315196718
18695131
380653013
50389520
38620024
212901155
119458958
438761771
62037774
308103305
452260637
524174882
454332621
376903839
143518869
204428337
432642643
474595412
79256001
253167356
175453303
310243762
62430865
119478196
459211940
79403030
397886554
198713003
170581034
145149539
240497983
44473192
202393172
66204901
176834089
375510131
219691127
459371516
525509123
383296899
150693215
243145599
362002507
281331454
163864017
224378563
424628008
132616871
243675415
110610109
440102118
372079015
376646459
119490082
57136463
412472792
346278768
235456608
148639780
260015867
246459344
270163056
162402163
59725836
380122197
462078987
52397299
53772792
75252830
154097266
130553359
438311508
266068306
91555560
407079571
5794118
357034692
223473212
383526483
80962902
334363213
210674481
270713409
13005352
151814046
106692822
256550858
49063340
328094363
231013272
500224544
127592922
218952965
492093330
90258230
374957913
422339583
68366634
520813669
286605793
271423054
275000587
395099027
82299708
16260424
509508947
182679911
72974009
221628232
85860570
477771787
388767140
122390689
80474895
504551362
275577374
337375132
516791538
231244802
409271252
371250100
393700383
252850560
312970066
520072314
174417426
107637515
391200038
414579220
295049094
528452300
243108725
522376833
293957651
89018497
457612661
368912234
370678112
120234669
115102708
41631776
405144968
312708351
518446840
168800322
306168482
352658274
350891367
130757530
203317337
310434394
409456365
235922289
216655292
317553348
77158886
403035307
269139024
454170238
147104188
507056651
462092725
458244662
292623457
369262807
308360096
27403632
49758417
501691553
30521201
151839231
270399030
492831085
534420092
42246989
89085348
51472716
46179785
259439333
96580056
33072100
474063193
224043791
251209537
164903359
272030340
450915059
375067008
391816992
473374608
428556301
211401058
356840836
5070069
469897134
193821183
232477018
144643499
143919486
130519723
173086092
252339531
229786986
131019367
477563579
204780220
422982031
282876371
433539596
68398327
255115450
365292295
443466722
395662745
359717915
76597431
354143378
528458770
530589365
77743510
421244299
52719112
214432793
72715362
117928628
223962321
28060165
168672210
465807820
112179332
481351501
113795417
521733427
84114187
132787925
132173061
237214716
346764476
250201305
495321283
103313250
299702010
1989725
288764668
207311402
340734308
148402132
202379199
289116132
358822194
523762559
394947170
68938794
263279377
135353567
367878008
277526064
385877231
484739956
156158214
171208861
274048551
323171529
376465040
112361349
341486303
277915726
5457617
295391880
364288254
6089492
209960607
81664520
110056377
304629633
372956191
65121672
534082529
237059701
499962154
109002080
105190153
324815995
202356189
308530787
474744379
505768304
51052328
468318901
264417080
343773374
11840527
510894792
185519055
468636809
8321379
316811730
433255342
48091072
443419694
313051434
420899248
463836909
141268618
469113287
329408440
364198614
108634602
60385702
329035578
192233876
473132304
453057181
72564543
181762642
203986499
7344919
71692427
237453023
71392875
257980907
76962030
329809978
325767320
247415375
387575673
49978754
81041641
303871425
152947551
210188038
128967743
257841247
389884427
265772858
498127796
467182112
102818114
410148779
108014362
135237236
121020244
504400385
108994592
336905029
491492208
137874530
212459374
340691368
503812140
197419468
123187064
11891485
196295276
536086776
14029117
270657085
506840136
337516486
28665922
534402083
202214753
446151597
445892137
38573222
46602574
331119600
152716970
242462136
460570647
434457753
64863931
198872364
284208115
372166744
333328090
174111452
266362219
108867252
44880094
226477375
534669293
87527797
443607216
284782776
267641097
316425442
134774104
187890438
413895925
242356538
143813061
433865272
207296774
118137969
252418802
441703672
420556436
409493716
176337228
124875265
384910582
510899604
536050243
141563274
450988019
266921261
133455940
280314270
324898512
429584030
415897179
55087402
17614390
47490143
81655228
398211008
263603181
301792874
216671102
183151262
172735694
28870680
140717096
85538122
164666335
392421422
515941718
443609582
267648189
172675946
458819974
75184914
198725367
476269449
416181915
405909900
35304852
60898877
295253228
338394958
175323378
20247356
10604303
120254170
337198361
422924637
428664076
463002510
69542687
410493231
291101670
296045682
116943060
83853734
61681931
497183524
186599301
170099958
458867980
191025953
477145618
406710948
441644347
224737199
185117334
162930693
404828093
16512077
155765833
511742083
194797766
308188495
347169969
217705527
312273062
421837737
85726249
392121868
11192009
181408740
450953646
322417058
481040218
45454612
190184335
383774687
455909214
533313375
243089686
180672047
203279008
443539542
453437070
488557640
272340919
165351954
484390208
261977613
500864604
276060036
435225632
395269675
483204748
46794907
358178352
435000009
106197426
520145783
8089962
137577869
23479502
73586689
341658960
127703268
432081353
420681486
100737394
255820196
406816966
382187860
382786293
71106328
80081486
102864359
321506031
161847818
334491400
27224879
177813479
87074354
208565591
58207704
175952054
386242136
434872124
70327309
435907380
108037993
388956076
487234074
529724518
112349607
242900879
446202797
312580339
117651440
33888410
245526652
401504488
192034125
513172035
291059486
57842195
276800370
5393590
318355789
311582366
231645984
319687151
157701770
437300314
480290138
474989938
344073775
481847395
99463025
477933886
183578754
205956753
259018050
461284617
455896936
246356635
494056866
76907425
79503559
370138676
442192581
474930501
51443160
21168764
271972860
155825519
125502145
361951041
328804163
469824766
289498786
462580291
381841352
83087587
144172659
213004131
160345064
480420892
536086035
137951071
407203179
409056408
271415597
81048552
462792756
42822356
269169280
408755725
95149213
237002782
70489598
253708070
220953005
458323043
293147350
200179105
223977220
93361252
453393845
95057217
353876109
271686471
457015933
263677158
156721501
294442898
323779781
476008671
428662710
388781668
311634909
473980184
496696694
229012177
349984569
390383178
44393411
241271689
312335074
243063161
139480612
471806385
386085247
275985907
84211245
13798709
411895826
410141287
2750299
476032214
106453864
452017262
312870382
219681111
255408501
27052784
479500400
228664543
93458830
285478885
29288875
422822322
287403333
483938961
504215288
471170033
227439104
122088128
315590010
239811876
31376931
517172343
176890226
110794933
46614793
151352861
294615048
318532127
279961543
56898190
252014944
260831707
502885602
87041979
48316802
456713157
231127054
204985707
175595390
353946222
501623465
123195069
395390472
190268427
315532129
129869741
420208773
507609205
220102537
14783576
511077638
361662192
458825550
16723884
199052471
158929770
428540386
330788582
413314460
506804714
328479083
135253268
10308140
359298968
64136774
139775947
96712802
13420417
37989849
15184086
432856554
446062946
73293384
327186960
478099188
176008470
313496936
180943775
458842002
361718573
148384779
172870902
317591984
522974619
249379732
169939682
244805288
134854646
362957009
57813109
431138808
254716751
340237275
296131840
35078850
318466445
374736035
216676180
467246019
445191146
331000670
491090073
112084919
82651284
352855961
203795249
245823694
332997211
134181532
245664671
487980566
414221251
525087128
511255812
222885278
320058113
477922053
118996504
151064545
456629705
488101115
43897047
322888361
425539089
457537825
34683477
324714232
334935055
43963820
470609599
439958878
3870236
16963522
97077614
519463900
81998512
176858132
16098210
6613341
115787447
473702517
385627234
259557397
413217482
350031014
449260185
287470669
438001257
151214665
164972332
352926050
515864271
93424177
157298129
499759782
383887307
20062766
467059113
192076214
110042042
220931519
231679012
521928136
384544033
422416552
109187264
98846114
395309825
372061778
71885053
335974974
76411320
191954956
272164720
44093229
454871871
163845229
42396587
256730524
2799571
82534377
28934193
518844446
252550400
534547745
79574420
195345207
321503444
88713969
453020577
96868800
294072945
269359426
272746951
411626459
165319267
224820416
430568924
201809006
328400880
204665973
290679859
355029163
310049917
393643735
457863917
250728927
244692434
411736838
117543002
467443535
164900817
268064430
514266689
201993037
257281190
262590162
480586863
207239809
86288494
160083667
503157468
361425378
239947202
170150489
54591835
4537192
372704377
179495942
489200574
327150418
272834871
423077224
207490472
486011883
513562871
64610642
304652621
5191386
363045404
313217727
503369136
37797334
371485355
332990689
370315070
339517387
290784803
489048855
388568729
137181074
423365801
199966908
529092547
262949021
63093826
247265235
316548102
385577324
368391924
362740667
257517877
168706859
346040673
417143537
410363574
115777330
113460454
188128560
429498947
511557321
346172096
69984582
222211435
111475842
457690008
96081761
29370234
97476603
363113102
460142590
286965161
121096783
508371257
237881752
408667658
278636849
239540525
470101515
524798482
157416902
534943478
250534265
385851667
409376046
122094468
26392286
518500253
511076261
35416034
285721237
436064819
308428068
194885400
513384403
524448120
535407184
96336728
277062286
432482131
445833304
113252966
531480497
1798906
520883088
427512803
123274662
210141631
305602275
468361697
104216276
261188490
429334004
507592451
453141560
23458832
389888877
11914002
333557289
277106795
54944938
432053932
163089026
115197245
394283549
461999100
102715764
131169434
120524526
441051
216864020
382158157
68710396
60097580
327320206
448187196
441768488
419667533
528104908
352206378
51162104
413027959
288918422
77558372
411641956
472457448
286035355
10715091
522031678
1425880
269794923
262000136
59315528
146494089
381488325
38954121
2848185
515674129
449263642
126792339
273609840
136672580
140199324
224045847
80195194
23912445
496438203
375146000
425703884
44236131
8586581
23291304
158402993
468083749
374899432
234594643
425515819
293250537
7679751
281595642
228234323
53666662
59927262
287612535
303804601
71162384
533360667
349667447
447072084
453669235
185828732
124006067
22992895
208896158
308316629
294780496
327465472
401788705
522788193
466393247
93071205
224440116
193041097
51130143
39528584
340015789
201066822
176539125
147680796
173880711
289523585
259205304
345312915
480102344
249913862
212821080
23478238
89468695
432133944
87238009
7288145
7589959
84301477
80786236
356143396
80923103
367715663
396461462
360819753
511092328
418016711
446340396
422105735
42750230
17492304
57066658
218181728
299803828
123122709
376912750
30354790
348199399
430584569
69095741
91501167
377202353
437418934
156905669
197877939
166915531
322708553
200998494
499096726
296939973
435741356
29468866
74376629
170280833
77437752
488151377
341610174
376878733
525275574
475261096
90654567
144759472
111104990
512628428
513815400
393627487
523722949
88972305
117703635
163400841
58467815
500255669
417011648
203843928
409527704
487842373
369455245
154630960
240791679
51046180
474161219
251299902
327097733
467941388
269016939
516247597
486766593
147958052
358287764
23565654
508765616
422117727
358575200
145369940
11910677
91856131
535746338
74964442
312134915
132292511
219600335
151796760
73532165
202425216
460610142
212583012
512370063
139524082
72971871
34578469
109161583
433419209
512702572
193139062
378783154
462532090
132707417
256859669
338015773
535732490
235666079
46582460
475115423
433041867
492168855
429844330
2679046
393619759
244517448
241584993
278224495
20865041
336068612
145143223
417446663
218410838
366329125
129509493
58594287
166523637
165451709
99917691
502250092
121062170
126189544
89899179
68412878
27035032
422999280
435729773
305092712
359682972
407161830
93009250
150862712
476348714
471683530
387510560
277557179
268307953
452292825
218873077
528931535
375352702
440337476
86043301
24386762
419554311
164639919
279280131
312783192
294027014
499882503
380480402
149385658
82847995
101979885
496755627
247503555
442011321
165320919
268004779
99936610
149600709
127060222
503782925
530161999
269464956
86665734
388488025
78833124
160782774
470343336
143455153
352964661
471264645
303531155
9529650
432918937
163442418
344918360
339987580
29597525
128524776
291231650
330989152
374590922
265876393
273554879
331146313
280194637
428272965
59269733
116904170
182949509
423481220
76904560
97097732
62976817
266614243
274482253
526729014
63935383
25073897
103151697
177241457
150234837
272787125
464649605
111915342
265066034
304470894
453038066
311881048
89570794
306526931
497189926
342668206
338363458
161286683
184129868
136610486
313416592
192156833
294946312
263475928
308996576
427527533
202905637
257808534
35248996
4309212
391749117
66365497
149263160
169297821
148362189
188269705
2392250
373057024
112122656
509628147
266703906
121802172
461352883
500595605
424789277
272514450
132103427
498685361
79715018
197103748
347312064
233361567
385653324
205722661
4515547
428663207
152653454
198005269
442736928
244248544
464822003
136257231
201767226
528135258
9314343
512595094
270478632
64093163
60885631
225853866
39040706
188339115
279105467
220900271
343050036
293327433
504241121
312382664
494134660
141757611
307621123
138755254
44662857
232434298
290053834
190863465
524409123
132038783
378822108
245599180
476529360
282202331
121426213
370892766
137955055
126324168
353618753
207818135
180034254
4940797
409262553
415683216
417742634
15294826
394030936
44932253
71541511
254414770
42589273
487114933
466364662
176846296
298763326
528383611
295971824
525552641
483668195
413846635
156209730
123745985
449955790
276894593
460629582
50465739
83475539
24754919
140335895
402826946
475436189
428844649
486334849
52233130
142101558
401654255
126360669
192087910
410807374
141264982
119691460
176649547
527799126
268824668
242025321
459146758
218085663
301022257
223246713
207877263
404164121
317281736
533210588
125161708
216631992
231567614
306023380
487044133
12384001
65587720
159131860
373831341
120047249
122320171
225781636
365024010
462870805
262064
481576834
453602698
400115650
344261128
34927886
57622283
519882999
212257704
196507499
388782197
24060699
177965067
374955143
419346503
45925261
425880537
138739729
517398820
200969394
168547559
306435106
518576338
187759259
272316829
225471660
392915526
169043400
346172063
208386778
479393048
269252893
120532886
441056269
110930372
143179319
118887031
421557833
110723051
33490886
390223058
464209295
440195864
56012421
235618946
203329861
170553870
350916554
370862917
326354751
420312865
27063789
63994648
209760
531483307
239164042
356065467
374409322
445093228
307991452
409817607
311432199
40738033
351975172
411325429
172194852
426698824
331830605
150537810
271988163
512594940
365509949
395383472
222874379
161691632
367045565
185135847
380935930
25952015
302188059
14349405
158934397
217925957
114103425
483796488
237547972
289693246
472202907
211801719
209225884
298480325
193673306
397879877
184695232
211767659
57300133
245223387
106096238
192462083
315100420
130496116
249181068
467719417
13488673
388029672
100469841
440785989
389672702
286217111
479474106
390637397
401946191
24997130
214543538
381551758
279779858
120259502
154078591
448735184
92256571
482091171
486176883
243960150
199277352
157361492
342118672
431694704
452624849
298480975
536336615
103995480
243884200
242106080
95915431
313622778
337717474
113007535
238356834
403251951
73665017
208727505
451023543
504779720
461732133
498505993
111025186
260100939
41674381
227762466
162193598
135647512
346245148
332728444
182164099
128752085
848702
385542618
292182024
430517947
521383216
2448258
147511007
49777033
369699174
44311476
370480582
157594129
402061816
237710431
528741852
510557237
342481936
17913744
451933144
328146022
396901319
102123150
131150809
344558496
360192131
347812636
62772522
275088280
318143359
380862484
442505663
194249825
32610668
78497056
495090187
371155397
76522931
248010977
59813469
490166439
272403354
316713419
312483267
187785574
65460852
85869777
395629739
70417563
417379022
258086980
531789093
371051668
414512132
221668991
453511405
321742675
257866534
294271305
1282838
372303702
210957827
15776366
66899083
178440964
414991818
52812778
419281841
401572294
481713008
353426856
405549304
482951718
535076545
386093893
288540303
40173290
132286816
40816525
246392642
134134605
214410040
222739601
73765347
520318321
383240000
210096336
160964622
268488228
251267036
320425465
263378167
411789964
527395679
187223117
28112776
191116706
806137
423956026
44578876
453736297
88019201
227987050
91484534
530657764
306129690
319901528
520906346
276109771
141629260
264070987
30838939
292950685
329766427
319386017
94264555
108216803
455604891
2019933
124404871
454910905
170150295
496879659
158222505
194353555
512719195
276790628
280396281
286203461
268928732
130412974
279581325
371860407
456087711
455144847
2145821
179623134
391663524
314938356
46795704
492960540
301840725
168604094
207461256
504645648
110637894
51053656
292895725
415355249
447218485
152853340
490689039
25182753
508664094
229931887
231060040
293259724
170252308
452424476
101606402
188292398
138622761
179218681
114998289
120202874
118918014
368493135
472976320
172964220
80004416
532662731
33129157
256237637
106440260
186071336
51974333
78394624
420135334
52933402
60059194
152924845
134939182
330309524
418564864
397391580
329738253
499637625
206946919
408134588
328149913
85518554
514255952
350406219
163747984
344059526
386962358
172081920
268854000
210499911
251654237
456852695
409353604
305131211
229143285
409413347
253096420
195888348
253185259
114410959
157385192
101953700
117726655
523108426
19287810
108563696
124547943
54548875
189078767
287784279
263590071
80896910
531353658
17966674
224781566
449642094
438397022
162446844
366677187
414662347
30500832
120988573
533055739
107271212
289712436
33086614
62901548
153753821
167352931
390607504
344315935
482980722
231624076
456630638
35128595
536703431
512316409
465142549
532428671
287313109
283857860
212006068
335438939
120603559
190365874
77859023
331690237
427682985
508408303
111356379
187868743
391330178
148452802
337755886
458223944
183303178
125210056
441027517
80382950
220531872
379938745
289422874
48805403
401629072
113545609
38598183
79342496
287100298
170097591
283408083
242262394
58396524
156424059
54509396
389709441
135582954
439333167
507193350
196523496
161103042
272861407
291597516
135977495
129747546
80616021
29292095
71823592
478815485
415922106
345683608
115779676
20743930
212494782
463914047
117351295
93300620
120650053
405818546
59499575
161532416
453384587
67110693
66420074
244858631
65510683
254384703
21944393
71416101
354975903
3874688
507885320
214926640
164918774
452111958
172692866
164757797
266350555
287825332
326203674
267827401
455318135
505058223
369989555
174043441
398236949
504677033
502782577
253438074
159987048
323998348
526635557
528385173
97978016
212058514
467082422
202048311
522595825
14806055
366462692
490183990
22096449
448975712
253187574
109175238
225793789
48777132
56997181
532349431
226637522
63002167
239015592
183050202
395055155
163193902
11179159
402800940
46701135
393429686
478727530
466991723
242423492
87449838
468886698
334220443
162612750
55634726
220958737
65936632
87974444
523240342
106951899
201472397
518925256
371813844
34463170
496145637
462951737
175537842
209512303
164199236
36407001
10006817
227882166
516844027
345206799
354972167
12021502
104565401
385762870
175110664
82944385
289504031
394310688
384299207
144783212
383536148
61304769
363598914
84789891
242037322
386935437
131796070
503480302
282361469
473413032
254961947
157563839
378317486
288020679
444542408
461510325
212850092
189418404
129502202
393489087
275660831
136265196
522509323
148437025
511010855
318798535
503104042
167985674
523471845
277248299
124567272
532111413
115866271
486061063
116205974
277152432
38319261
316459677
283153402
296282318
205011027
43302898
493653390
214065799
393328635
90065420
327040502
176883643
213386858
27783421
507692129
247555169
458156124
338852182
167274180
445883934
108403246
14342131
183031526
323748703
178645748
364295936
529326408
347742157
483217016
422268822
251109296
412254862
144931925
461075227
462279542
274641329
262133063
133424160
305760447
40437376
498682890
267584495
227771297
159420169
197540870
338404615
105391954
150103393
507377992
399410121
446502436
387214621
413194043
158329318
21470160
189453361
241436764
128585806
512361513
453449736
217093157
267672966
203839267
181414831
436863872
241895078
171487059
478887344
112499963
525968859
169964101
230897750
383402099
319551969
311326432
138433418
15806463
255833076
259553754
262391471
450603364
144485146
269744698
519392300
194434202
30089632
175472647
224135446
291318595
193344850
186748403
211342032
185013328
229099513
349031767
50437003
499289792
523995381
139338008
320378162
46326253
489597344
303723955
369061902
14699783
138356796
49712615
89242569
481265769
486834872
361595801
175258481
450962569
203373316
144765674
342966810
531711535
158780197
504341580
85822885
154191715
142227030
102248582
491554843
450012432
54333218
208037300
364323319
469157980
340021477
236172716
387052473
183314158
516947753
496830426
403546760
266470134
61153543
429137336
385523204
485057726
411304253
423762038
459292908
487585085
245196631
170903420
294900295
507629303
220587956
309654668
110740960
139328624
116192672
102700533
228671268
25697511
307624918
171380215
60618386
477395318
275290442
104274310
274530847
91022319
72167782
492024731
159658731
427440154
6013239
94346221
511625551
391952829
76552992
1284885
368779764
521675482
17899922
185648609
234439059
163286459
277027292
485928833
145575388
494954995
515655510
441571676
52256222
461061196
274943163
134490324
150287224
489701444
404457416
277645515
492013661
225895045
480211271
392332213
359416627
389513478
519078821
424166270
174385466
243403305
49846444
184935671
217391046
513188264
477647872
224657561
208817607
484388682
333133123
498557022
369907842
507661451
158590325
450900968
357348148
109680454
38914638
285702563
201414186
440751658
298258211
143157937
473265038
521037188
525929008
263172562
462503958
106523177
512834152
479462385
196024358
448100554
179204959
339423818
148403435
479433165
142865490
217373376
300702215
167438354
16707919
107956486
427607667
136807588
100081991
456479916
175522360
413082388
196040893
492313283
1239536
137260913
245375895
168287929
249235611
68659059
338092469
399243451
478930799
280109737
388062517
152691095
423576761
392024016
366855047
247596350
33221732
498332853
372371816
248285452
470938449
222604630
98281836
106364149
466342493
189249834
161690514
158302877
234278131
14830651
216072775
204151205
307941312
94472171
54640222
365033129
254335716
222828641
477323415
104552249
32979210
374850403
259210857
298957672
98182656
300815489
497326157
44731019
165611044
405644504
408024688
193914234
386176914
481980447
430722247
441284068
479304935
133935734
63825866
461127809
23501864
121541001
333550636
532619740
438894245
7290420
444416816
154214733
145169557
349730400
360998952
413710979
411583785
275677116
30438125
424629567
142119607
167594982
458358533
338711345
52278716
37515683
183245380
11804375
209265013
497332650
138735518
256494693
441891797
236541164
411006043
400971080
500345209
388704640
110596658
535961798
430463864
511482044
422222494
45891185
383996275
143035534
427319166
369876297
361035441
281005214
357131185
406411431
501649601
19489568
430232014
236587029
372237109
111515022
486158234
42317599
192293557
412617335
290713752
484154283
257724581
138869188
46018717
409879711
521605134
518646680
410087371
246723025
241899114
184683367
190914325
509719984
154090520
250745847
315059757
480959293
44311021
92965336
32299540
159286933
524400663
61182925
508766165
147913114
265648993
331600453
327518616
324324495
325251669
78658827
198252250
415086136
375776948
483539179
80381517
354183389
237183632
159269667
329626209
126244340
338410307
423655240
459780884
402039987
226605738
240340740
78617025
425284969
236643811
375781877
157750747
65385675
431504834
414701265
320666572
309328343
265873535
504144496
473007735
305232561
259958022
14792398
421172561
438505003
91257204
328040827
212013009
427514797
356466872
163810203
192006494
179290368
347108456
342534072
143719564
169011153
342814637
42109368
431733152
519388282
217475047
326085931
397541697
446230588
507890935
425434585
9517840
467481970
158842234
231781950
524918173
15964273
336463178
199784739
403115135
78832455
282684110
56483964
396916598
140508623
26476344
106589660
119389748
36508755
271186788
160073472
438893805
190726662
16515059
24758687
294912141
257382815
493023490
178325894
150539711
137525359
65588473
50362281
180199608
322913205
391064509
243992804
173928648
138001088
511391973
461123709
82892431
412251467
427789143
395819841
142771515
196057310
421670862
419395509
474270417
496895997
342437005
192026515
7670950
205387361
186468966
467124116
18764610
533113649
95639910
317615132
405202450
198264478
315392431
30166064
48785053
200966144
533044982
316533748
62519988
346521648
332673628
187134804
34085004
388454996
119942585
217857277
228580126
341651633
422915721
377834815
152871304
383196775
2372716
267074711
515684429
93282027
131656958
440729254
481572588
434528410
263711935
78475493
48119451
488026021
9650967
462282300
203712962
237465187
441178936
58083734
184909574
144490662
3876104
150128681
46331574
403298769
359845265
369430407
276530515
96962071
62881882
257180367
429617925
127156580
29480118
369410699
490507685
441675802
107359725
78534645
94092151
383349358
94654913
173299320
46999166
449448702
481889966
471556290
16202396
242177116
481825549
286425575
249570042
30369941
168907530
296695877
168273804
173831786
401624032
429055750
412068693
85738734
346128487
111640825
208456424
509268898
75097792
226929965
66649935
476795918
41297949
508995378
52294560
131302621
24900380
528066734
21132269
169781783
462508636
418957533
143850866
66635451
468228722
130384199
26873045
204190632
484910120
110521192
270354122
396197949
132499799
282624466
531333562
77115477
349804737
471310003
34882672
334993113
38902318
526626169
222733619
348055975
215535175
360129685
209817289
118506342
111365819
346296676
376815292
529141201
330102845
204237937
146063973
400105330
191461095
265562914
245322666
466961088
158923661
45803714
436194046
469703044
235558828
250814779
255051783
242409756
200362350
185831402
305592929
387943234
400847070
7887177
354684994
286320116
506405024
264922424
323759825
339696567
175417474
422647471
534320484
214123266
292065293
192686768
98570678
405603715
500432692
231047437
494175
163064750
245893160
454453047
348580142
71917127
251462623
108981824
403622486
112753113
156541290
359022915
301618417
436869355
245058684
487598784
372315255
334594179
136622134
155937239
449179131
134172173
318865025
42140415
245639543
125888842
499603469
510828925
237312949
41662688
473440787
46827699
193903786
373370421
280960436
352347443
241200249
291968570
528845759
446785677
470253043
487433385
157287479
61038463
352280045
367163803
515626880
23628397
106977177
257196998
232335357
76819754
375107660
257110898
154112517
496972765
468276481
212222273
403897929
379305880
301996352
62762617
265926501
86569860
297878231
306260615
416813060
93781938
199906472
208381171
133175766
150800726
351135535
396211702
83887337
44683788
229774249
389319956
516907324
499598420
499512396
29836055
452077751
441686840
122907629
112794626
432534011
534522262
299634018
517373136
406098447
227823670
180400788
314736965
102499837
306012437
413792072
29421387
79057129
490934043
140219445
328230002
526164238
8304544
323056728
11704398
215166508
97951418
125510294
181891469
233736650
496894915
34483046
74569709
157963306
416155838
11345036
317669456
443834556
507391642
138967300
178164895
139796607
258201046
445567704
314366499
33636115
105847442
500718505
86281900
162025471
247355153
38468044
73380132
167327178
100392953
327287126
76754689
108980643
11717470
208925766
210495862
324006915
7818448
181009656
402811243
295217916
302976467
429065517
14475188
11309578
354955169
241756383
108180971
68452672
382754689
491849993
323903370
67371266
219688616
165953146
214434521
234040127
94213949
252413936
351964748
14475661
322513487
389695783
383204238
118219374
435109673
126367720
92476393
32212846
490931558
400095925
302074589
262644032
417451691
291727824
216054927
48872049
257213693
135263657
274647128
306280854
107316300
520982586
152571398
329179692
392242249
402252164
114349514
281361645
52425579
233276248
330282319
13587172
46395616
474296952
64057038
228292672
423153364
374157063
226053033
516370361
289316003
305617855
368799315
528590416
505973726
511545619
249801579
523959603
62663737
214364022
190872418
155454090
526011974
43070753
132752846
232247345
54388640
297341404
214390676
512877332
298782698
93277406
490664672
133456340
341169502
488298390
268592945
227873046
403296080
225078009
368662389
390848829
299800704
11195545
217184309
58941698
481044118
300528862
52978755
43937328
278445534
53171884
91250166
368198375
91411657
137143085
27247549
184562671
471610897
171901197
366623
415537801
441144269
244360647
15616907
253814714
54425845
94041368
238449599
450626290
189566581
417641105
454403475
468380822
228902005
219304629
131758186
469820349
72926985
166382411
119376129
189018543
180791881
58300235
344133109
449216656
187326127
246966347
74431758
491962376
171809570
284637142
459267749
170903843
78317989
133198645
503492126
445651887
87049889
505382418
167690202
130005597
238556183
489061484
86930620
251789142
469284687
156765911
53069491
366095652
45338454
224194278
264163877
319606678
27970884
96654396
117089184
525064646
51923509
116159811
264612338
84673382
104455836
475331924
112576824
179200720
381167518
202666082
78801151
106943378
353119678
178946161
179671257
55417396
238089051
65113991
100031445
327412814
468328256
354978851
393456335
111665437
229431086
307773025
511590939
313067211
68833011
373912566
56368965
280159868
313587969
331808033
91075957
439468031
245592780
93063097
458041204
109372056
48017565
502361964
333607882
51515450
374006026
489472628
2554167
269340069
489930705
347029143
302364253
76663660
489605599
142312979
421093011
313179182
342406380
484049263
41799790
375303623
32039696
319252145
181881606
219214056
170479667
121747353
420542767
1247935
434491309
23030001
190927661
129361914
368956893
279384743
518401851
262216883
299233442
442442624
176913230
211419167
280329803
518393836
262059912
163698664
277132589
43527628
517415272
46187943
226043764
412848436
486091936
86678254
437929134
301458825
393165759
297248817
533193883
487092134
56764997
127279037
123840845
159974700
249668024
124524688
520147624
30165662
330684498
127094983
398440412
188890543
163178631
232291411
485003746
55695157
350696460
280077481
262629121
167525543
282118512
284975718
76354557
243097254
513013363
17136574
47453557
342233860
219599775
127981742
201594523
355401244
261515502
111427492
350550630
210803609
372789150
476724451
11442557
411126622
463334418
365866543
307100182
55970943
204706740
174063735
166334894
359664732
322697579
417392145
316516880
124248902
306830342
147100090
386718736
47352856
218718648
366023307
396044792
181717406
20835874
336584066
314933598
249303875
232704652
130132926
137826186
186670570
436536638
273484165
240467691
212910512
255161868
251882272
238633969
468155467
251377506
479517602
370845821
65977238
241434952
313394059
279513077
514585722
471876645
83014883
534711272
280261554
389307137
163919350
88240610
478158457
467271423
102601218
441112391
264749895
270169202
32359531
341976160
502869882
149360516
225306403
237055796
376685319
71135069
412489963
183231164
101698264
235114417
378646900
282291051
40094079
254365228
313526876
35347442
311453784
353695128
287840287
61662543
419060939
131945467
503768384
449729204
534826051
426155732
493443683
206241593
485827005
192450136
143767613
67993866
89079098
191938977
44820000
483713050
148529788
262161500
235321505
241288675
61415861
322523355
302759066
301590803
44085632
169569339
195085285
3587469
463504247
230715457
205503266
155502918
403593283
434875524
336726787
381607806
494800379
113730872
276629248
200244958
432614928
341274684
410203057
383649276
53464961
18125173
356491106
257158299
177073071
243264320
100167550
355666436
229936186
503216310
334752736
419784785
150793949
46986299
445099453
431622973
95064079
108051912
119977137
158932527
85738771
254684363
496526904
310407581
209127910
530119987
401139168
427178191
263698440
187354787
109075987
335521312
531388935
324986797
333387695
143693860
267061033
180053283
85511845
481674487
109598988
514268278
305844772
486778337
429159538
252149139
117985717
51675750
429361855
257627329
207157455
240596381
90936096
520397595
247043157
450063030
201759765
517756064
24640167
148184318
337485733
217830608
442914687
320053376
300033304
11391642
208630092
348830075
122530612
218980323
250789482
413474758
50726141
113950396
129018060
179183892
344184871
417170283
309705138
240012164
125262342
284690850
370366631
74806296
14508503
156087731
136598365
213371052
87450001
511842157
501630336
519915112
198831301
529457179
239604900
356845932
267923604
152648924
68338888
438966670
342229418
425032417
317813295
87171451
288519337
263634627
443255835
503958990
452175330
239541708
483641736
520178773
424810913
254220222
172159197
405013481
158417403
322177357
332256528
399452570
319426808
314337917
444868223
432562444
79025347
173016050
279139232
70128946
414766497
281957424
395671014
329935451
406815481
274030367
473061839
498507097
11082232
375970229
186218463
167430080
116842228
239812505
124835727
188108564
442011190
481095054
72859944
524923375
133888659
38360626
172348121
162955328
504577762
106484900
406983182
446147607
299688538
14571727
340284842
130200076
358496522
414701074
319591686
60060996
88668028
271550569
468503359
294219211
205536215
436863189
270627621
194813299
15661351
115354457
447054926
49323932
272958025
72142752
203234476
51894479
422221916
304002995
119988372
401665311
425885045
8413752
485711988
495171949
42432901
405962419
89206782
246427730
349397160
220603238
263703391
245180106
87112705
81263001
236437015
116457596
90137535
227427177
410687149
324773219
309515505
327659459
81897150
517485223
246742345
33000080
298270589
52896859
346047714
69361935
100848137
257369089
60046740
21899054
97799269
141522153
365145633
486390909
391934466
498027460
100429697
498034845
301223480
169125331
485882700
499808608
479959430
513860286
228369397
445324
315760737
16988167
391641339
255202473
43009115
488501666
254337995
108428546
440258357
406206242
198388423
236728515
499689122
231121136
113839384
298051867
285364972
304387429
397374706
197876037
227012904
6149244
474469145
479617321
521491655
19305242
241587044
375870248
451769493
65593065
36307939
422865485
85528735
31182674
98812147
354139170
409742628
527233160
386952308
250357869
207227525
247412517
52439124
173756567
458686421
315026110
260834684
229221091
456991085
390552070
299465009
405412990
518645111
184749991
202218393
140444591
166477627
271700239
233817048
34783852
106382279
451322558
106222110
252644731
466735286
378860017
396132595
222838367
287981712
514517952
323946415
377835029
300439791
117754386
490942871
306794636
17985924
192273690
172783819
308854322
305288844
4260950
526456706
389541789
270196514
466610087
230957057
508774826
421990945
121746378
212675950
65383060
210653068
413076495
221478643
329390216
492298936
217537515
255388492
17562308
387441404
467500031
87091451
373499994
280837136
478843941
359725934
273318496
304771366
533943745
170524704
215299962
72244128
468799214
528510740
383660368
429733173
314159312
271644559
378605628
433175212
204079711
441287046
347002131
189525658
73267741
74652418
419592008
367228649
94666460
86017216
113012467
193294859
310702003
141100808
4439284
505934210
202004206
249694227
198174716
204258417
25897881
268339935
15326247
81720803
448206528
381385887
154687186
329829138
473960909
442832360
505838625
407263498
478248777
523394107
132203050
285418378
98812587
217835712
459827837
349573403
265811205
294569641
20318494
407115193
443815133
147954292
345499439
237777518
346470737
91365668
53392187
84935361
416805130
412328685
200775772
177292972
211199481
206097417
132888444
357691989
62939379
241589556
163897366
16244264
449130624
119148205
73046249
171542187
292049702
61407505
77693629
522610703
447349140
166158037
309813047
192923791
79671748
195770205
171913169
212324655
340067960
302911350
316549766
363312673
526552179
64251283
225060889
246425707
302555669
293416229
63457654
497073944
389768279
347229320
46622305
413917479
74390516
140215683
177327308
112053401
365322820
233962164
15125529
138581361
380988874
352451664
377288412
437994833
280301779
339466892
521146305
182731352
128569991
518776287
38524149
186836746
410843817
179886559
508112988
387270970
136899391
375531028
188141404
206977387
168679046
261313272
149975133
392738332
236546423
295105748
507646327
40111982
411906874
485578131
317948181
525832185
96092111
135017703
44902096
212244819
30772431
445367899
139973919
431541308
505636479
145767204
305425765
356087362
461653519
99855773
480865368
241140011
252612235
437155873
263747359
50145276
291920381
112340476
353032643
305593932
61833712
29016592
120981810
389402804
525993613
338103957
10302544
4589168
145678102
3577039
513327152
248050850
502013690
416275410
423553745
506778822
532965207
313522337
123614993
63934903
309174253
172907118
365988454
155610940
1174902
58755090
34226908
118126524
177845524
155214375
276670805
377466104
263318762
117635927
176226694
279780300
526746883
211952671
204324926
484612635
297544089
167789326
443869395
24060506
459449376
121559728
154713533
471675824
271160748
226479706
442778196
201556432
190014717
480848170
35453699
480814793
329058041
135433522
445042019
381882770
440360295
378355030
535333093
97943366
53178172
152695435
375995143
368593262
302131483
204895509
142846524
437181063
177567883
254749442
428513784
105453524
115390968
302346699
38408606
83954686
46757662
136662787
432207310
201643861
98324519
462638796
86674110
415288778
338502286
365562674
42976338
427864261
436454527
78130097
201717823
319794115
128896256
439022789
348756772
290515411
497042993
445398129
405827899
511247105
487593721
272156384
459357521
39541915
130423395
174929828
154683064
331421215
471952540
98802239
72872822
60253203
230027392
309295731
441918520
408102948
349081614
521820906
494011052
9398005
52013652
136538420
102572649
193531359
294339486
413933184
499067240
268519026
433103749
148225167
482566939
49746778
359094422
47979221
407100595
123249872
7252543
154460334
213734526
155790992
344670594
64014193
184945141
83081869
97197666
111735415
354883879
317917087
458356420
29913050
265098316
116991971
62511212
331330146
427735394
6195030
383340882
213433520
443149989
69163243
75544914
360269143
181258473
133886333
269798037
134493177
301233577
61022596
50952689
374722886
402123486
489174635
182742200
434350601
136805887
352938856
426874412
472245390
422857513
198313754
112906066
160368144
452657128
347268244
423582141
183352760
408258990
51769734
222999497
464185716
374551142
11678088
329897780
186592074
291341088
162391065
224334046
78994574
394392205
258059595
350908197
195820164
339589008
332158243
263086291
175037257
526131635
507350610
313846175
75152754
25444411
41519924
278933597
456436637
458425874
171362249
484149209
108339967
112474470
291955643
207333323
131747082
154224154
39190555
355932736
251220229
326899811
62282612
461803524
33029823
233914731
99013234
464385428
476356526
410668966
190409700
98889581
450987628
24745125
133660659
535338099
406551854
240979259
405898945
60964834
160059725
294496134
498844179
466646689
97248073
280449960
31523332
66223467
91947419
84960748
295744389
113399361
362649649
165550293
338159105
302705578
17246178
170684719
360955729
141503825
193362056
366989807
361900501
390146117
20287017
406129532
70797353
388253518
277154109
266081658
451415780
420120465
420831002
280012335
315781302
161861558
502253045
489667953
373275484
32184056
385842368
29639948
251600432
419396079
200939448
132009378
207920008
418585874
289956186
527665202
299715415
35623843
197395668
262002269
59795567
460100742
286249733
201917521
179816448
69113801
9368168
464715621
245279503
165059930
485797847
89182257
73030242
119341783
21761267
274155199
341043034
295718598
359001375
188603329
149079736
37140340
227429688
260773465
528302083
166546413
171643658
83777987
229636570
222579261
374202073
533996420
440704215
50252258
212647960
209477580
165749084
326901358
212013301
282151594
281958431
290102680
204062120
368077428
78940916
101854492
241867718
515328884
471794513
409702140
392470541
75238993
166839511
177140418
275826839
188964027
505328769
270777435
239593777
270055930
519580760
82050987
46750042
56052636
143130138
2963297
150385630
317347030
293871252
122508324
2693581
113305507
12627081
284403022
522055339
180499225
368757100
248288509
486351183
485941676
104635867
420141061
445447779
384812286
98289603
10624230
78045492
465655508
293458473
391447326
406370985
367644213
406597819
153425365
454358810
508596882
530153612
161238856
254525260
210240323
65185041
341753281
377068398
77832962
501940861
1043316
102824228
364567422
222528948
282636822
284712177
93603433
179299591
202262624
383051564
272804021
75038594
142375321
465947800
342496040
208023617
131980364
481101862
440581457
325055572
125922606
371792776
357150116
177835840
105640920
251158755
217966672
127011265
239971927
211690408
114813126
206202898
406131580
446339196
221347994
145553615
69568420
222310740
251068679
339214626
466673909
252697446
467318192
475043620
230850227
91421427
521132764
283974193
492307806
228260550
111428619
199961485
424302380
159317358
504122268
80333153
450399416
220433831
521961296
503281580
238212840
381106073
501550828
409993361
249633536
378679593
95154038
166940260
523433444
225563900
453562352
286140750
190578890
475163515
377020442
111505175
203821175
454927921
129718784
17389769
86147327
214480412
496622912
303136286
512775386
289430114
14501626
347723182
71769859
519275076
107329079
527676096
305674715
42589965
345666466
350069692
86996194
140422646
407147207
482619609
410403009
77773120
7950372
111704734
433128611
94275526
178906677
124741757
247389089
503760574
39506971
526059528
529595274
312737747
511596612
130108270
369198137
388692735
526192293
506913283
277422187
140528291
121645823
322254963
336181496
202581200
41729930
455940189
245814739
300865574
112356336
486419870
497791804
355310630
286520304
466270134
485622670
405444399
326822270
324771173
107166314
41474539
289861905
243531168
439986248
115094805
495885957
39410233
210620763
373792109
106793470
519408031
500585580
235808389
425277243
351297271
265307528
30061859
148860422
152258660
277615475
252020800
345211354
250154822
352308307
70264635
125746158
353559797
303431551
402480932
171427029
260429507
459097593
140685476
94246798
427562653
420063572
315185796
39126545
421030771
193336820
344796167
278085733
142994628
165866627
63770546
129011307
402648584
435851374
493135756
499338781
494058792
349807526
456077557
511907577
355773518
346189523
406057242
113612186
368312486
373335743
349833628
307378043
367493895
209176917
10549828
233616531
426197108
71028525
236998057
182697575
137296477
93646689
337173383
16354051
353227423
319850236
20827779
101995013
391612729
400677792
426695086
37805363
499667463
245131303
333643457
209066905
389224811
179052439
247563374
431617416
154486621
206923349
289027504
20231156
131647173
372632
171042516
129951165
365088202
146463314
405740444
44360935
3379923
490877726
513715847
54346063
317303731
76280566
491258902
82106767
191261169
299147092
231760017
395585639
102879029
502285926
41136424
377690038
109177891
332860737
436431741
68374190
116482515
301426046
341796608
242398979
171592919
449234018
428069233
71754247
276353225
366176224
233445294
374545438
258805498
11165590
179815941
302483670
536825380
299550339
362899128
395875786
71881195
331356125
461387392
63389129
369278329
533612067
23926376
421648346
177700732
123310527
105767062
52471143
379934998
405993576
468748728
20230195
22450121
115225768
171680833
322629838
133567217
263963542
235716615
210141170
53094518
45071785
140524646
207433927
399539271
335400115
272241877
440747532
102356123
377099695
130765777
508295344
376110208
57621769
318868755
296707737
261129104
105615361
435937863
391871567
490420735
185324638
263836756
348661391
333685570
253958951
263597393
258953318
10317040
103316615
348435451
120286390
514519948
197247748
384141701
251947733
9797639
62572974
76147204
227382575
277948640
91368756
99824082
506350849
80210467
462718200
524522661
507284178
446360481
281321767
162145983
529634836
64773547
458589540
10794288
174773410
458392967
394955535
172100466
79997375
511166942
307289250
304578363
293847979
325234544
8415478
163236865
180443261
291062500
117694253
95591131
533806686
446163309
463087983
123566453
394572732
273357527
48878039
362609985
532637353
5042443
476140350
85161263
204353668
352865572
221980161
191344063
65045158
460530277
207698184
395421972
495013991
222450196
59290355
76290899
356175267
27016083
458431577
312810249
304084053
448198373
101233413
294043480
487827237
208533730
250342882
76236215
139045351
271543411
317035335
204346498
282996485
452902913
68466948
342417966
471331037
242524541
206020879
11984611
321813233
56574165
493577501
196129041
139845314
438509580
434596986
22342903
443404370
181202837
263841322
535029079
511958353
60466757
317083830
489633095
265586480
429110146
259223660
281315487
442347495
494228705
164090389
245356229
373618553
139537975
502368341
21344374
234557068
488669984
232969398
211760174
133044643
338568875
208185131
386088618
124329344
42210183
431627655
457128111
419776083
212246199
187654069
105710336
525430409
262584657
533165911
497462866
311213422
253428766
333859430
436332812
434188062
293131590
133431436
324818743
372475353
36917597
51140210
274827964
358625858
483026793
296061951
13587796
37909207
393854412
504298950
135338022
10124362
117447377
160893321
242659372
404022474
378877698
121691520
236322097
158587226
475733894
244613319
358199327
159444190
524278226
101070637
337691916
485898910
340980287
19511480
62449626
211687910
198698310
430815881
328393397
395665619
185703964
103032725
334985491
264373787
7362811
470439879
72515263
281415761
162095369
441578482
188078849
68152471
207528943
365393603
530893178
83350057
474364802
182681415
330981693
295004078
326910174
465012444
438467061
77485920
202088787
326518904
510780440
101986210
31472991
116462708
278918784
416244070
345413286
142343572
529117440
359596124
425430632
480513464
265227150
427781153
401056501
306408531
121998083
503146736
484383298
250243767
472604853
392683758
111612418
494705576
173345250
181169018
482886223
23493300
185892904
183755514
236229055
211253884
472357313
114613028
367995891
383329217
346141347
179522090
514661807
31142884
222047244
176628253
436215884
82398177
93211761
62605886
242568493
200454295
446022150
494326083
183695225
40958072
313961336
230274655
428327450
535250251
298378247
52913763
369082300
381609169
172107457
261152804
476246620
296002103
403194719
83292726
209311038
287107741
58545485
99932951
394961551
95732324
458222834
387221414
80709936
320079573
278693353
424721296
34349886
299337498
326524664
330954214
8629477
314696221
219755486
395601203
254849250
9406208
194048141
282649097
230055024
491497118
483076581
68087157
93746030
290691561
131212613
374472764
59053844
45478019
386356430
231237039
309281652
25009346
42597859
143864702
248353220
394684836
480416166
93622462
148901155
371337234
210898695
449234752
20308596
458223428
66966615
114493063
269472245
101666763
144327749
195074049
323149706
502094346
285425239
513132192
455423488
82979802
102729832
373280384
69534948
157614340
432075942
425838702
139658403
331280035
51697773
514096274
265939852
182299215
228158050
339427086
500467242
384721100
296116606
216555958
398461764
117162283
142274596
85561337
268066310
37956530
177293363
151282512
308953644
392167308
16653925
149174431
157149181
144173983
432166961
262487491
256546150
168793555
116617615
31691870
98294655
166281038
465249939
102765919
92873437
444767975
179883375
44682197
299792880
191824708
356086900
411664558
73717820
283913085
492525576
474395032
232033629
292571896
79520197
160942351
476029194
154083117
16702439
111025936
125203315
33173185
217605063
213683646
61567823
378809891
332297324
110244937
470774221
291957483
415253234
51501699
281228453
340141026
391811069
68023578
429628138
154787929
313860734
267542857
258998421
54928414
456707798
432579227
217784343
531487874
313167453
442492016
37046453
497496028
146945573
251443968
432938777
323916844
366643073
126213640
139186693
163700272
233328306
108021619
320345178
430388385
296820514
384639358
289813490
116114022
206094256
201882387
165383338
350139943
183401238
285330138
31623241
191810296
106461419
82953318
89200127
438849105
303836025
514415493
101594611
518072727
254606647
208233347
140569023
263019953
150373370
141101835
318708397
448612941
392422643
233801225
130948935
310501970
501950273
120349292
79541649
190049735
52832560
370564567
413917120
327356228
398757998
38266511
384008133
165867592
186949676
323361515
371865385
429281339
281014091
5710855
37710744
426066829
305278509
97493320
106203940
68488309
296823051
205502587
373653582
412003545
188484070
522561282
187446899
202899034
50498725
102145772
484733143
513888409
149298886
54486704
140612474
84028799
223257122
383665035
212176544
440350651
154510709
292031138
143841109
167580756
118826063
353090860
219462810
290221753
270256615
387043538
153570977
391720651
535155503
186535376
454143992
184022735
87307459
491331980
109234135
237654918
170484716
383912834
388535521
88353935
264436140
128514814
3542456
400135280
136172948
164916778
194581778
304484870
148638460
64887620
96954566
464667292
69219161
15648033
299657935
508294877
56766959
406594217
462301867
9115490
415172768
472753894
401639680
350207411
472092295
295183355
357143981
314677089
117582841
30835420
536553757
42428155
320245937
117700514
513984146
177122466
235854902
356880788
200208703
106362161
103129425
345816664
236683248
524674230
508223023
463936125
81282460
198912469
279937150
459703502
75367261
174139195
56154089
121668943
415199592
116208443
413186026
354025191
157148265
300679896
422279399
61400689
432774563
216245818
156764428
295430187
333732133
535277909
71119255
206774140
466154203
330659005
352443788
232836592
386319851
467228296
468396941
46289934
449877341
235357146
246635596
382095608
407268808
200989943
20670171
251580119
201635267
511589389
107205999
140012304
315892882
99398442
496190936
506642794
389065453
192270902
237513088
469466398
84451187
512164829
107458336
283206614
472121121
200234188
418300194
282268093
525826432
124092013
147045060
446156723
41763225
375317854
197613904
344091714
233809771
174721705
154872587
219398516
219380581
161667499
188287140
65319057
216101816
391636457
282547744
200028811
337910882
466858192
55863313
247243770
332200791
378147958
347063891
405016158
56006101
298578054
424049707
342789568
393563277
496454743
382831320
106921012
436366210
429693777
338050320
474314144
536571016
292689622
465399257
514365840
25721080
477297012
75512903
269630782
533024359
162978905
429414888
120402799
178431581
142783294
273355934
377088006
384380015
323001265
152869132
249960665
176832262
283239221
266011022
439705284
520646183
75679484
145604951
441175526
328509749
102913275
137542597
186147511
277754598
248240451
418926790
58190087
261690901
335012068
108812075
278481597
241850235
126002735
306738508
395609913
130421234
452733818
264772686
1757310
266848824
405310679
225235721
517052072
373807418
316266624
170765640
48918311
321318985
280594214
47516515
84921672
62082650
45205632
85239693
364447358
215182461
221000020
62398257
357139942
445799250
519684341
966613
293780373
512505203
182282239
310363153
53165108
417046291
534981834
436931271
325104298
450101757
345280697
378328174
446162581
417559518
310995100
129985325
275553275
466971582
361685899
172350467
346454776
135688746
258700682
126163167
273251840
453840003
454884190
467919741
413302473
517058535
188926238
222484115
124684682
135363503
284774626
530061594
308558754
119121822
236108191
70978792
334345568
450346737
65513055
448185553
249985415
32794978
361624327
241824925
211304369
163573435
201637823
226543919
279084583
282153718
163247942
192074512
429832558
405086911
247710163
176407448
329399960
248459752
17030332
276567760
388185899
239461573
293481790
526706584
44281810
384760671
106539143
279307760
381142667
261962815
474551468
345663963
120084481
294657332
283208560
427561289
101478671
216727472
389442155
112801005
362525820
112792055
242937741
208567642
394067923
431234552
175167471
62320197
250648194
113665905
61109765
340035959
505665325
418407170
360523854
259158961
403656333
290210009
524471804
382138493
61041505
38608006
68629870
197496756
497011379
398447414
366939442
412631284
144480146
189186086
69809912
108514703
502156091
318022143
499895431
259560182
454682042
288907959
171497878
104662319
352087697
520897316
92443003
475451434
76308602
490282846
365718585
512892855
80094239
291557015
187972271
437785881
356901429
492503312
96774343
279896691
198400997
396492097
185644567
279665464
378157228
22830732
455866350
373647205
282873292
18825796
369942651
294518455
323066803
431585439
34776429
356422564
15301024
63663057
529174820
261438561
118719492
389067028
74513400
400934853
225109259
253603546
227718786
340865015
50520247
408412630
329744357
484159786
476598979
439053395
310741902
307844299
230814775
11621180
284545303
446560312
481141362
116440289
291066257
231894439
277320312
48621228
473448198
300236632
31808846
341995220
387323146
194044392
78291057
395356439
422539524
373638609
232313089
476577709
380901407
162941183
535554759
418879633
275028015
314916393
82534792
334636789
323326369
150065528
363165708
368831266
394757838
260528898
522496134
103295943
90816862
245584085
325933691
89510713
190665898
351583330
439916916
287483034
534253568
190520165
417156459
123094402
490295834
288035336
453907502
471856755
436406682
180633975
140484850
393370962
155282287
55239585
245838014
350616855
50701527
22342845
477662984
214958086
364525553
295206758
271876526
168134833
468060324
29392881
519465561
232928618
185593351
269858207
360399771
433383920
387468898
102292790
19452819
214790855
305560537
433990874
44765774
78156607
65880311
421105100
402103782
514506023
72381791
174622938
393300553
474617962
406268685
488349735
249910912
305322554
5037374
118954314
175378739
309770716
430659273
530748380
479323955
110728897
195525447
408389735
102455086
511399864
497413779
511496102
124218069
123848901
370779624
367441672
471901095
224990026
370615281
405036154
491321295
510509815
452873486
64128047
411714640
192397256
490449514
369374892
499249439
396301483
172460739
505357640
398020100
374805219
202893873
134913537
98015283
196237917
342043875
165007632
169281548
257069043
525143764
275154992
172574952
19723408
397353861
258624900
249731377
140369071
460882824
129417791
239028003
223108895
244543071
431200167
447814976
73099187
261557345
536636129
21009326
239911439
219772413
28386497
417268405
241491516
104246632
96264230
237881548
143753964
87240035
242903608
304655907
488002509
227217064
32189532
402325225
110914639
95952011
2660738
145181036
178397648
296512570
189973647
222707821
319986820
250917758
202381977
99468590
376409116
461191789
57749517
378528213
166187685
110845690
225112526
20683513
287170701
362440937
437329005
464709843
123741914
332334295
357016176
443673331
155029796
95601862
30120838
313578227
421687213
329191567
141198120
379897620
528940228
289412327
308487742
71736999
152119242
333726363
446975328
388236062
354859663
20611956
148835474
275060505
241374154
122307061
54408195
521458260
280726100
437198331
66110214
252161704
345604057
256327874
290724177
303871819
227514139
461985107
468049221
163011131
198836946
364048779
263303485
398997976
180234245
134213041
38480081
1028625
31171373
476671567
479681459
200207783
133009665
247921092
503832039
176840686
397723362
241676610
293878154
3108642
113265488
534202534
164528748
19442617
380106347
34663872
347911870
387248778
8991607
193849948
242928461
72500611
165096242
210493377
313106760
535321020
88715133
235947643
390581525
218622736
98155912
134872853
271957931
67003473
406102303
2473349
72638385
305175853
252189841
509290473
202400129
126553833
46884945
503973858
276572259
302336813
461935746
528643790
482929728
244355256
355917617
527296530
448484266
308886378
401342843
34643724
194563494
262659147
208713571
332213066
156180218
401579323
186718120
72585654
229957711
350817206
62746908
515619821
247623207
184940378
400256068
129770783
293972129
190981305
123697736
218954321
276921340
530220398
427108230
112360636
232203087
158348147
495588195
448684352
37904422
468175228
490994206
243128182
437636309
453563982
187472738
1330468
534327591
297497739
384524673
18251782
460248502
468989569
422093533
55557893
141021045
242168281
364163168
407716306
81683127
235345801
338610498
4973529
365579299
274974005
268546197
472934982
49066895
81591849
82044316
287311941
524014979
20745821
314334668
314084009
347824968
458271018
326766241
172118842
142667225
138122438
258261540
300047618
213399628
74953444
271852679
278065842
243567768
356958305
226490843
405990
175761189
217891121
274196136
356075374
403245138
272558635
116388283
50275359
369285815
132103471
250924222
447315292
78710412
289741441
433123881
158830272
418145661
157199497
425956858
94254920
420544497
359264500
239402596
201327148
488875987
509518289
24007129
254631043
481253674
479251417
353792434
222352521
208730108
452657433
82275494
45036983
334668373
500926490
417948652
391415856
250522377
289863314
287539698
384119309
245407583
330379941
156898957
449648596
101177218
465757752
126765027
193931545
299650324
219498875
190217295
424731283
387103326
386426329
461046064
475340874
379995329
133450588
412666992
476524650
462095151
281502650
525446528
275520484
221840022
325118593
448329874
243660218
74542173
247734089
237295904
135889989
121275800
102264667
182483518
508496877
190362998
463454922
413558620
324962377
250012348
91568480
498237306
118536464
308523913
302669568
242547463
496952997
107706314
460127094
46899090
212669563
208343923
484988604
266472978
302860441
425823810
77116810
179175129
501187867
55219593
512974740
115548482
76979247
145230172
333102717
86400670
361743418
36594367
104613096
364182757
406451375
320109781
193817687
280725720
367140729
133598620
272391238
363267847
327123549
47952344
234718251
154273178
485626722
439686404
268312616
447544677
325224377
375834980
250686983
28004280
40027442
51445899
375116540
158034224
435896643
413026589
238732349
497715652
505193706
135714855
384671319
466205310
131473667
189537173
453738307
314803533
499884081
69148163
375925268
132445552
31971827
282791746
123734957
301463652
123884301
351474140
298200404
301082797
306782024
271094142
311464367
285958849
353245212
515251797
214250567
469826368
427010004
99192156
64974532
120519555
144179883
499251455
76040147
527028619
487694544
35545720
131606914
110922112
390551864
441855540
311173607
255639439
59837756
173572795
27703411
147500383
244410603
374121527
243766997
478432706
314833907
380467862
309363656
372812841
86223542
130090371
427589627
78944487
258692830
157853868
54596114
224940437
181109389
46343529
220918411
183913584
114983506
195686835
261788960
99937092
302470653
299208309
141498698
164146879
472084840
473464588
139911151
206080654
80645591
241946462
256755965
88032973
419274
325230039
339418399
184878598
76999427
93462889
324292529
50365701
306153454
97604243
145576000
398901983
493262480
316452974
427230799
404544688
80413404
98967709
62579519
455202235
514052700
405224590
350143365
160788313
45877536
120233980
375098757
90220872
497232483
45812324
534314548
337655604
164802313
268524134
134363949
118790312
276122743
100847232
84561592
177629444
215393387
66645236
44033458
433412629
248221903
60764082
426337104
244527611
351901634
42065106
81471639
345319881
380923956
430209997
182824777
490723758
253958779
53289504
101172651
118006767
41663985
329850975
436447489
207007048
443111691
147548077
241185898
40716167
484078813
386309983
482477454
265746421
535757577
324907282
398771460
490014354
39610683
446528046
268362194
502879145
375287610
453812321
142974409
321558922
337056399
257822981
195771348
9554066
357793033
342282514
491115444
254799672
439579524
371720163
99037669
243856741
429173902
148778422
4710871
349869454
294940443
228144574
163865220
18772334
46083781
338538610
162641180
288734548
93113458
323457424
232709046
245235080
467021916
503765703
196765127
45648929
395323388
434095439
456828060
295534337
150638410
364221688
99914068
460098399
107808599
194733417
476726475
123162328
29087097
305881948
365485328
421455092
502375156
351805930
304725052
415243176
504457992
172565166
432849225
292020422
214234272
518046355
204974541
72823566
42701846
132707363
40577598
510582748
349948254
265966544
293224171
482484378
421568655
421409177
518718608
393342609
2705954
168674636
437910754
395806242
430860436
321191046
495979714
199084214
243653281
154313368
504355333
336313341
325727515
159847155
410726537
144936209
229926400
439655044
534890613
164979136
386642527
104015309
348094886
278212774
186020803
281804490
152117184
514488719
360287726
329121570
455023301
225671678
368560202
392611668
268232156
229611674
10807757
365908314
78759358
303910406
130581089
127732925
360739950
373111766
306122678
23263538
318245013
231043888
521605981
96757285
168192514
252637551
27896256
89100688
321594306
158446253
29340100
495071673
264521727
531089401
166581691
379013877
424498138
415924170
282434586
288066482
70989044
226554764
134905359
416911487
100626331
516604803
27961963
387124910
266041968
524868782
239712370
298087379
391601980
137118302
185134777
421826697
395532812
140058609
260259007
214939676
4404977
307004579
423580632
222711202
63698734
140983107
400591347
402881611
360499912
442179754
380831172
359535607
90562862
410125002
331390807
316864553
233209926
519728075
517877396
231815289
49927630
432906761
492211951
251865504
447024224
203006153
456498887
424211349
481934174
160368672
248901133
522529566
236791781
106979346
129776230
385432323
98743279
182760815
129896397
480129168
286671058
157041916
471833781
249088881
369143433
128431209
359397752
144307376
285041868
364000304
362366853
202941545
394212132
47347456
413109010
355541879
231039499
189283542
220340222
394256077
41331487
311051572
170161764
360613797
246605982
507270119
154012977
446590675
428891616
450476783
256050859
273001218
127793573
30018768
517399037
240695544
81658144
341500882
221623603
479889470
397121411
175977536
80268439
463914529
44715888
79550415
63409420
533780681
259566132
10556823
185208323
173497776
203544523
415356260
531510513
381611130
10057708
485485692
467374450
145848537
379035414
191389954
305496063
288060861
201679881
285040496
146225681
325419647
202300312
105215056
139858805
201823847
460349773
128900303
520029725
269998113
461100297
392521637
391551159
450554349
316370562
315424882
143858363
188991833
40240539
318599698
470682092
296613720
65109920
126494212
259629709
135853546
151767088
68650327
236185242
418911933
192537358
24487924
167032582
430777985
203412229
306188686
83128228
499383226
203917634
133942161
187851833
469492479
313257755
327139421
228341886
201279428
225180137
216632332
215745405
464427569
311149283
302536883
326552013
360025077
281842291
511467821
297494098
288825233
517167642
441503899
312081752
226610081
169593659
477596848
132449116
416925715
64624096
10389804
159379247
282336661
520167446
47395830
457194201
187962970
443409074
351280024
333141331
387086225
411176224
39073338
81679655
85677221
421404166
289853138
243737742
57039146
85187289
194208506
402872248
174170288
419552782
250304010
320419454
342529335
431904882
41050951
298206852
259304799
185831507
318967748
118200012
113313442
35837863
522500901
341499067
71004143
462500262
94433950
81685059
101605836
511614549
1252922
19404587
254243833
255922509
50602848
126543258
160620430
462132572
275967825
391857816
309376636
160198267
524507446
517150836
349952381
416012649
177044948
360540862
382890010
75222518
333823288
22647861
197093291
28242797
407451917
227549513
297990240
483931394
86757772
501107527
287010367
188842888
8007503
99093596
90013001
360992145
59840658
513737561
112892809
129652651
342294591
240268256
356349357
267725758
294113597
519932827
216380498
126451762
290785453
181044876
49491072
137480703
95452721
263361898
162762848
467317586
316319258
444217768
34129039
438239071
370890202
345343227
427051175
56120750
373923319
272789278
193096378
450319908
455568002
441399116
276606892
427625903
352187271
82407803
206405251
129490815
520868457
529893012
92533144
289167665
300734872
257633245
194237501
136176067
20860846
386552062
164450078
14409564
71396406
148173550
13822031
239291035
450485560
324480712
281621033
354582484
102650432
278509124
304219622
260748622
450704696
18695060
406140908
168862178
480413785
317504371
305804985
422465676
324448302
175086370
164206981
311992378
342893697
348887098
149353792
317852649
427243399
342803120
447606195
177198247
303624311
374821345
115762969
30743077
38738900
453262058
74187949
504556828
218418718
261573956
339049062
457769194
511617271
452401639
224705687
159747960
245233555
122063087
155724466
381127708
75832513
121337460
211296111
53385959
240033473
383909308
143214161
363196938
385090262
180291397
86475992
235359350
420197608
477895647
397204441
325990219
79876671
513957639
1799681
126987988
392677063
152606483
376360779
382978106
143931425
19589580
57299942
81061676
97355640
37842208
469706924
21466493
328124375
296581504
248181499
97828567
171169638
173698473
531486232
83305504
495935015
403319442
237583558
280887307
389938875
211142430
515910060
353394228
75166831
379452869
444057859
134970832
15598329
142209480
384134099
314805645
125615496
95384434
134199219
178208347
29428948
513242610
168204997
24777109
465012542
450203177
533268158
24186942
396020312
296091240
78644443
9710676
154729904
517987607
264808566
426835954
129859738
8729383
521470126
284227325
428825353
144404147
147127386
79182077
327476213
120658232
