    -9.80000      0.00000
    -9.40000      0.00000
    -9.00000      0.00000
    -8.60000      0.00000
    -8.20000      0.00000
    -7.80000      0.00000
    -7.40000      0.00000
    -7.00000      0.00000
    -6.60000      0.00000
    -6.20000      0.00000
    -5.80000      7.50000
    -5.40000      7.50000
    -5.00000     17.50000
    -4.60000     35.00000
    -4.20000     67.50000
    -3.80000     70.00000
    -3.40000    135.00000
    -3.00000    172.50000
    -2.60000    215.00000
    -2.20000    267.50000
    -1.80000    290.00000
    -1.40000    372.50000
    -1.00000    385.00000
    -0.60000    365.00000
    -0.20000    400.00000
     0.20000    392.50000
     0.60000    327.50000
     1.00000    332.50000
     1.40000    345.00000
     1.80000    272.50000
     2.20000    270.00000
     2.60000    222.50000
     3.00000    170.00000
     3.40000    142.50000
     3.80000     97.50000
     4.20000     37.50000
     4.60000     37.50000
     5.00000     17.50000
     5.40000      5.00000
     5.80000      0.00000
     6.20000      2.50000
     6.60000      0.00000
     7.00000      0.00000
     7.40000      0.00000
     7.80000      0.00000
     8.20000      0.00000
     8.60000      0.00000
     9.00000      0.00000
     9.40000      0.00000
     9.80000      0.00000
 after hadron evolution
    -9.80000      0.00000
    -9.40000      0.00000
    -9.00000      0.00000
    -8.60000      0.00000
    -8.20000      0.00000
    -7.80000      0.00000
    -7.40000      0.00000
    -7.00000      0.00000
    -6.60000      0.00000
    -6.20000      7.50000
    -5.80000     15.00000
    -5.40000     32.50000
    -5.00000     65.00000
    -4.60000    107.50000
    -4.20000    165.00000
    -3.80000    180.00000
    -3.40000    237.50000
    -3.00000    275.00000
    -2.60000    337.50000
    -2.20000    382.50000
    -1.80000    427.50000
    -1.40000    500.00000
    -1.00000    460.00000
    -0.60000    610.00000
    -0.20000    582.50000
     0.20000    580.00000
     0.60000    512.50000
     1.00000    567.50000
     1.40000    482.50000
     1.80000    400.00000
     2.20000    410.00000
     2.60000    347.50000
     3.00000    305.00000
     3.40000    270.00000
     3.80000    177.50000
     4.20000    127.50000
     4.60000     62.50000
     5.00000     65.00000
     5.40000     20.00000
     5.80000      2.50000
     6.20000      7.50000
     6.60000      0.00000
     7.00000      0.00000
     7.40000      0.00000
     7.80000      0.00000
     8.20000      0.00000
     8.60000      0.00000
     9.00000      0.00000
     9.40000      0.00000
     9.80000      0.00000
