262792847
499121391
166282455
497895426
347119832
299964849
449690327
149651679
28765477
283590816
411108595
58764115
357271936
295025860
125226371
391597489
117809621
227427742
349704773
417714215
234924923
141307369
188950992
131559851
142348476
163889544
105999797
188273515
192148038
117345153
5770974
27826673
167412623
369075278
144293887
350858382
151195628
383418734
346998486
426285055
254446384
493394556
297926870
401690524
150816285
202636145
438180805
143726254
340017689
341132899
204108122
394398556
504573768
356552762
362102803
163404446
92350950
243668573
278280984
214402488
210261178
44813620
19238469
20332604
346612869
256448773
380469879
301134372
356867467
398654783
2760968
362656162
298195054
349386461
105733032
325919987
413400770
122932615
383535723
335055508
273590528
404276489
389606828
37059534
377740623
51473457
372108578
284292996
88427075
70017650
474198059
129927540
244393771
176096613
440991341
442507396
137647665
308394189
24880921
83445238
360781489
218321234
185359837
8531207
52352752
396049909
508149318
331252283
368587483
13372959
375868800
494280077
350546798
199246316
515661182
303435076
37469142
251573485
145983354
519653428
441847415
460146196
368171106
162878193
22232858
373502643
451067002
412915604
395248295
186904746
112890649
47474143
70774359
444065252
350093516
529146463
514641494
63877100
365409537
208396102
521319179
74879792
524846971
74024887
505945951
518974914
110182326
275560233
204894840
471807508
60454170
381284712
240166112
117715593
434226767
94898339
92640784
248192155
239038719
154576026
162410341
274384196
134102617
391933437
333768908
299724645
435141110
445950370
341133024
213648296
526836789
534990379
394295787
15718625
472693940
359609040
348144294
235194417
504602282
518492366
61434813
518233869
216324982
143761827
461267064
336298773
18182455
12801491
130231099
57930585
433798640
134199658
97015387
306216175
167410570
142937232
482092896
99538989
262890805
387562108
389928536
312985034
223408160
517046561
518492457
443909202
72445669
533427532
525127697
388607992
447125182
73789511
89548385
493440227
81405858
181752233
245760627
97175976
221326785
177810928
255135954
451622358
370915504
164473883
498710324
366718447
22162190
431032796
499526447
359490520
504864032
60162199
453756388
177421442
305735517
229602013
206039164
427032712
477523447
109825136
106918306
421905962
251701038
270310229
42097757
532159982
51928970
123949475
445398479
417259207
432559664
271251185
3054351
366571547
341278169
92262774
220070375
18453335
4301726
112355710
309228468
207552402
327154297
334051139
402272867
157465661
536541745
31694808
224481593
411348145
459399503
390102058
390414567
458219247
223587374
133646776
96212630
171133083
80123526
186283199
152916825
471758790
523876458
362144664
39197025
399216552
132873756
38160793
495178326
251309918
327719349
13443277
325021036
279954152
531178677
21797420
186082025
306246820
425530201
76307626
399497443
301109041
22088879
478785338
237489668
54285389
304982966
439112039
368665816
536406805
268632833
2036712
169418567
427927662
49003575
464079119
469567419
354142975
93853889
485493617
183066117
236012316
412320129
189082412
157366015
167989871
268758900
532591536
504128639
278046640
203392900
263980626
186659060
414716705
222962392
48909042
334356896
132168226
18153165
173183790
106143053
422536711
195539706
418759678
134922317
140144385
503070710
87337091
38650858
485922647
215529519
487361259
315043581
494525234
384618248
412647629
237653768
90348138
209719729
53188775
525781402
80874940
266717484
284703459
443037075
206046946
323592159
462478658
404032281
361170605
484872090
386743986
281949140
203932176
289643636
187479731
37773615
359043063
156213
469399823
72227848
393793015
232010817
119455710
358595133
85898469
355824022
529421838
50502750
219116659
99965832
126875654
400416562
123044824
454376054
128975046
485992010
65197779
81443814
297255169
458716576
482964856
274518477
435004546
371826413
87668784
101713502
528577325
235105470
448385107
238013248
57397293
239190903
164316947
305941369
489371612
276985800
419734818
377782305
93295075
370537513
166997166
213659417
74463416
478899609
9926278
243589913
254002234
260868058
395642030
16260304
423010676
194344850
64244659
349119866
89072145
28219176
380010877
166099663
387921504
189580339
28310904
68487695
216485609
27958156
15288182
279098710
236814663
359395610
51937305
449190631
165191179
211885162
106882558
85871744
166241026
423011624
277924649
349444236
389068033
235173032
521128506
176329597
228558314
317937798
427472310
321084026
165803911
265312783
425121225
457401787
262343985
423936307
517141881
498823301
386938348
217537893
503459756
198995941
378980604
112826257
273094216
530421905
515653566
415296492
45125659
373557619
457428657
153204370
201865383
292524270
347642143
203582476
429684163
119440616
183599890
432754027
284522927
142544535
293088422
257105130
416346620
121647449
13931791
341915690
333528506
457599798
96845085
120736724
289286279
322002733
150970499
434545481
39261937
281393735
182432146
384396755
18551039
371464356
259053238
95443586
19324367
202437009
140712023
439065540
200513686
390773504
84601035
412526771
516259050
73830223
115029502
333065080
56079480
419765485
343232550
486864083
488854583
480100071
178072336
208798007
143062678
411790987
1127515
102822499
296666362
451260868
158404444
197166611
231004628
150602717
378396976
27745536
521240691
365277414
58573772
231436496
265964120
393976956
457679739
294562130
351364601
5031638
275743047
456829499
344829586
536333471
396529921
459534944
215698450
400483791
138022702
227009774
2213713
316321929
405528049
71874543
189100933
61232292
33312565
405656463
268048297
144502502
118502290
398665460
525612695
16614140
279505393
510486089
160113666
527955022
350940714
165870227
210817787
420288657
357182520
91772208
130943935
337711056
19673472
529725391
50711374
346914941
140611996
279811696
332128165
439176808
475322464
181611646
230165145
482013050
8688534
202043035
179190610
430134110
184190133
108125946
154860082
13959964
287690525
453760225
408062065
271822812
264952400
447935631
114225158
180027092
68109031
237092506
76667441
133745009
471979897
147516013
488561494
60941379
393696039
7959472
11903153
285540221
158909290
350997216
47928075
205096543
2366127
152097253
361484806
289183965
389959852
461177123
295760726
443025917
147809596
244075844
94847293
23564978
352445018
100765890
105413166
169742323
217798638
481844607
348241738
246457542
79630152
13753321
398695503
495484847
327688927
36909356
401332673
294745663
272332333
117706625
245479408
267452446
56983322
515905801
506829480
221790479
513966905
459468134
363779825
379375172
69412053
532122163
143152903
231278926
200595225
518746032
327651253
411874686
75553643
227345459
509731409
315633367
72042409
101330595
496057140
52932496
276022488
72432593
109201027
449568065
333709393
351441926
283390693
305867900
404889564
41330720
361984772
288594129
528073226
286303337
146428026
350387270
66291692
95912642
264732954
320578094
152359701
515027836
525777282
61428096
118238550
274343549
401366040
389094969
435940496
235077793
315668856
87553138
439024905
342286262
2789303
535965027
141523296
373936805
201930063
225294850
511268333
314629878
381759578
220961030
403749910
430956310
295520187
63808272
19930198
142502484
121267323
129033507
304130132
235701410
400904140
315967148
508363506
452213963
162256414
277670097
248950287
345805723
383814302
442453587
225947415
306318085
418835593
536440077
224655207
97419065
124468344
412704402
509840149
354525225
283739772
381547624
513103889
238409379
295441838
38444310
290782727
434003564
535430271
239274602
48337762
356478174
438260322
454931036
26369966
222695655
427164737
386781652
521776045
9571282
297317986
113415557
536468906
358676163
53020617
369018648
229178906
280373690
329469692
221745058
272490498
249349432
235803133
381622475
139529461
35038765
391808332
270430661
497145674
135697673
227690198
107149454
23705256
264440098
534954578
368058014
221600082
464064869
246967531
438712390
278207732
114911564
124120272
499063935
123253823
453840614
391688629
256421086
462771080
480705929
280559891
28164744
510978300
524207739
142912099
274760131
96382226
529447950
59344061
679794
191383784
86116133
165186719
387755912
474462813
393894335
252285571
458689878
323942252
168397490
477978052
294126821
455778348
59934091
501337896
126746305
106820261
282700214
117573121
499245930
128742986
81297906
150074211
423948502
251046280
211080797
91435238
78541966
245849547
312078133
432625100
536032537
78842667
1149904
208337126
108350171
398508554
432773799
234019185
479478752
525754469
267654806
218489506
338371956
309479880
449589321
524332354
345683087
139429852
126314550
159468251
10496643
351907532
25064040
252701256
141591551
206056402
411400755
276635900
401351836
144019711
74328101
505770123
296203144
325319603
472270439
111341192
327531178
227291368
308533660
208905432
511869899
423466683
38314249
259059825
193893533
343122096
264462929
352782948
294385523
498755344
15916847
519696636
403459687
475264061
335095202
274977889
253302909
1427830
492355645
94925559
414912939
366582524
401255171
114295061
313715195
119917372
509464540
503681968
27379096
272714265
394132558
434623079
187527983
72499338
46782583
56906460
104864226
305498092
511321932
467316573
494439950
171402484
91126266
139124104
400073955
53065831
25376952
58895807
487598870
358410201
79752920
484610593
151966668
443829661
89523789
332733352
264258485
340129125
396832932
454818328
96728408
63234970
459624267
473020982
450734659
465315842
481575523
19752030
78422948
391150673
105344742
295289815
219781274
353817636
132980614
486838599
315409597
56139548
515153702
110948700
326151314
203516834
403628192
270326427
202301932
357163702
