147549751
367233767
66083005
247067897
372118096
167934989
151703544
97625033
439475204
19444363
180328253
171354353
388429105
167478757
247053245
418730047
19931524
401195907
460492432
371729072
188663720
512183328
369461924
338356561
285231922
219643148
409565011
315287650
151409158
417648088
313240750
448603803
419218935
199819697
194293940
465048663
316370994
216833217
529638920
292597777
78791665
15875690
283257747
277697093
318945594
5976059
31719238
76832128
230048991
242522772
271671574
148404718
407613710
230645547
82605048
110729401
331936743
119470535
169654408
400732108
313762193
356095183
49263879
221358448
164495277
423277394
510613014
134580444
242247245
289407524
189178088
446792762
528787693
24188696
268658128
152838661
305682825
90262959
137335139
296495718
510193502
381019835
257190709
110949124
16998564
467198992
293347333
521811320
491293220
193305315
405309619
33640735
152982160
133174566
306479439
318474938
299673661
215555745
144453141
525378251
294648527
141217599
470536177
363733352
287591347
68092896
277115525
37796681
375287693
485552901
34462416
451081477
410027326
248359539
295127852
298872037
63850561
459113356
55391392
505124093
144869396
198008551
444746327
203267458
53814018
303630207
206927995
51176461
187506835
441440696
261689970
479458154
346709638
302307288
509022106
252512622
384494781
124591640
87440115
332113363
316217318
211310325
284358762
130602483
399283833
179940370
341274805
347251090
36442611
241361709
89449262
227510380
501866412
428396918
454189214
458068003
155117083
243172709
410102040
216762298
263109445
62184968
263879419
28460974
534364328
99827243
150241939
139275534
438649136
281205792
331993618
164010
228399892
277150905
301910521
329705281
347577381
414219792
419549082
143506389
267457257
427871731
440565205
506513959
445959443
384813559
350381243
81702533
246473650
91600189
242455343
486539080
375654906
422948799
472859110
176890124
353950386
376769813
272302211
141109019
370539144
321048331
163986611
69950429
147233935
492771214
48442776
323208673
362681688
350180468
267983546
338097356
162789599
366666642
467150855
266642774
266852252
446649010
207699957
214679570
92660915
167973417
336311048
341674350
339060585
450164507
271297329
306251860
36358780
350435799
108805797
481722927
162440053
183688114
352932167
306219414
104804256
287795502
87605174
422494414
263941871
379574275
230608140
482103574
448236311
317675160
466456264
245792414
393677950
170538981
74195235
116224837
423916402
432122824
71401166
36337683
254601436
402780626
41179257
332580198
83267308
34297661
493367558
351060971
469204409
166412181
482498330
288075512
360093919
376400169
265957622
228053936
324268116
119805690
254868662
403492127
51235765
253521449
107411525
169454167
206828666
2825931
453415230
466547690
210968050
510909438
63987967
350283291
44203629
175037178
263733886
523719330
329114657
261696129
346076113
149210811
400082268
247513842
205506801
347871516
216657974
104312832
257401883
207543835
357174738
111088331
462911474
388681501
264106675
307036434
88606272
332502368
460383410
95472505
309475019
59775006
50009732
460439797
282491108
186924082
236716939
483973261
22670330
208961251
238546262
214266732
535610009
76617545
237283197
249263624
265025689
68990626
16227449
495898531
215977352
214892696
184717047
514983521
56910764
199640705
400241723
437559202
22136792
355294737
429741691
395836326
88558078
163762742
79373916
389018348
118869594
51046748
311352972
269596801
463963156
508360362
232409216
71775246
509136116
514591737
492178099
114385433
401825658
336433830
108783323
429218969
332395222
17204913
186089031
438224697
11231097
293544349
124606291
509890163
269630867
415222952
382681941
438158601
176888743
213644888
225277846
83163348
187188089
260105860
64342692
260870211
21024270
230623518
439367520
517686367
288003267
531227044
367207342
71056821
279294543
263824484
181355606
289174171
104837127
346528227
517388691
311590256
294692197
187998798
282630271
338827518
393807924
282299625
296636691
421594797
512845995
391744893
7570471
18571828
381682772
109741272
82931361
351628461
47864005
504954092
135663281
418799679
289769944
454479071
50426250
378221470
146254776
531926119
483828774
187179912
479554842
141351804
57067850
64629912
522814177
447320257
150605024
375802785
209350811
49064418
458928576
240171341
442748615
8443499
410215339
273869344
345624004
203919084
107278159
266036584
225487455
323996871
502687841
64875291
265983168
323450193
328556420
215308167
72214456
480514887
367139472
456884626
412512024
352354229
113637539
103234299
226655050
46458479
143933974
353668957
150110803
103096181
123741093
138511285
331499250
381586286
249818807
405782519
33216981
25980992
146750414
447157325
532562030
235000972
223841229
104972862
219799811
232513544
492129253
472422092
49645989
344711006
452349952
450050302
208721228
290093353
464055715
82129001
502374709
316169485
164989496
518280129
129697382
141359090
328335462
438849761
154356165
349006984
53247194
34910599
5283607
411460799
505373251
72175704
242027174
34861979
5882354
150807387
130564523
330154760
310374862
1944262
216006585
265407532
239573617
9345276
414564268
82775395
269002670
85626514
475519681
426324672
352462731
45588944
169784118
233313621
466225792
368756218
523602470
367182772
58122518
61729532
4768512
284317815
119836689
471038807
18305417
317744993
470171466
347851431
374024799
155358737
209326850
179559519
257974044
312437425
464801127
102542651
178583464
296316968
446890631
469533780
257098548
256694621
319511521
117898449
382607971
386297451
308351448
436746611
107180408
142689943
409926601
503222496
86151053
510894170
52248936
38468322
246747352
399180039
439676886
420168306
56197808
216568371
509341088
290284657
112435677
471205087
40258354
210970639
244008423
155777606
242808319
184824037
394321893
285122985
213817212
274791410
344098742
105663642
35517743
199380259
299389711
20246176
451623699
370062257
428638754
371107346
294873180
138422372
169090607
55649319
477513316
514268470
229519009
222031412
219789659
113918218
183897243
140208793
387515417
187795976
253286109
286951605
368088536
444101429
315422152
303250689
506334551
501135039
516649850
60953423
114737447
325599806
485312648
451987694
98985577
278759114
307427012
284525425
198877959
476802930
442962761
467710555
471996412
61571285
298231008
415298694
381118061
444261031
121624454
252748553
470422217
359769601
513502464
478115446
59034756
273807870
95139444
341184584
136762936
202361579
529555632
106946891
278831601
505616449
390591413
98819098
391066560
159348337
493902419
333591602
405715095
31365044
351270407
388067008
305583120
186311732
441762484
45324293
328206397
30514647
102568467
461263525
347366614
42603651
254191878
201292627
190667442
139192321
84603619
107249857
474410497
381254917
27356531
484800933
178655510
441164802
485075982
20429067
127872186
44323117
257937138
74768272
69781607
400818335
531631277
174029011
139391363
358967269
2582198
180444664
297705092
436367490
277998303
93195160
28242886
87200691
473413589
494045470
476191048
199810912
285062643
385068678
46547502
493799541
250718219
140001390
151423256
885052
5180822
394656812
392119546
487795337
17547433
429072392
406101986
207174880
24912220
249804653
391888948
194897763
525419835
199130565
355339341
494360769
292848489
353489184
384190552
173200807
497365063
419491913
1903979
76017438
135266455
274025215
15715757
392571761
375472877
3063011
524989099
421653643
435512514
522032339
65678756
290142088
148361647
492215820
395446358
390901025
138906209
392415025
476108969
150375356
141465090
120868589
38995012
68814926
434065466
79815256
491570070
227188386
480324620
434749713
307129479
402271202
531790734
314321966
101136782
501360422
333510619
72162152
220156443
339210671
243211787
300904277
487492529
16437343
102380199
274352111
446175242
61526039
122673370
7020616
226250034
441949256
485067043
251015568
483037245
380127005
80957471
384402266
92775756
205322123
196508021
19727013
457176722
191735629
168936776
244483637
214842121
70973745
111678056
472054455
475283280
471382415
181690854
20763275
497961127
116616659
22442047
179851310
462370644
115954127
71515844
382681850
102284087
191479009
340559034
426015730
449909476
512448523
446658593
469349299
145616726
536795877
369979198
483909741
166306137
523031196
135591619
201590692
23921208
60328123
199027195
253497069
398062170
429419362
12460717
206830561
204833399
203502754
19700875
149578672
432068305
333443160
461566428
494050225
480136514
205263347
20324146
269998202
472100633
410220812
29568291
124879403
12866493
300416781
205789502
519810644
345725609
363652692
156932707
405190259
29202545
391480012
27017482
214895316
461095740
86861813
266001518
469702757
326592036
119915054
35207693
61702195
430474681
66345994
427966217
249873764
216219718
531483756
429566275
168716124
9227020
39695016
215015188
510209049
395103034
85308031
249043704
70031196
390527441
379249004
123146948
356155251
83474100
72964445
378693612
78449350
231492217
42285454
148845395
68434998
335490273
505063563
444257391
370114284
384432522
172938532
140214631
489344413
85813128
488102933
144694383
492314325
62009521
504091773
518624322
536797434
348912284
171524590
18853806
240556527
76708883
247173940
493933945
123893438
256273016
213535705
158014616
218853717
412598108
12723548
487950943
490888059
515608511
52682234
136339842
289029284
125857160
230679211
212640851
63799271
129462683
410686546
174117399
309180369
165403027
52374186
9548500
149582502
446838125
457136423
286026329
118835646
295255807
536113595
438865065
453114416
115167733
432396169
66180667
124390442
315804404
197212220
55013410
84692723
15944742
216158066
200100229
503936821
186602080
425255919
84911079
365792862
153598230
309223494
225954299
448449500
