449920526
346557120
491200743
151783359
194843642
467062389
531777938
381599843
171051889
158920559
156776352
321959171
118297831
419808331
302592402
181884558
131482237
21540699
436682008
30191578
486835397
283142002
484267287
65609146
253840205
305592469
522986364
149971766
512320954
468392235
530980330
374380034
456539025
23481306
443725626
441969763
82768267
133277975
112939184
468396339
59056390
206226826
132204905
85234049
256860536
390365664
373768755
473074469
420537952
417290695
193209119
215831064
137792013
215381204
274235241
323064663
185163445
61289482
407584594
89998785
182013511
492222552
46831398
393338001
116799940
68207063
515353243
283355581
174890783
419988133
525056739
144143246
105663169
280605353
477567050
299228322
256728144
378637263
311804744
519313045
372922033
416036796
418787411
227369465
388671268
55360346
515312726
421198925
184794394
380283790
393629571
111321586
409417646
344772389
220188588
174412499
192474365
302323917
123815583
309010445
