171549675
301893873
323210254
363400181
457614676
130557934
453815067
410868689
502927169
425307924
482916042
526552076
425675925
142739106
511088464
480921600
311936893
335804520
362283615
399345249
465700521
195940737
451046793
227836973
388715029
421804808
366056129
181367937
301610799
314564779
522634205
369628414
501552670
334256901
14027510
154192645
316988320
400552836
236182226
399808897
139074643
300439283
506873596
329145254
495586897
512163508
288558173
466926640
360942988
190501753
124457389
350839282
61834712
178399777
198171308
345984178
536502266
335990492
75157485
271096307
399959313
108174808
145404811
468466876
402992215
11441086
118564820
148873984
239685896
151244226
200795249
331672858
209450892
183741190
464255420
277360092
263573677
307692046
189711882
369554168
370265877
386814396
206698644
497909875
51963536
292324989
535678722
285016726
357606808
480508435
53858816
532083850
528381519
237576667
499226082
499127808
402967608
187570586
404374806
508247380
416948087
409920817
26174457
427518600
4769444
226825239
202573194
266448609
385725280
27674572
217267766
194158588
377719216
178150778
35437269
186803266
295422072
340205722
121089990
415978552
124529928
483012040
147910362
507515796
233536628
464382584
199307796
41875712
365902810
34267890
318459264
70592904
156898050
248061816
140959972
371676038
454691057
373718730
110214543
424633695
14167446
43439903
415024802
211851339
124758044
367856403
205598971
127503981
171028589
454909266
521385466
459667310
515492087
332959782
294508445
471800223
34647450
488980839
274932025
133149699
225479643
309366815
248063195
508850830
311865738
122631074
186579050
526175413
235695623
337488867
495025232
372507864
262696893
29065088
269886417
527933192
429757515
415261943
152434377
507452145
497442940
441811030
510394022
174402043
40536247
317147374
42889924
501273902
357443922
369050433
467857962
287729505
1868939
241179072
240026243
152662024
424049157
131796596
488065989
444614079
432963832
193584219
350191833
437588655
507112247
457888681
491192407
60753880
11096779
210016188
338207398
191390985
32071301
333162672
464400950
134168323
531584631
513944510
323023025
114129844
181129691
314462254
507291477
221259567
434741619
456450271
171097264
293524595
38963157
208116308
141265662
487240751
430411240
281908610
224891828
493584964
40173890
495422659
433971692
286989746
156551670
18551202
362450700
280040390
107115967
251583171
331960560
155577289
232138785
162022657
316148446
214515360
498121948
125894421
333506876
363337686
391773284
126203899
186450997
223976275
241147019
386305909
421192069
326645826
234829312
532744729
363067940
331082589
121604745
36971173
506422404
442303752
454948986
330605617
190180600
73940091
344398493
3371810
70108694
409118841
103375909
209492582
149390181
266029483
206217574
54790848
97127723
460211961
190709460
439195892
65683920
79857541
426770122
266019603
57678029
252226626
169941555
140006822
181614145
460438416
117698303
199767390
300151910
5127521
496624910
275190938
286129942
93447130
303709801
10882300
101124416
319802618
183766228
472002158
302155398
454191253
494395293
296300093
158671405
302134166
491845467
122804207
165820364
114651878
173465292
41262
266446352
479312466
335572768
24575946
430200559
404272668
347934542
9871404
74409807
287750825
181010262
243194954
461309773
230336652
471900065
78100645
33573839
317199514
445722374
207529282
77387792
124455206
253205631
255738390
151145020
154842380
469854614
256746612
316366790
274793161
465445431
81700036
45998579
380938236
305536642
445656299
40632982
318617482
88164039
356805572
96612441
378103136
34512348
355945205
491573177
51531159
456554401
134551541
223429774
401438176
527890153
121937874
358081131
29650749
297849429
73984421
270313982
301991409
292150440
404455962
277430811
380657012
349532757
305518158
136291403
384219578
494041253
524417690
361817595
120663802
367645161
285576769
447917951
23507371
109457226
403604137
364742243
381695372
353060478
61648867
387545564
345483427
190673194
363870171
482189067
271728327
339661324
78232270
70462291
11959227
319489626
282993971
498441454
201004413
394990907
192775450
87965545
467760617
422955796
446419580
331196031
208653015
230007650
72102655
394185437
24403348
137979085
531498537
232071423
174573746
497355974
99660867
232238233
334552407
190645403
110568883
113609545
493745225
421327759
528087860
6495975
73836633
308976067
71886138
432395757
417754398
410756696
406737716
452691874
21068596
270540028
69750197
215659610
106080941
151269655
241959754
48156510
424933196
215640654
88925998
333655327
332798201
504531803
267925376
286189063
29207209
141956225
372240637
288595771
251605460
449013822
154415144
196173331
57880361
85334381
253961397
167216743
363013606
86453308
46301918
170512277
512658177
115617350
355573115
520860497
250899309
230282328
141694213
13150650
406144774
350730497
72361376
446518115
223746491
463997049
142998504
127873227
534419088
415535633
497627716
287399408
260144080
41780170
106341636
32746412
111492701
243065890
455597001
467877621
243897053
252561643
243764871
529420331
54914553
169639932
13773712
257813884
42604269
277664835
358767454
24932403
269244171
231558058
272823283
316175174
259916903
59672976
92589738
367198668
264797714
124992101
182248557
236097370
175669572
174404644
520108542
313995255
200076086
63443118
463250692
10593988
141283223
462318367
497134280
502599829
337089780
109302935
11046317
448832212
23171956
272180407
422768797
339660440
286963756
393299444
53905705
508676711
154240371
313458824
237102808
327387192
143005900
26218943
290430845
181775043
407489436
460552126
243961540
275120641
398682707
346733862
430774864
8679937
333817643
308128460
142979975
442231553
255580723
357486575
80867912
440378530
220562324
318036236
272433825
13166704
461244717
686661
115982862
241107361
110221455
201868899
278449577
55066787
386175286
29334059
280446651
291657707
211097796
271794193
209728809
286408444
108031586
525834085
138189563
419466955
93337990
245086955
443643690
9979829
319753429
535043525
310800568
516390077
458643665
521196634
518142489
111608579
242208593
169812184
120330514
65923173
278542890
43554625
279934406
157509194
163951249
383674543
137445968
369715660
228883409
136312867
287152513
200250205
132724335
98887417
425897389
35711502
212963749
416756250
273114462
440309914
332693582
521748247
333984842
285332221
87412900
299672279
151233162
223534756
163296470
406391323
353307596
310051209
258177830
257010945
322925161
403972917
350382619
305366391
185396561
296791014
355920122
181493925
313318819
156554621
298756689
355296381
33526431
321277294
141493836
30889108
360507605
15485068
117282705
13432731
485041937
102176562
41646497
110767098
188558064
6762300
423896613
334969380
532916233
406076480
435622138
526983481
77140971
451234372
366089389
469922519
220110217
416433978
254986696
371155105
343000568
379863611
186799892
466557015
125250133
1291826
11277183
4489089
405678934
11630927
93171403
125810031
512834592
139507843
377957591
427803765
404393213
51760276
471017924
486536654
480550433
520997262
252744109
40435246
512530912
32909765
27125532
218433191
511157353
114020990
310826975
397801802
376725529
393284392
531123431
473668714
380379513
467843623
5056432
241165448
117966982
478732337
240435378
132857208
248821431
87193750
42648159
101866110
362633106
428156895
276965558
255006069
306878214
62661029
391651677
194440131
284453544
122184251
442300100
256580334
241608804
395334005
360891392
497019922
147017497
506715002
518706002
514376604
518570414
183335268
136303689
156847952
130663015
141468267
504347350
235921841
48175639
347146673
375126349
447158318
478245420
330453105
356878217
40178147
122370607
350721508
317631282
44238568
270849470
333361740
69303881
232870951
252826426
43833605
20058928
509670221
497778100
353696885
297954101
469357209
513497029
367907952
365895219
41837754
414901172
998372
175207462
103301807
254933703
124364022
166047897
101689987
386767335
81714125
372533420
188865308
282275518
533128831
247619445
389408596
334929556
309374969
186037624
239928786
14177268
254378317
171372766
101359120
184232136
399234571
230458252
201177158
461637293
125564481
62091201
389432912
20280785
88307710
138522068
211962564
482375100
116375224
265057413
391120008
142908305
391675972
453039470
396708595
122970028
426018495
208643050
353534524
504794718
302089846
337119302
200654473
498339280
420120178
471785666
95520955
49851669
410663247
92856344
235342365
272565727
446891530
481574311
398461686
291652539
335473713
387361238
375605126
520901193
510194754
337165001
523195323
377993859
261039924
425152272
324825600
409004219
146696251
470506789
260093888
326392577
206048803
516738176
440862834
139878657
528589465
402625631
272857473
415093744
420896843
367765781
360176645
418380650
372448517
439128480
74260134
234152371
190670806
125086741
396313824
15782188
332458094
174777469
495132074
6143838
345493246
445819223
94711248
402475500
52931087
1079826
43464106
493036393
485621970
462707910
276882181
261311014
439163773
503593636
87776250
392784878
130790627
7202488
155419729
206889230
331430591
65005949
24568366
370719497
157464968
46172131
222463787
285003496
532720250
6707619
181214206
348761615
232341480
43666902
221197769
479417667
271920392
207754355
378013599
251174838
329949895
296751564
261753159
163004340
207313374
18021476
467190961
276137101
300005711
71174834
489807131
212315964
385426843
407110069
367128463
331862400
89051557
416276506
151736376
310886020
300987652
524909820
390146179
137101803
174786430
145287467
311021070
535311238
162121518
208219774
398399234
41333582
89791757
70543195
14513214
518985615
126533557
74173226
372272594
168112423
29936615
399651562
352127139
241499474
490808215
155368399
369421346
358921954
60813389
502424944
