    -9.80000      0.00000
    -9.40000      0.00000
    -9.00000      0.00000
    -8.60000      0.00000
    -8.20000      0.00000
    -7.80000      2.50000
    -7.40000      0.00000
    -7.00000      2.50000
    -6.60000     12.50000
    -6.20000     20.00000
    -5.80000     22.50000
    -5.40000     67.50000
    -5.00000     57.50000
    -4.60000     95.00000
    -4.20000    102.50000
    -3.80000    185.00000
    -3.40000    212.50000
    -3.00000    220.00000
    -2.60000    250.00000
    -2.20000    327.50000
    -1.80000    327.50000
    -1.40000    335.00000
    -1.00000    360.00000
    -0.60000    330.00000
    -0.20000    275.00000
     0.20000    255.00000
     0.60000    297.50000
     1.00000    302.50000
     1.40000    297.50000
     1.80000    272.50000
     2.20000    290.00000
     2.60000    260.00000
     3.00000    240.00000
     3.40000    170.00000
     3.80000    192.50000
     4.20000    140.00000
     4.60000    100.00000
     5.00000     82.50000
     5.40000     52.50000
     5.80000     35.00000
     6.20000     15.00000
     6.60000      2.50000
     7.00000      5.00000
     7.40000      0.00000
     7.80000      0.00000
     8.20000      0.00000
     8.60000      0.00000
     9.00000      0.00000
     9.40000      0.00000
     9.80000      0.00000
 after hadron evolution
    -9.80000      0.00000
    -9.40000      0.00000
    -9.00000      0.00000
    -8.60000      2.50000
    -8.20000      0.00000
    -7.80000      2.50000
    -7.40000      0.00000
    -7.00000      5.00000
    -6.60000     15.00000
    -6.20000     17.50000
    -5.80000     35.00000
    -5.40000    100.00000
    -5.00000     87.50000
    -4.60000    125.00000
    -4.20000    170.00000
    -3.80000    292.50000
    -3.40000    347.50000
    -3.00000    435.00000
    -2.60000    447.50000
    -2.20000    552.50000
    -1.80000    560.00000
    -1.40000    575.00000
    -1.00000    562.50000
    -0.60000    605.00000
    -0.20000    585.00000
     0.20000    570.00000
     0.60000    552.50000
     1.00000    537.50000
     1.40000    532.50000
     1.80000    477.50000
     2.20000    467.50000
     2.60000    475.00000
     3.00000    385.00000
     3.40000    305.00000
     3.80000    262.50000
     4.20000    207.50000
     4.60000    155.00000
     5.00000     72.50000
     5.40000     52.50000
     5.80000     32.50000
     6.20000     20.00000
     6.60000      2.50000
     7.00000     10.00000
     7.40000      0.00000
     7.80000      0.00000
     8.20000      0.00000
     8.60000      0.00000
     9.00000      0.00000
     9.40000      0.00000
     9.80000      0.00000
