 after hadron evolution
     0.02500    189.68057
     0.07500     87.35068
     0.12500    129.10391
     0.17500    135.78285
     0.22500     27.04604
     0.32500     73.18676
     0.37500     57.99171
     0.42500     97.13008
     0.47500     40.92809
     0.52500     10.01308
     0.57500     37.74694
     0.67500     34.01220
     0.72500     16.43843
     0.82500     15.06547
     0.87500      7.35394
     0.92500      6.96727
     0.97500      6.74822
     1.32500      5.55387
     1.37500      5.40899
     1.47500      5.00780
