    -9.80000      0.00000
    -9.40000      0.00000
    -9.00000      0.00000
    -8.60000      0.00000
    -8.20000      0.00000
    -7.80000      0.00000
    -7.40000      0.00000
    -7.00000      0.00000
    -6.60000      0.00000
    -6.20000      0.00000
    -5.80000      5.00000
    -5.40000     10.00000
    -5.00000      5.00000
    -4.60000     22.50000
    -4.20000     12.50000
    -3.80000     22.50000
    -3.40000     22.50000
    -3.00000     60.00000
    -2.60000     47.50000
    -2.20000     72.50000
    -1.80000     77.50000
    -1.40000     85.00000
    -1.00000     82.50000
    -0.60000     65.00000
    -0.20000     75.00000
     0.20000     65.00000
     0.60000     70.00000
     1.00000     62.50000
     1.40000     57.50000
     1.80000     67.50000
     2.20000     55.00000
     2.60000     40.00000
     3.00000     37.50000
     3.40000     30.00000
     3.80000     22.50000
     4.20000     15.00000
     4.60000     15.00000
     5.00000     10.00000
     5.40000      2.50000
     5.80000      2.50000
     6.20000      0.00000
     6.60000      0.00000
     7.00000      0.00000
     7.40000      0.00000
     7.80000      0.00000
     8.20000      0.00000
     8.60000      0.00000
     9.00000      0.00000
     9.40000      0.00000
     9.80000      0.00000
 after hadron evolution
    -9.80000      0.00000
    -9.40000      0.00000
    -9.00000      0.00000
    -8.60000      0.00000
    -8.20000      0.00000
    -7.80000      0.00000
    -7.40000      0.00000
    -7.00000      0.00000
    -6.60000      2.50000
    -6.20000      0.00000
    -5.80000     10.00000
    -5.40000     22.50000
    -5.00000     20.00000
    -4.60000     57.50000
    -4.20000     45.00000
    -3.80000     75.00000
    -3.40000     90.00000
    -3.00000    192.50000
    -2.60000    170.00000
    -2.20000    210.00000
    -1.80000    230.00000
    -1.40000    235.00000
    -1.00000    250.00000
    -0.60000    267.50000
    -0.20000    267.50000
     0.20000    292.50000
     0.60000    217.50000
     1.00000    217.50000
     1.40000    222.50000
     1.80000    197.50000
     2.20000    157.50000
     2.60000    155.00000
     3.00000    122.50000
     3.40000    122.50000
     3.80000     95.00000
     4.20000     65.00000
     4.60000     40.00000
     5.00000     17.50000
     5.40000      5.00000
     5.80000      2.50000
     6.20000      2.50000
     6.60000      0.00000
     7.00000      0.00000
     7.40000      0.00000
     7.80000      0.00000
     8.20000      0.00000
     8.60000      0.00000
     9.00000      0.00000
     9.40000      0.00000
     9.80000      0.00000
