217377059
495453090
388932344
310858826
177707323
95511667
128359450
58906308
80233045
270508058
93558838
177140114
499612916
321977225
202049799
223401566
47050581
483779589
347679474
156557944
436618097
358220197
363313136
171630638
134544741
26755334
150280395
489854480
408547696
254820736
202701300
445002648
367114931
310801150
502630697
343575189
522779669
144621033
173425574
129224957
147377857
60323756
48732460
61037885
523355339
340167901
332328357
400033349
426263365
208628963
51329017
249197351
367363571
284970949
82967636
57197814
254600965
196796904
69543339
124213509
425628905
41324280
335519808
174920649
71688535
388973311
202077009
381807222
507572846
144060583
346409095
267098160
440574336
430011324
456963617
382076538
237896127
21387411
231269059
192002924
370677500
295341719
157659912
134881341
56076940
510266197
418482062
86977862
325482543
193898924
257692740
401022956
269132452
59379754
422311023
97800124
288071394
442556133
418143916
7521357
409246171
316147129
235522629
311421531
72657052
279787275
98962711
328472034
460429543
161491594
430673225
127907867
269369159
531842087
111727567
383915783
278877420
411954868
397918795
62294325
61832948
499808374
230248917
249665302
235178610
506366960
201496103
139676208
309423889
14491750
178612105
264635898
58016336
39973952
27080409
259188926
15968525
235200627
21084183
23186627
262754407
312559195
139371967
138474010
511123207
469816834
440080064
361750313
229444412
185763549
24161234
320863429
44387895
234823149
188798380
122979703
20968995
142291124
295102814
456283276
82402080
114260772
234570079
134980979
358346515
279476368
392964788
156841129
384632484
400703725
166406097
443204118
468052703
228606363
522369499
50940497
73939904
220475621
390159040
168088224
312860966
445312551
491105334
404182416
93302566
317397129
536292820
320057775
466415607
385517803
140227650
463773327
80916983
47182255
180991581
186670804
73835817
331931930
57038752
197393474
209547955
393337986
415845082
300042105
513707771
478669980
354986171
143684171
414582536
79295081
129292983
155513174
521753196
489621461
125590828
324732224
424130314
471327903
380285246
175683417
260825100
273111856
285445646
396758493
255353018
48138965
94944495
505617999
145355407
61988437
5115224
31354243
456560853
338353285
276177651
74612947
156075012
358645558
23880932
84485928
270354423
134522924
240053536
141760305
192186767
209187364
72430510
204752001
385730192
438016854
415868554
430868487
203233547
436172215
66340201
244273033
324551456
152012494
369376922
240171286
414404198
188472206
152393587
699568
355352113
258219923
277977827
57268252
265940298
527536636
136639607
398189095
101835894
206277465
468916611
532027715
60409131
436201487
184233203
94717029
336476547
236584393
483627914
312063950
138007432
60692199
501408569
198750965
74074929
437361156
44213325
475960754
294920348
380744799
241353710
163422792
106044017
80668328
498630934
220310646
33640435
440004431
417630588
253444678
285099536
255595614
484983416
407892319
243200266
50026735
476728356
162368368
483593499
464463738
5016853
496244678
262151843
344389907
512685680
133098569
380001872
12959678
10768215
178606955
444907067
351965732
398832181
68406146
508630172
448017171
180201956
535946543
87302295
87777051
116623598
185856941
328538085
507300971
292857082
115989352
364997170
195886050
311455847
73570539
280413201
129100691
131583756
448459850
484499156
419416107
264940539
513265416
313535349
492194676
345364932
423664593
459948488
147988831
339804058
7341518
104664617
459532182
228038642
465797622
121385368
496067311
94630165
219030547
471567524
260601617
83178818
240142516
316040959
482187380
181390847
287042297
41653374
329414052
388164535
395463975
437240702
136133511
481782127
332905246
415560290
283094860
374952802
144152915
433246693
418456860
445405709
527331713
223760231
91642042
518162197
135035932
301481873
482608795
129324133
250377966
247822306
325924029
27845598
207373551
528156686
137522359
359355480
476403923
240041267
251024396
172457779
104598955
498105076
392439546
139767778
304958221
368533960
53853034
393641441
364979303
74333232
97442802
325686676
200391772
17709158
73168466
132443318
265955577
185311308
42442307
514459630
254348845
54438390
1227682
50701191
466137969
400193921
450169835
117322193
261146522
159051386
211284518
140020712
283198712
501623878
427722076
270264734
439671561
26452056
481819375
92070899
452184033
507236390
211214942
242371905
464085039
434013517
393816210
402105259
491521639
334067466
207015297
409914172
290319795
472455850
393871341
97189212
461314800
528583802
102254542
488926512
453062345
252230358
219560879
376310914
373053793
428964613
425261926
54622279
156437878
322192832
138890813
45167010
54513346
304880166
204712869
139360228
306937001
290043234
248231759
266476057
222135557
514481869
273160236
275883211
379822545
507152587
122127184
215997590
97466834
271305197
360046988
95894348
299386299
380350890
394775800
418678014
265411424
63768472
252860023
532746490
306923631
234487276
354877031
34501559
99843716
512540575
230999407
412397242
275220763
356016642
97597533
458395334
520450151
345798333
193218483
62967278
174542280
41485569
325661785
152413285
409762600
480801248
296507873
436725975
53921852
527844161
521666467
487450216
55139751
281776811
347157163
489605057
147488615
79376153
192110860
358123851
7096283
240929405
217679306
86174541
62891964
329869658
380214626
9307524
301381165
323453158
293548200
84842233
15640943
442422036
49589461
119914822
431168132
230063030
250468222
102183395
386872162
230815003
384275959
290093185
455940469
152022975
363676957
108497924
279998426
276045307
480156125
442370280
241385880
381317390
490191822
206574493
377800411
483589315
266617616
504887891
272559678
287187202
171622102
108627801
221385618
512356049
321653972
77875305
73237814
233207539
48096478
15376362
515879097
348351403
312977360
394473696
425544662
379835018
132462446
125383467
263851884
196574370
192786019
49230598
319439995
81205664
7141008
409244155
297715377
24157688
45406066
193558361
199351731
428817796
371275303
117577176
246954027
235028581
63663456
492489873
93804684
489880885
356162268
521100388
314284662
295455273
358199575
170770889
211909061
380817143
9442331
171897468
494506961
155949471
135448052
150857356
270373559
36184361
483013519
158362167
516418824
480536052
116074025
149494741
55983256
161244810
201290258
277197113
207552047
312692048
161459003
159047524
27385098
64321497
14060349
473010011
398657988
195510855
427883345
339701053
270765041
168622975
54244093
376586100
188369800
124868786
10990369
433124558
215104329
468550411
442624809
41671006
140515228
226578816
291424473
160371150
41971335
147232023
133852902
89451569
497267995
145034408
316453970
141670409
427591473
220220858
84176073
338136323
478608597
213740185
485458523
247505711
374610990
419008822
341694189
2923321
96969049
111019994
97812284
116758496
132397204
23244432
18235964
139648471
16324632
194259102
281620105
532413408
380606031
378218402
193949309
182978304
320150382
458718448
83172500
167250989
89485364
473990580
374459263
416659395
206916964
531428640
155564763
17387152
267978870
258622400
31879976
327573736
339171299
501049592
66982732
245207986
78021612
260477393
272641849
108803155
335434454
299083244
380060464
203719409
181726542
49890171
339183635
299137500
447872137
451311958
63793113
359592938
411605096
82472851
1241411
481780083
159377064
381753656
386445101
116171368
341507291
202384281
196738002
458353819
304362578
382078883
312060401
113312305
264904688
115402871
350153309
168671628
277200003
336285154
249644921
308482524
213328675
482136514
239241137
134552850
215630588
171940741
195411452
277086166
194172005
201271802
513556025
437284358
469056527
497319940
485668769
524180097
106841351
446762527
300765036
190115756
437741303
41800740
319235580
159287084
7205825
64568426
60714088
345476014
377528719
291974320
70189440
266037115
7273254
63138303
330079844
374256292
388584716
51208784
89106834
208435166
15958023
349641813
16962751
527899768
225495740
98107873
310522335
45820967
107082977
361234018
207875362
290545036
327772422
55724426
521630694
402753461
465909174
275550370
362945266
159267693
244258542
535404584
408882497
367515740
110445895
154055656
387463886
88215337
251291877
338230994
493475605
405006673
174800857
256331801
58675610
452249019
507353208
525864551
189489388
370004456
198708788
211063528
59485022
162085779
176886115
259517593
476664912
361360612
131832157
522868100
361779091
316140115
121139428
380020263
169341777
525077892
155788487
513494607
340037428
14415293
244292670
71312258
372684042
256346185
429917299
223524563
400989209
203052962
86389335
104942651
390271909
405102420
82532953
261057224
485174018
98037485
359996430
42422644
68923037
29471798
10111747
426063648
331725869
452056335
248815796
185612810
506993413
271888316
36625992
14725392
165523771
234343016
235005452
514157881
454316764
432339959
234952382
120664029
132125255
505646729
115094211
284500848
473783409
118708335
129456319
377707329
410904174
451579649
257832387
522766769
371952819
58195157
513881217
356031793
255385467
285240401
159213551
129966285
158125474
49261927
27748335
481004186
470797803
450712753
266831622
376562799
156438313
416511001
161721541
362065432
359617592
491713793
470452470
267354207
90606175
534567903
24572669
80856584
392091921
458072422
8216106
265853191
536303785
74538132
136922707
501459048
313885065
531876317
430616034
460895997
382902492
303363369
175771237
93611468
98394939
382964118
110391335
128337917
431164746
354048751
254064462
354433692
92584097
351545540
418191426
311328176
234938588
325317277
194591317
516169538
422851439
480558560
230220754
118424660
31881006
116850979
473947535
162914537
151233139
11298124
497430659
