30460053
263855166
273363877
160778376
495404282
372211691
86042508
196604427
280919164
162496748
241167966
112359675
457796397
157467783
155645388
366608992
27529538
336081245
184229907
219328922
28349395
80157674
58255343
66574389
213580454
239871887
300472135
243351891
281234045
81166136
4993834
426349070
101990346
270801392
102491366
319785694
210802513
9807012
130673097
312827435
234947864
86080170
454981794
229226945
394192303
311755399
467165601
406242867
521060906
233896639
227106412
520537865
433313795
48570977
527409472
84794624
204246545
255329223
482784736
137103784
184005771
448048119
525386406
342537053
453000918
536476725
363937101
234321169
12135950
528967941
239107472
184548028
198668284
34752185
435094310
194525345
71290524
355144662
313923637
48221781
126600681
96572450
290513249
94404654
105828789
518202443
433299517
180419505
421392246
224689799
358430665
93550398
278515365
332463005
181413323
245660540
204966424
36988348
421813035
1075105
427377677
505415013
494716069
80867715
321708957
81993895
303569622
230949049
179158443
210699603
240586720
419162580
496596256
438964393
114019470
527388745
432650736
521962219
273882267
166245290
196831290
416935802
133130405
461427286
137599000
109060709
335341208
35109941
134600575
27342547
237879661
464992139
209209458
174172004
275919054
461247251
236155996
178000886
500583364
396093401
470170277
263325326
162043954
285720268
460635543
225791788
98811381
18925723
146096246
424500595
431023393
262719454
223397310
25026133
270094553
446655262
370190247
208065384
331474706
312777538
306113422
42802346
432899917
477239795
165287487
382078345
50706771
108866394
259277821
98953863
441356086
504229590
8833256
19210908
493090239
470323291
165759434
407921899
533990993
513434131
200089185
396078694
266748165
35592694
378176187
267854203
89075829
512725912
55319443
220779764
260733187
308215213
21284693
523008673
390405203
93472947
157976789
24522549
414140836
98572250
339148067
503936020
110957191
298773329
535552383
251946986
122067053
42204892
105171114
473937896
60182334
100464844
282213579
172947717
488641462
202299101
46684137
436882242
162766289
394267256
234196544
497407385
161983124
470308936
20648084
218247188
449612682
5214657
194830966
464796354
339721126
95993231
125746462
8907692
72517187
372753698
489304376
339589563
368050698
400458843
363021698
137396452
286608180
257558695
425482925
20067554
364505177
486815761
524248042
341099242
394392916
377571498
430321250
75957046
462979542
164045251
164757257
208558751
524699745
21147889
402626635
333311526
330375164
649425
507235732
371920904
18131445
71592931
190383404
469651415
363624208
260578724
356568522
535798786
51574307
128325451
9377601
86307469
428763163
281909759
67946496
72251882
488518694
209830326
437153487
206886274
261373400
166277269
265464598
513872867
197120050
403617700
268557371
518078293
472228800
489343913
269054340
499340760
139772698
163522533
203614619
56944014
311048557
281121729
259374063
290821361
217767355
22311857
288117978
146566055
14852254
244322254
66829810
412416591
121911952
387217734
315324227
229579309
488613622
333051085
412708585
355221117
419765855
72638358
481207544
52481809
136728017
198761999
130791073
407887683
326560186
150492869
396459882
379630540
240458557
415679170
106641245
106607217
513473525
286305299
44282083
511546526
194785333
432749786
141049361
508462191
237255680
500346895
32449739
156281826
453591305
395107529
472131575
61786470
373681728
425321050
220992369
159901689
497057589
520897504
128444651
129221680
80904839
52198160
412183422
69145535
138473206
431975926
66016772
244216565
327408367
530394603
121215006
453955927
536335921
399923846
358379742
241878839
470466622
434463224
405948734
250026262
494593151
132228093
158611638
398015808
507249074
179267921
82634354
419813402
534880052
12321173
102087503
465918195
432045373
175650238
355069995
100306437
183296033
80730118
483444629
242412833
416354678
47454446
528671302
368347576
20558125
520647642
403146492
85521348
252746087
97173011
239345569
163681484
396186819
407663187
22812335
8886954
13704471
369035655
71157
424388811
52294468
344731566
372520469
408378345
417431208
326659382
516418604
171039201
380996574
373841577
327012033
448227557
366635289
318769332
190652502
496246040
227871033
372354980
343815441
242982927
114970176
222576506
498190043
444629150
66566410
252187132
308055853
434745580
428796827
300369299
259456567
429911194
450460903
237232973
400180234
485002750
422161768
410623141
509076320
282445244
390442878
450565981
68962207
25996703
269554672
239122792
188202137
197344313
338452516
12395367
354905967
497831402
172669218
23576069
240023290
119569720
484210922
408770206
419072057
240757288
302712527
350806886
6591107
461264954
40480080
188736630
359809146
1564525
484180168
340844531
313196247
45998987
115085103
335988141
431909977
63361847
449202107
123653577
444916494
306939735
313179983
85013670
138468550
218793411
428235566
87722159
82696037
74576275
257672375
204397065
480984916
137987421
68094667
48266682
450542264
510539952
172543352
69719421
374566091
194609941
47017005
66446771
184704608
43375320
292537628
183262203
17557899
299047865
357521473
193312957
257571441
326111812
466377917
438834148
310897934
45893637
508576055
347307850
513275363
233101934
518765583
243207100
507907335
459156842
422558303
463924613
85485041
189114965
418735173
43177700
2502405
328588172
420398361
536643991
523246351
181524276
37299487
12385952
319689984
405213762
396625163
448927336
63261798
162957052
309361879
442926446
79093700
12390970
85898920
63516223
406377592
108197065
288070586
405340593
510770226
195353095
47870247
126163022
351003555
112328431
230626683
258265405
320015790
101146567
501045041
391406993
56242508
171118000
82451224
228872617
439161300
8897044
101741418
209646892
23661469
393161633
271198388
26385279
188636756
519028504
91545679
104011648
30104245
467420044
307856228
164898831
340974231
412602835
41824945
506694291
325490764
25681349
166546729
196730463
111885445
68880313
380338085
347035453
206602101
424584872
475810442
298896174
221542670
425694191
44699677
173980076
244949957
508217588
381993612
467600924
182933174
176710264
480331758
454098166
512640940
494498250
362060047
43799424
154296370
253539232
383776102
110870729
289036741
201872595
314068112
363951186
489246981
278649221
78100517
251166958
105169191
209293129
397732363
205311470
31971009
496781757
285927031
466065880
269135986
368110007
153914274
159115783
138511751
198270396
463328216
244060737
153688762
31055032
494461614
173818002
34519322
141440581
331510904
63843472
321461048
496074780
120882960
6968746
42408907
228081132
329066155
164276215
43576223
411111099
245610430
16394302
112393675
213436328
277136026
450740819
269752867
1293173
510989011
184967122
379161284
445217218
203686975
86255932
504686786
54363263
10290629
38825889
436102308
294629835
315041414
64705326
171882715
505311011
454534231
237846625
52705891
193824981
7035619
107220603
183644715
345311961
477033455
287004079
139483832
277651199
70981679
514145466
443688324
490102525
301293394
40642461
244376447
166048897
431137234
502689356
340707917
333302432
361209329
382371322
51076760
479638381
152288733
148270508
26762420
16146094
432512425
382939970
404711914
481703953
390444983
356371155
21365695
521056410
478836005
190558852
63352646
423716844
249087624
261407696
71305122
412993030
467209043
354478457
37697678
230842700
205700934
439986591
385318532
157236114
373262668
148311684
15589532
446517434
74336676
204363965
1129808
369914827
287111093
429386491
157559947
53085484
520160058
498759883
110706815
327143291
55624003
126742321
304114851
317805118
237746958
70618851
183787399
417515711
16257564
401007503
64321208
194759584
427703524
273563886
370726376
90521799
115651038
24027278
314481643
182881405
524905019
313340764
310244474
308639152
98422433
431477359
484067965
181119262
77905336
521312983
448019666
400448336
105620758
386281125
196504376
12932520
276039033
116483569
399566481
369180263
116243415
303335722
510266626
303316976
24289831
154165008
185813050
41958677
481783628
201797923
282650624
448279328
448334495
129575756
486516081
210538348
406587347
379073873
374884443
217774298
130534844
473528453
306204111
275406568
472214222
61505902
313170508
255736969
350656481
156781323
510987424
261328173
411105860
246572185
245765679
323337135
165472317
245698736
421857791
530664473
284712141
315460977
10973077
16656329
488924919
223229291
18947419
193370656
498774054
260092991
143389743
355046313
403709056
395704713
254701435
221366875
211573002
520561521
336507980
186779328
478494122
96059727
136240258
275585257
270885097
514445485
141343264
16689314
336047634
236039658
142235453
203184225
27334572
305430509
273953656
325091209
398747911
458021353
121571964
392412868
209008655
278714890
53885020
462827419
306983610
91271233
51850188
458178639
22474909
218143032
428705939
335990179
521724911
54332065
194900803
406295039
116829468
188199664
462592616
497686763
492245453
7247290
136846830
470883818
338385121
509763224
102437070
452103388
414459269
195282698
270131349
401356109
396119255
253787557
109557060
206525550
414589007
212548776
341897423
130269209
339557785
63736137
427387923
373489301
335096677
120703653
169091334
467182692
318360553
367257808
379702267
367564041
364330396
366814031
321603160
55371958
403031349
345103606
295108049
184487192
96241773
247257932
370509333
143778754
457782431
130846895
41199462
465160249
318525367
499200065
472824812
413586942
370445794
110567643
515234486
82414396
377556215
338876117
297649688
380548775
273679875
302205318
446106762
330824384
245295287
5479153
303450380
453554951
292528249
510653026
123227788
125334377
479050104
161752966
369983070
64179262
238911397
328328825
17133237
463951107
524995307
45282987
342769205
47037994
82269791
47458294
101334792
121264926
325110729
424269369
330286819
347921001
75830918
145693449
211010081
146065083
420099862
520586486
43411806
473822406
239362292
175575882
205834488
455037638
418773890
60446196
248636617
78824389
77203768
477451890
371399487
526814285
377110423
163476165
382450279
26868015
369106623
205862033
509210239
461432772
111889128
102276463
509438610
355087320
220485449
3939966
327109436
460487379
123180314
533348
237837919
99933159
392621255
291180343
250939011
201263188
69876475
497952640
289271447
361826936
236821487
199441666
373261290
303255348
367323646
404397032
503725894
139762527
404193226
105394692
414884368
3247594
509695922
148672869
488593797
287646445
230921101
472870585
310366577
90152167
158376302
192865897
44981793
97475354
58436806
502512584
491794432
153294319
320387599
59525260
5445746
141667192
498062092
225916245
373007996
68246092
332213781
440757981
233978501
216198201
264892721
375759350
103056116
165897112
246132397
141229606
426409799
511014808
341763667
373582033
230887853
328468990
314759143
69588975
301479019
208210181
180241954
172487964
305688583
67587857
106081049
415502417
42128224
112416955
482137649
238849964
24930808
62608729
472331071
405409911
164224669
321751507
183356532
520110856
414217098
427849537
349841912
294661216
132521714
235564905
8492476
447870094
510274380
518746240
500370694
310964003
290627556
128880106
34591194
115901854
403483481
409781537
389339697
434568083
53036087
433754195
200159435
182769501
353650040
256561916
464658377
378065957
136327211
278664710
440684616
433648584
24289317
459694299
78627015
481102956
459664663
322472478
11504699
384171685
250533730
208512901
74581502
493374721
393300916
339836242
389373659
532933593
60130739
345205955
437033620
397575916
392976390
511664679
213496218
438220904
69035047
237254389
369599539
361161968
411309137
96110357
313460921
385430843
295258913
86697214
402365165
527249438
243942654
497631364
212088512
184545310
170469285
23123947
247006323
505637567
521085112
373368909
154321947
231545219
118502745
96229477
272690829
156878163
4569666
87727589
336030993
192664781
487888635
273588284
306486189
504321956
30015963
458916376
439583681
511191518
281048743
142020679
156030916
508214417
455784495
117110709
489789482
482232455
292073899
508800726
414574945
107793742
145870238
524399734
255525287
301688943
131276421
299041239
504351720
183634280
257802006
95272170
70096670
232741082
230701120
138457302
297511818
147328131
346452795
297785861
438131431
365017349
354091664
480940684
266661545
57058866
427014246
463736029
349957866
232059245
286433049
450129897
39763877
369270913
297120220
238423942
298892805
388191701
1153322
33903579
405873459
301168109
55077115
246662068
355714165
110838210
203651710
226656146
505908932
215092014
11705660
45446761
516835424
82830566
526604624
491631439
437567488
73638360
310252511
65807338
402000406
167408224
146326271
293287584
208904453
451371718
421703756
285651538
11634117
359622577
432340551
141371339
47719699
56902817
442604764
265511418
357892311
520795799
124777533
95507681
4708073
453402041
206578035
173191762
324786007
292453997
380057140
136246070
353101685
5297829
14031122
7563027
320072147
376783802
226136849
12555916
32822716
101812025
329169472
450750831
484533271
378216791
385698382
408779924
249311654
331748295
270320728
122216283
222695400
102824571
36431599
328718126
345131882
392373790
36708221
103284966
486078743
339469470
14419996
300600938
92832937
327552217
322205895
439090746
338471488
257875702
440932048
22346347
178674115
328831288
190269603
219960817
403970730
94090192
174671343
318070312
19785501
247374886
536237226
274127009
475752486
41892223
491907481
53790420
307043063
200481825
83672348
180019470
373081747
388198309
301861481
451359635
301651673
484980790
88963518
421280388
373417028
390863999
146009791
321094505
162353008
440239092
103824971
417063777
337984677
372736090
319736779
67075831
155030603
304299436
449479862
46164477
296316599
187001572
329288411
324143392
341498601
302134951
18096022
194387724
39953353
244851950
469719151
510151657
286161070
435180759
27500979
65066472
97306764
182836888
5742127
290520119
486142684
474768942
508374165
230479677
363516545
367987443
96608680
250728222
498222397
309922759
479818666
348875090
171645996
117752084
61856444
296801448
406365298
358902966
369844018
520086284
365943259
423237021
271139892
65894251
239075106
144130911
451949705
22611344
292253789
294236846
31680889
257148169
506488062
188482777
166822992
73903282
68972314
43002139
432212485
438794659
316160804
361779521
15142411
468500237
347110467
379976750
186181993
21945586
293103630
10154911
403132025
328664616
237778650
79148603
445678493
95464595
497469249
355157812
210894998
491696081
343088362
204999628
333432870
98381576
238865845
130120488
24705420
183015453
168425131
467543152
79398687
396807058
334546063
401766414
42776541
100115659
367874674
23440676
455126591
291529916
487198632
499988504
161846075
342761958
95016572
507479907
438621993
55293398
439061695
93413363
66839142
411173544
534294684
65090178
282262872
227166455
172637184
369466573
525468882
531155787
10320280
291689118
93181161
487699025
337466642
478815040
285699119
282245993
28873396
72978287
277852191
457641417
250968003
341584977
415075875
267554966
293983222
337103666
414891089
158236951
168393539
277745372
445647465
252236151
388512899
28818545
83228993
44947084
89497888
67520240
206583652
397062042
205638848
452758255
107372918
35406706
335466894
219621017
125806932
463939226
439832669
199531422
236759379
393344894
332756619
91039272
7393939
383179197
264529473
385471953
499271127
368868318
267382151
496588068
64678274
322524259
320909618
505915717
450506412
253896286
440565646
335288909
472367587
120300418
190246678
237763602
519868709
470532770
492870211
244948076
134637379
432659278
161062748
220461518
433602090
440697523
272593782
140736097
50270444
89116186
65379055
149151553
167867519
196474143
533110746
430806813
195087898
514781356
462907985
239063225
351204499
203336470
81433801
465288733
161694006
59962038
265457356
117787464
37495204
44404842
491632100
438624517
325359194
278957988
447367217
319770306
271078871
519200931
213987610
286314904
499920211
238929279
448174647
259962659
393465850
123190762
166427105
446619772
351441695
316875346
473999784
371695985
448367569
93009152
211394959
209205373
403587946
61679977
90746336
53334118
236948756
90190881
339199761
110254261
234117752
410732880
476178429
449118325
486626956
188649854
348069187
439572660
166192211
135926120
50459172
332029412
101688593
10711296
373001505
37792351
95595867
43008364
261948674
109521233
414661246
400630543
74445783
138059302
246997749
14740764
189178325
504301699
118558403
81253043
213769825
211476854
276763328
330124748
348722015
119911072
274047690
405300762
258894563
327260675
368331898
144094368
79504796
345054718
285950799
199739422
470784924
120729604
60575526
61400477
303764287
369435745
196388200
453107082
494136348
8846207
98518302
153413944
61860602
198151070
489610308
51182945
175504865
202769172
137599822
220351466
440539984
439344485
299324216
231549446
50514639
204201236
286201842
453138164
183486954
78056796
131768152
46138725
58226499
128915063
388761227
510750777
455077989
503695154
372968513
307821691
289250184
340246920
372620426
365991952
155797783
210624418
170027184
220527434
147907675
104407291
44404562
531841446
66353859
220252921
334202855
386338489
235536074
119802747
145933219
266219793
490579605
504129413
8706376
197280161
244462008
309572836
273254857
532908119
167251828
376619289
431888594
462211805
4590278
25855301
442265238
139080943
186970562
365632038
308905722
102948199
388307361
3322389
147958389
283712416
119343493
100828935
12290425
331842396
414997981
76683770
524212693
409024588
341396055
121051736
520592112
133771282
232831115
45577729
237018177
173684839
484096504
57534598
515901610
492993229
322836799
313698715
505648066
289422468
404356355
346727128
703329
228600802
25567458
28337247
128886587
318066562
198173140
385774429
415125181
401511326
230720250
408954879
153165814
152346582
260819518
164003304
306413395
241602615
219274373
315622761
318309842
521692621
14595381
69292828
245890828
435674326
58965299
334282337
47905593
406313703
59582717
438098300
454789524
351630515
391000706
519065755
519250305
332282646
529062455
120685839
102970110
34315726
45044222
62304644
428867308
113916679
150437236
137676153
178908749
227978514
505012654
508241993
450066212
496775340
435049670
248345036
175538375
368204587
96737206
207790268
502459946
423080068
347267383
484301373
99548907
274764326
115257961
72604323
1180911
54723334
197023468
274143422
167298844
157767648
147250180
422869056
228432421
202353732
405851187
257593579
150905977
264510160
487760127
506403839
139569191
372624982
357084490
1444767
202260137
321874577
420953413
515063411
268611021
473171268
21370122
226280502
362321471
162928357
130174691
510016783
8906783
48971769
372474872
80643261
425054474
277060335
498902999
71332462
464224322
532819087
295606530
155286764
232078609
116153746
525311508
114340513
161038771
404773152
238288173
476405610
183872207
9167760
38274340
391549721
166057562
284807297
331876530
529641258
91838024
333231233
186300336
144774845
21573423
42028361
518113234
156134863
183054324
423720747
424324581
450637091
514842503
492916529
57878426
413343100
398682576
380122029
310030318
438946273
204972549
271653160
398222511
215452043
154031088
409354291
388812504
94123053
388512941
517740143
327555097
260289488
99153562
229327199
339859794
247641816
337551810
124067624
359264749
30400887
275894215
20569327
360198855
281360112
510116109
438693778
467860016
269217583
93818097
299646726
17309783
381086506
526520651
358493359
228607569
517088086
56268640
16251528
156512577
129028159
118067166
392615096
291854869
529684106
35588172
1199257
246637193
88947935
305125090
389695955
406886684
19133195
488088549
477570080
267214293
154283248
262317578
92866470
355704087
170735472
36780946
51319335
402649130
82642099
68026418
519817003
360993583
506290434
387022291
282642340
454560074
14774566
243864516
494035156
299309348
125114620
4987900
442503242
51151371
251003394
41905705
375045932
398306996
207728985
481942058
12009409
8914809
164047312
265374253
112735308
61866018
105676470
179653687
386983892
199155079
463100649
12061669
520891966
20978453
461511602
278288596
431558970
136827891
332832167
357049436
139457031
176903684
5180337
385588438
257109190
502410213
435584781
409769813
184992007
87744679
293864083
191446252
489838880
256923116
206502646
310454315
487992822
432154590
12121021
190907754
330841494
12288928
167844991
532823173
289215546
357002416
39727456
526184101
282347349
457685429
51196888
332062989
389223601
144525150
442070672
436673186
385407071
11173716
396114620
373774827
326774960
341417903
238802761
35328948
257504681
303883720
108411675
20670894
339084506
230020517
453412071
367137582
432696405
505897284
187803808
270595823
471052181
234134614
421936410
184943595
169994590
307796878
380088029
150650465
317147740
217123548
381406039
397650627
519164545
428778929
118510169
471982964
474412851
129296290
517699992
380111554
374844456
1864055
127571156
522937244
452999219
28305271
32082930
356306992
468983406
30291203
535057384
254937928
484004011
268682754
447087075
523952670
436764162
360973738
402681568
511208059
296699649
254025455
519980243
124503477
241580523
98335556
167269664
346120594
371337086
355913090
524973551
60443612
101919375
139978212
16794052
153342758
351714599
26911245
365166142
167035381
491920747
390806844
23915800
388479151
517452736
5603617
496127908
258486637
52190350
276106641
250353457
308028432
204529806
73747141
234496832
204963425
101852570
446089451
111285699
310245790
452849236
84826004
188259742
304915105
131629814
275270434
352687940
84804888
500751354
374855995
501439530
241062078
7551239
167713800
211056215
476311978
299649137
464656076
84828894
436135384
479710509
27896273
184981795
321333030
223736875
207007161
535387800
377504051
517795018
179053877
527245108
328434763
423180089
525732924
114126736
488933572
74615271
443353392
32456358
238765552
245935897
272810099
427489895
453787472
295211642
457418757
61804261
60433343
40474426
291135492
439005361
312040919
32738059
526531624
332358928
336299397
351710609
101882964
141977862
199776583
448058507
53508901
454375650
190533430
455028645
402691549
209433993
95126629
28272837
185396402
292711226
445294984
333000833
268734645
437064925
151621687
356654663
177643678
31520996
211230795
251008150
373885668
245859718
53511809
206880670
17434642
11945333
253063608
206464529
432517411
259418399
199843602
221433642
408855614
240771788
438111018
50382276
51217323
5351386
102170928
468986753
463265203
376756387
51353318
246574213
312014236
237231414
322437172
131648592
427677219
398566663
117449570
481862248
201126790
71951350
320200656
71563708
364952023
70892056
305523279
355214003
521339536
496958156
126775845
426299232
67350469
447623369
413950412
107168528
526577961
312953144
53684842
367789677
439086412
111694725
224759338
303570691
77996037
176122893
103962240
272317754
56179410
397039316
528825702
79122970
185887899
390806386
246169811
164217987
184557541
477401872
374724770
393204129
12923748
160385057
469596459
392108037
307784966
200885508
280417878
77684503
275619142
384291761
121976020
286006317
503844993
52494820
229604742
344249355
330327802
527331900
362540037
520352102
193181890
44705366
47483534
494828822
282196143
141878154
519512768
12123686
141413569
457575238
300161773
255818141
88176699
421149776
222741063
507052026
182060841
325202916
481852537
3600996
99614092
2893925
318422558
207204912
120514613
29559747
186989965
459574335
436291768
433778294
19130187
341506912
460000223
501507745
409330640
107117203
131526654
512581925
477045191
342411726
292653459
5047649
90724424
286107631
519964364
37371280
362924896
371165352
531071517
384650636
516881684
284231389
450524082
208891521
496836926
524224001
229438878
213267134
337066008
469830708
17256817
349303971
234030179
243156008
467090951
55265838
102944919
349002638
431506441
468734906
225855964
263561853
247525824
311492641
344340958
245950497
36732043
439736869
43043607
285025428
328852559
529238859
91596910
405282054
506767693
149296804
87615217
129112063
199685101
411031350
200582287
224527394
356773644
440090631
216447550
268456995
351515819
44335423
466654714
231564072
284641306
335384578
518901498
340651208
133700171
147960977
70741900
87973406
206371630
183718831
40231158
209785959
389707013
258590443
5989625
182158433
192811726
439963814
330895933
145934025
294056288
113655675
139036413
358066758
337333425
353050335
84199990
231301229
214068379
31572853
196867013
84430365
410680100
344948190
362644931
489409711
396115617
492526707
356581539
24320111
375494074
288925238
184988375
323840342
259570825
477554813
193570600
490401537
162003382
330638564
521271887
519966969
379274334
428160306
517562908
334358580
480707536
286019396
348041063
501601329
430910688
193584829
2069011
309884104
281593676
455465813
287534171
70260763
194582100
29741829
328650598
297342268
458141975
4096133
443026565
407539619
487339627
69491599
273099177
97955899
10070047
329441649
135254855
223794319
529437848
98461434
335116736
267661393
134724527
460530918
147138027
75935279
63559770
194879459
168255721
219375756
510932432
125420161
66428853
522201093
70540540
330651722
414532232
288631749
39188697
4693612
379565516
211581329
213230064
168379977
44335324
69079996
26352912
165942777
397856978
452721842
176550394
188365514
289641125
276070030
307077126
42420511
227599009
279810581
403576478
401724905
334091967
172703166
215377666
234289387
507349739
520070934
55295478
76821989
484559590
305702831
459495543
200474476
312240573
41025570
385259309
99217047
461377428
178888036
133969202
303894882
331645705
513827971
82241112
128612591
359993414
360331273
206552968
51433309
69419215
111586651
415467746
74807968
478200830
55451979
394118092
458053974
150539132
509581251
199961885
369683348
259831661
231637198
449144505
350368494
461166621
12365506
169877173
26727631
58627778
330315098
261972897
238821199
377011399
138851934
325131898
146918046
238686399
67362945
212162173
93956783
248612800
463429065
180073335
20672484
248331096
65555273
114186237
339026739
100293271
226827213
65907753
39989927
160378259
335430678
289990036
421024121
415470968
24281449
46229944
422512426
161024975
434180168
88815716
437725327
497544064
23583230
35542015
302846390
480836752
528128270
397014570
50090620
491012279
101966386
260700175
223356282
313635864
348739462
439938123
511111885
133614946
391071415
352814981
293749897
316085459
460920165
59169653
224747277
324789726
217602378
381606286
521509885
160121779
242367360
48710491
186337128
353917348
99278223
408233149
247602832
36761654
463901362
396115362
226490963
204917197
253097051
51195262
230862653
467766180
473484481
453910715
357016555
14809507
414057174
303113064
392777200
70246417
61570229
505732813
480569049
328161261
85751991
324638544
5635602
263909140
298726746
512174022
330918451
157993331
50132243
102347495
21778868
466903963
221415660
81095097
346735322
132612125
368928956
437006545
204010305
171830736
518440158
256254052
369204272
164895399
441215416
331582872
237187509
526256643
343872231
12278403
91817214
444228275
413721895
252348409
264241332
481899213
157831304
420927422
370692319
51865120
243499328
124710139
29573352
511572903
6733658
127712978
36279654
361380655
204580519
113299436
116059251
25323110
349478799
121786858
167030904
87413173
429348500
120163026
370612067
264679720
38095983
122673683
79994437
420150330
105573594
353470568
150845380
533581830
114887404
192960354
238241509
503741373
252591315
245932255
352786459
481586295
313937218
201749258
66913214
238691109
445202917
79183651
57489325
206134713
482919339
182878166
327495387
258184612
85027858
237662084
253042677
264474357
63208300
79573784
189872395
9225397
481922264
345179227
341208453
420505320
113501234
531833204
331375807
332663199
92594148
212085610
360253699
288908041
398350876
305643801
501676835
173937978
184266731
231944650
3027613
218896920
203529678
489520564
411551916
82749554
525916748
494767190
179505783
270286263
172506556
302904767
179009626
49084209
427449768
434479444
491891326
47553121
269586797
211056778
491738934
88355723
19898032
307823039
379790583
37813278
214273072
296908357
62461158
400159254
448849242
438220879
36822292
460263040
282246099
46614983
452888376
5927337
507138310
467847571
478179104
256699707
105547817
175527727
65507567
493447758
23415709
287152050
329966662
399870108
233403136
207791027
78252227
116471969
358323796
112707395
36661685
476483181
386935563
62168872
11121958
262210699
13531935
266932817
488962317
250767630
150407531
54650632
180605518
475278390
186861325
120738371
182319324
390086577
274325620
138058908
511962595
322416453
264717400
351034302
122776319
73320712
85237934
355445135
358783285
255244002
15303968
35592402
282041074
501574597
292404477
428826339
339380796
59243536
488084740
432690036
221311759
137699288
487554920
271057697
335046677
313775433
80262586
303271000
524621822
176115984
178960290
284855589
232935336
168118879
190827861
451021129
114549884
470301680
311889815
141238473
236425123
295126921
523854351
316204730
191753639
725624
309961402
106934919
154188746
191928217
107020302
25516026
205358610
237766679
398675042
58560110
515255353
208652241
131426216
318993555
458207710
335998874
406174962
525050495
77518681
267049652
423926757
410681546
57165375
169802855
234952953
442645979
424264439
127753508
51278477
490160682
530820898
154060103
370822529
251262414
482831117
425704532
135187877
72657093
235362405
40950420
204876763
104582384
115683635
454093472
117789232
173746768
506951954
379326074
32842311
318865241
12321517
501779908
522868377
290566560
234021250
423087492
35712548
230256122
76617573
339139768
437979587
405746233
437880139
15252665
223724352
222783817
23114712
508841329
335481880
260182056
396542246
234265907
11092397
464232930
228341507
54283980
174605243
225152575
194026430
94295807
150203372
282404491
70427775
472659231
315855379
177375831
355809141
382373974
323026259
99675665
8954138
165584448
17652095
360273705
185285578
386587112
213403509
235882790
344590506
234501706
268268861
88153636
368271988
332233792
8065360
292028596
461885412
391132929
338120942
304012494
193557010
406363040
302279913
9603242
359748235
318332099
37983888
283255909
70791681
312114257
384440396
72590315
61878776
37965371
458005464
171308786
381506742
457502219
22825064
111404386
185542600
303714204
363979633
294840565
438512432
359069103
64803754
148751314
456648837
171331434
274080637
355338251
110864567
134219532
156812736
214161243
287518781
498060851
126493830
4272467
462446124
8495948
291031242
444237935
140533453
440227672
277420635
131028737
399072356
286662877
214806567
239850098
378200606
428200262
415516262
403394820
342262600
408270605
317360288
404198123
115189138
169187098
96640028
394830516
422704812
376763182
444208978
264147719
289111192
382396363
325908789
181904571
536037620
335201339
449855723
237150119
88124268
25395180
438363796
335673002
180389842
76908620
139689240
484397124
209962185
507909262
12047885
455070768
141323749
332687376
425148730
526993200
176994767
351777054
148037720
372830830
344613149
450039585
255659149
477284348
359216993
280562481
250279296
35949398
39914406
385543090
386328433
496894554
284212287
170463397
38129222
274128732
282332218
356641560
46191789
102746650
509432210
71252816
190497294
299167032
465363323
248969052
97071174
396330936
144373741
135626346
181801961
449200586
232644990
47844191
186304650
406136951
512791705
266276148
464756486
396285514
57611477
171323570
37529395
89375063
904600
284585836
2080253
205885950
113891315
306007379
475543347
145313252
148178131
280444369
25014374
91385642
2947915
489712642
272615627
422583177
50180514
497987346
357276147
349593831
412647083
433483869
473975106
101588265
414950520
74451439
395333381
177970923
335220504
465269990
238331810
399409440
414228436
90763513
278903377
28393171
513655524
415236207
42354571
485982502
217848451
273385435
510257867
56125021
38141131
115882
133443895
28926092
530634311
283482255
258409049
84759668
107844464
349877667
169755428
236720605
145919127
502100794
102345777
510324884
21860049
2071594
196541977
162982630
454485036
333140623
443226929
378063546
366637505
401966709
257211194
124441947
77903946
452293434
291108480
107996803
302642173
8565611
321291303
229563642
224308163
477003833
6496933
14225110
437366898
253952440
14709922
438442454
364997224
354955014
362695395
425953716
245450288
3148560
427048877
17827062
134533524
262104070
358756213
377109828
403932405
126615596
94038213
28884982
71533202
72361199
284733340
264360646
527560253
527899865
55248838
316889856
148626476
315189394
160373407
349595434
509011884
34484241
223896345
457603123
512952715
407404213
32079281
304783541
306489022
215959050
521092782
498732650
206396658
422839279
422123735
388626442
130382654
360414627
226773326
3683147
235187132
5164237
224493448
293117612
177042882
368038215
42327625
171097137
501657553
225708628
169380529
140260312
330729918
183690585
3421767
355438264
426554351
201859519
261078469
518234858
404201023
291451093
49358087
221256605
67393525
332101989
470491754
209474681
339460747
313950461
123721610
292940198
470390256
527292470
499863850
189236919
509993671
482823653
511828526
505116611
408086629
338848476
432782768
195697340
91742570
435487012
426847501
289215849
455504484
136091472
79798852
421504782
333652917
532286796
377907502
278261921
394249817
168376177
350480799
74624814
290211941
100373714
38585647
281956505
259879006
503175931
528090231
383282858
146590790
4940128
175545394
217059023
338982573
16563880
101180265
360093235
122756767
358880464
330241256
236071232
401256432
137931154
468227800
487789322
502560075
336570102
445166499
465818053
130729117
330134187
410160361
119403006
344013956
192787162
409715441
295086059
226376044
332529256
386741220
23106927
94421525
392883789
310526432
16545814
370812735
526118795
24286843
218982961
449434721
47940495
455901480
191931600
279809963
264660771
377564608
105369356
285591994
167780337
365864090
496740144
68586484
222341213
127241457
448059307
458596733
196471601
442220203
484999131
64461578
29970480
203040713
395917176
164902734
121622610
40463333
148369737
180855434
324882648
405671066
54682131
38273892
23177541
352288018
73452606
300934048
426003854
358843376
95738035
82007927
73447528
87823448
276982433
449478390
44521577
221499514
480993253
453589768
108872918
65209068
115122779
76829365
455710636
113610810
484986760
73575987
288586016
73708675
531704697
203697439
83511195
274919755
207208569
334697228
523968228
56264753
297215964
28940819
519591717
118358109
67685054
334900314
185802108
1693031
238089152
194021487
280677660
200483673
420086571
27089847
62380375
471308351
133140923
221903678
279954534
461782503
498032198
147004544
487081924
277391248
114655023
226786553
199982224
226341284
80666990
289790604
117853627
246336824
193855796
283349537
219864620
152982316
367222565
405395496
333061970
362062065
254948061
425999796
286806096
427953287
217793055
174224345
187736258
299428046
491243213
318567753
404381642
88265425
302974758
114860366
399315550
118782949
514803977
22482102
250824573
309734263
289302336
449719025
14741619
285782646
235698784
399871404
144836414
362797531
416371362
387198595
463528372
500019294
273536687
139865355
344107273
305614925
354647584
215184785
442982273
188589673
124227737
426182289
393624893
49157444
339514519
34785463
125108538
330773799
121030276
391576039
163289135
385439343
133340805
283777159
275962901
225984357
519005773
352613968
411453177
7162304
119621910
534187442
265355289
348294202
395586562
184297520
317199497
236461223
516340094
39464516
516358456
141971521
85210135
346274130
130310174
467158682
427275840
90258954
25080678
149347089
241957515
371499502
82183638
166177559
450477871
2457675
353869344
467934254
487712753
496672166
98490819
61781436
86819742
80627639
25787046
500635699
422834471
202058232
128153594
323087269
326844023
500844160
239835546
368107333
276518844
373866865
365518492
383377274
52290822
351553649
434228832
466090675
523610020
466073970
184228563
406989655
51470086
393302520
477879127
37231032
165753152
65992330
244957264
484775010
397203408
212654805
209776258
385782765
408304450
173736789
401179557
5281139
440642310
11765136
518173029
129973049
205883646
162829772
69420278
25856906
323259342
252036605
169194458
123104222
459877941
380974603
520246173
31499901
122068691
406786923
51399083
45299780
157547412
281171485
512015917
796597
240514548
425454275
308036730
358200673
83549379
156433075
234210478
58619103
374412668
323233696
226659173
403196488
34773115
230764402
31828047
215283607
50136615
295468740
259718076
233263594
303457645
410521229
54399768
381474022
190435737
466362926
378396314
448490211
272548201
158565829
343535052
398444817
32497840
436540336
454780573
196496828
189801308
203749816
26057247
347252036
268215567
290169152
122873296
229998884
20745704
129864226
231825454
464955248
401844123
140140776
232237072
352660117
366901249
263980201
208503395
270251971
115342979
26302183
281172222
286253476
457392960
390911311
387485519
103896510
186768768
14204218
119411027
458282310
139475014
63537071
473349011
497109146
438939416
59369340
102486304
282856703
339860021
430745544
296109415
483977031
368782949
163451319
134733978
427964408
383049750
262488377
492369748
317128661
278423600
397541797
100864729
444507190
75014296
269910402
41325653
528702908
128459594
493509677
208565230
414856094
118001190
485469683
243507387
450408221
525482398
163950585
522211773
159252537
531569681
152242786
128815954
111382000
385452873
512879503
87913672
13785927
223695285
404913988
99340264
256387819
367644647
394483337
161799996
275257586
450779273
531372542
260604076
498839435
225451124
232704346
129417242
444770556
392567774
495688825
80305167
168332256
359334568
317983048
400677762
244423268
233854900
153298725
183567274
510570184
308979955
15980110
389494369
460633308
194578784
221775621
178163464
180544954
367897021
528013786
195430707
45331373
293984872
408759709
521592756
385273846
359656001
78952768
40325532
478084783
528698697
323314646
113997226
216463673
132886127
496558042
524554621
455871070
505712177
110923512
417883250
323389568
415269853
298850874
211629082
60628805
50132595
532769385
326086178
369712439
349355993
508685966
114042983
154600435
153318100
159955399
491184809
210295427
471598662
416926324
287554976
97508926
383967219
261219902
429695232
97284058
146010021
205055068
470584717
342265515
254438467
89785552
151265391
13752359
311470427
149664945
319537350
247135938
514563593
469522409
253848250
31352668
377758806
323253126
233733976
453713243
35708090
262813826
187494537
51445373
475356623
87131720
399641139
189407954
464471547
247233253
466178977
491487399
71779188
281476630
407057399
71327303
79287025
225338528
201853414
52240517
75661057
223046591
184189759
381927752
59925913
361705267
173581938
530248695
529383876
469035656
467739996
219424106
461334635
248355744
40480988
86355995
229247938
99919044
216383917
480858198
147234783
519829241
363268113
80897261
343203112
338689819
392991158
254756434
251874280
317692745
532032110
334470002
441389879
418082824
43318099
107168863
531255667
143966193
224560813
499408864
169205203
149693347
381948265
61695962
275586253
512823211
390155377
279237172
432209817
503369074
308734759
357709420
530283113
234384232
406284744
187872258
188970656
512656220
477526275
168900025
385080802
257737897
517355458
424280359
94943602
58806392
517616920
233532705
186767859
180256046
19233637
502012066
231569909
70291149
389938809
90958664
180082861
318910762
260296787
66906337
409934507
480738235
131228679
180416967
489736518
263245133
200674508
76329216
452776466
490977295
31608311
375570601
253369860
13552982
226117596
125075108
291511246
396060279
79876504
435402269
335301414
450360735
477030178
499630096
306827581
312032881
371699181
472798339
432404796
532463316
56369248
15901092
493601233
437552940
374884117
451071208
526243047
111120935
401358842
379488666
182801542
125734298
70789189
155139848
11026147
22791204
306904482
114046768
48821651
246708079
322053146
496644532
480805826
141239155
508847975
498717589
337789216
459612450
360301995
468440922
186716410
83629744
153752277
456801777
362180859
110610058
322557390
257386912
46002722
530709451
312644776
342372049
513411796
419099027
515455971
386194420
301035410
467005480
452311604
113921662
23118254
415400517
237677094
333615878
472564844
440409286
127390345
427060336
89242159
511899363
79733741
528951104
363876642
429114316
22298407
211198356
355194825
387612409
164183844
196921862
361796371
179714843
168682369
126331554
534263097
105735147
126897345
381905222
229288008
83576095
233569171
138331983
21666970
527808758
133842165
250540936
66973246
57083308
524354403
388048394
60154940
535671061
162040278
390886105
232713135
526367045
71837118
336590714
79228703
99580700
517122863
53056514
302778054
437016364
246051917
93415658
380209892
312597268
426840228
288140373
208092692
261262324
23572524
237131399
116945386
6837948
230824205
502951921
395772110
395176198
422689181
165977205
358058092
299876771
132069035
489140592
303220269
189613515
446291831
471937398
401381106
165152362
488778266
358925856
171839141
173228986
255491840
461941085
364121952
475626742
132964480
302979865
106234542
398565736
399871466
55050045
488778070
15776810
354991188
286635263
114191772
89428457
234418713
159677037
21536879
399699087
300963607
159947354
228727632
435970021
68864452
112121006
146383585
301719342
1644917
362820774
323485883
45541463
141237999
86029081
382917395
483833254
183417723
90712007
523486489
73053833
434262525
427201921
496644193
488822010
406718471
12862036
437653442
25208638
180255406
489111849
252745250
20130611
507383807
228822977
343127430
351065777
313378290
163915425
502582529
18551812
160005168
38136753
476074787
401951645
375968915
262424825
127235116
404423723
504901864
405225877
334787895
153456696
195629948
420503999
527567534
22266834
147425949
111886928
490600340
160920998
311274596
476992855
423313296
323679165
142076258
361399304
400060303
229873464
481089870
380529621
64465677
208390957
141731789
230781970
359319961
205839997
346491906
521794308
89844934
93037588
347051839
309981085
399177491
33372222
221573810
61673575
161774283
527138181
395386541
443866451
266333213
239260372
273004075
276898431
286262371
512201114
57654087
318325732
12790678
82057755
284518152
294945891
190408219
501893436
334503916
416117137
249313672
415836363
184947276
105004329
451396860
364385685
435153219
42900387
415145321
62503357
163384790
282077467
189093670
347374389
353861254
314329432
252215327
20167140
421236342
147421056
290680679
76009519
26812593
292123633
436184127
351075455
500695114
80612944
294610314
358082338
56336148
101996946
120985782
170099421
255296525
294133620
408866190
417059605
117277130
448702018
536852249
132061045
323195737
451166021
248953498
157012683
452682468
93992392
302101714
71682093
263649424
398940991
417159769
456585872
17797528
41838441
149453550
90948178
76730264
321474048
17002093
467443909
15258103
328514988
87665307
125439559
94475227
434660309
40720299
273024989
112169478
88278709
427566844
462666180
52588264
3344844
436208023
348270882
103959000
98195408
165601675
276191377
173250646
516551249
67317454
268512532
355568576
464276971
398703008
277176787
111604936
153516314
371165118
247291925
116777293
239876845
465181252
479078311
431069327
307943946
170668063
110614961
343906894
395184115
506556018
147516526
437843159
267420122
330995550
479525669
456056696
267206174
299655295
67031360
22877012
369028741
8108397
528619591
310889491
28734467
21977145
55479743
304098600
188781566
295934994
283183609
511958508
157367853
113528414
105888438
457168122
45972824
282853793
317414868
198557011
298905526
95659841
469112071
536045575
92317362
162252274
168707272
170930816
226335241
402805620
218575161
238936673
449673152
212319251
226987338
381648611
395835355
18241821
139387800
420311633
349683553
61539746
509282508
477830846
460701619
180231473
26580111
414459892
258299456
154036373
169167080
326417260
311327748
50239904
314017455
257146587
105460698
491725452
300225208
260546811
287322692
296746601
54283621
332540597
210545446
322030739
176377191
303818423
422121213
126964874
479446630
73777596
460330691
232661138
181621682
21254598
107290581
424336532
230487440
523682924
304017151
263554574
19008368
130035698
351114472
25866548
390836074
72077153
70480494
251973925
17884350
48526605
93251065
395843310
265632353
331928868
51076884
198867528
498083363
288678453
319702821
362199304
196030973
324441520
501841049
182216066
156665896
424616534
286713506
253971090
209042404
235482881
318830431
475317939
108989589
288931070
326910608
50781689
526865862
100810657
369645622
485769131
165566380
480261105
102680153
112392861
378378747
83291299
275878945
440250495
123342011
152863121
13827212
172053492
18004246
435245931
466692750
273916950
125658155
235734657
138158498
528539113
4847062
162657349
277567101
226256977
204836553
249084464
377454323
26886810
34870584
330965726
213295124
410778460
377934681
378143503
137614461
410728572
410274140
392991547
9635452
319318906
75666824
529619418
314296323
267517990
210981570
507430259
217875467
127372377
148330687
86118495
404215509
528827470
339900155
54203652
292133322
89622157
418978677
117722780
319024151
246005998
437288333
519083514
270770979
118318207
216583898
111687582
143391254
451270974
27030075
210573734
170190231
376466150
136431372
256279549
456095166
332242727
310484985
319831647
190687831
268744474
160852504
109494911
45489578
238814494
494555345
274932484
459280300
342453410
228733680
458138316
448113519
499914932
444358234
291980398
5107328
8677660
427371746
205948627
16894371
213863949
392093034
337143166
51219247
404208061
293389338
523322715
519885246
206905259
301188897
143833982
158820124
318775487
338923893
391160731
142973698
189522509
411897333
290714310
143501620
511629871
261186108
218145668
402105902
522070213
416167945
434482285
321489730
21965736
23704636
39767725
475663365
354383423
330586254
258721872
418864206
330151646
266158722
358492970
216267135
293781583
113422284
393779437
212423684
123704577
502301327
12154493
185448118
320459747
87976573
445512401
105423959
208664142
96523243
60865421
247735966
158630978
198783519
358730233
428542856
346387472
232399752
252477882
478019137
368756075
226485349
181946303
510547586
92641424
169753123
138860199
79102311
514006903
399261969
289609526
73845834
373215102
256709591
227571478
243165523
470983226
296143786
105506751
482489021
72377278
141810658
143732783
160926502
216597415
404446434
42662362
121466727
329783658
121749795
465629069
102772550
263506931
360127411
143303724
293254082
4727329
98271491
36351694
461186976
171561000
456293844
375190586
312026347
239814443
437753709
223561265
174951569
488527350
315300663
149336946
214563675
166754024
423023245
302278773
30408893
310650054
126496831
357195340
233955169
326418463
85427637
31164632
178903866
420351589
363970215
222467506
358766418
52322344
48408876
122407483
331924744
63737854
199051153
39859086
68880061
199734479
210010663
4038594
155859837
384067993
34961628
464959530
255040201
384618799
393652212
386281775
449789952
508610762
464662700
206599835
467930112
227267869
423369515
171262920
395686101
274135715
415886951
80927919
197794998
464004572
396571400
251296325
216067752
463436197
92161346
159183006
302460464
308704206
367258086
188152554
158706893
368775695
164462367
389632406
448149447
214729447
44955727
485434991
324617543
100743568
291938890
231335591
117629619
304114281
397381733
135276745
6024372
227441849
455857746
318335811
174807911
323371630
232738044
533496339
151795555
165767868
403974406
259501548
111246864
267419033
154757794
113137703
138435422
127070855
89990380
261775162
268954886
529436761
348993987
17739923
256683929
263034313
473533143
35196638
483404703
66455060
115397842
242061220
378000013
10838646
183033955
333105075
447321900
393160450
524381153
342835026
284569553
356833375
527757908
87172786
182906138
478973522
353762899
222372935
284193814
37743225
113503889
83281099
522621144
295956797
156753074
180308729
54492345
115169202
193971707
125086552
490973286
28986394
259586318
463636053
494161887
240761813
487577709
444961693
100852387
264643680
277031725
69341194
262069616
292845974
318465143
215389380
202199286
136432434
513820437
439409768
433715512
75612357
230058670
222691141
346239216
392801025
399699437
273956930
100500494
340019494
502306086
465754392
280439591
448633923
77556545
157268901
442495118
98519404
522228458
457728342
263620658
446332570
517486869
510900631
519219389
38247941
232541890
204189776
515367047
163735377
281780641
523239478
234248574
448526894
5687258
