203270149
164108535
302183894
141691901
230827035
105861299
440813984
507495984
463210417
70807471
4747859
490777485
232434691
399829540
31819085
110475846
515227174
207938502
493425793
316598145
31286735
315680725
442145299
61718555
88397441
130260129
161442233
145647605
241002045
198131912
384582638
409697026
207556066
385453021
505757385
434520739
82895769
318870181
5270692
1158692
30395510
360556560
288249559
482402176
386567571
382622895
222616784
3896150
432621163
444511798
320149260
140300911
389870953
476583063
410323708
414819877
297484493
469701423
348358168
138385112
225707202
119529966
291657087
444436287
526599743
456711898
311155325
158466778
228525068
343614928
375322019
418992062
342356922
267935881
359050842
248720318
59192914
469622131
259786671
500021618
470924148
427805920
404923252
534221480
486205752
169174391
273090139
363745485
465628569
6572601
396852993
33603766
146431361
234312143
352026661
203601090
105351528
123666165
244236298
391218598
18215686
188708692
286761394
32255989
209475898
517339645
122479107
12476445
63077444
88501042
349447567
308451314
313434561
500832291
505256707
517772067
489732728
296786679
277548555
478862372
249747954
443645254
275822485
203263491
204301130
300761149
61376420
316947303
141885793
311400789
117515845
14774736
157861504
509980934
134960665
180960237
455998913
192414469
211932916
535310897
34870624
410342635
35001082
187916278
233340347
473694499
79339928
349288824
218343094
5778328
50803031
401573532
309437368
445848766
279331359
293763398
330306835
130610220
148621172
234554026
270834875
129421509
478737188
496503223
424541685
98638644
214625222
193498261
29884783
340235393
521980556
150325622
419286781
412893237
91645324
127165859
499690050
78283046
398113645
482333332
21796514
95982177
8900829
499044632
506782326
182190335
19863949
274349612
247205550
484635508
136737550
149381747
504267820
469219732
318312343
226827219
131063695
316671747
506556526
186194574
102943007
397354351
357421654
194721651
451858586
453632609
349845362
361043513
483243456
172757576
517448235
90640808
285736079
244044270
18803500
318275212
199564092
388859528
324681921
390444714
174331188
504552004
469271790
64793985
54736026
27405432
385608377
116910874
453227681
479420790
172421047
530493256
176145204
71249889
89687789
87069194
81132533
476889089
153325440
16765237
430291102
185766472
536807766
104948017
14591471
503842392
294017585
443764634
16949420
192680761
103687258
350014394
151268212
322025860
169631708
90521176
65076216
30918020
58950040
202490018
67563692
530606542
75762059
96739515
11735357
249620742
83088284
134466364
518903639
10511466
482510290
38163991
205067487
247106208
171209971
205644251
458579830
195131763
478153216
303591387
408030196
489654493
493936454
463986557
222730731
209620571
209809876
93771525
264169631
331108453
313527892
275246520
420700531
96994176
223353006
387702999
236077731
225842135
464109566
420301569
374254021
497863436
229074101
224149465
185442045
279619895
56074774
470217515
66833110
135612502
150634448
408931965
208611929
183626475
58837037
151914034
71906250
416880074
216220685
48254136
319255176
441528246
334178007
168070468
126931353
35041843
462288039
532323239
401123213
132850183
15614883
116992353
321957672
316612214
459021468
455193600
508941511
54200822
104536283
436285627
306973556
357499915
286920712
304870457
384406606
402871667
40681757
175966085
379534648
73187318
199078630
147570333
451836816
114785622
298305127
27130923
253426201
249700585
514573048
231907547
296852313
535552406
285501125
145473362
291688029
19477530
406468454
369071732
528526447
34661916
354454345
178365608
218255464
434215818
244867926
109568184
430912151
403431177
348190100
474560481
238091663
231454692
121452927
64289548
54198693
16529009
489965342
221127650
168750544
155996437
224023881
484981710
215177474
218730879
410865636
240341303
194408968
212207088
382914572
246196511
21105830
536200083
135211159
69316689
325786080
266415430
218074785
114785576
319041240
311460562
446734311
508670446
301701297
427584834
418195916
301657506
176928792
36234762
208303309
201410092
474506059
139519927
352122485
144246179
386895652
467981190
413202415
397301135
54826914
300018457
137379562
293601724
412384693
98770597
399467665
534561348
351022867
431671883
179431402
269452559
417683173
352839297
343629125
494238872
401194826
141176949
237625348
461062670
380101273
312004331
379345683
466360335
134689294
473456211
510097390
168790490
514573595
502369025
367418447
335439425
38741048
453619687
104654249
237457757
121234900
161897395
206802555
514241169
309425961
149446182
525152084
236774131
34815605
30685261
77215614
516272397
260305608
241087235
426193057
81454692
271286190
30207709
147497698
352576356
536736364
117037864
281141539
147090388
345569567
53935216
183399200
220379833
393686701
370355991
108886981
73962317
292106934
267332465
341328770
120902623
472984627
517844259
534552506
381864088
49664155
436562898
274234402
497150369
479814862
536000015
417015771
415894844
277287110
142505397
83738017
313108643
259137423
340273720
457487810
266925533
496712069
497390161
185812834
154967844
330805739
167783836
184990034
148709204
339367298
347628010
60538719
176815174
70225234
42156812
437435916
202360241
194245688
90353590
352185492
44746050
324777759
90087785
523646253
236257827
274951376
200703562
158629212
536476877
217345682
27353582
130779525
230786345
388704672
155237251
453947895
379256789
317710123
440555559
459622310
112810960
189438321
5306027
390085053
24227601
103077575
187388459
509104857
336790052
80679845
154378815
323746973
479764176
55362989
43053940
399395137
508264271
476033774
239032175
302765455
141572465
122986142
238114880
148697907
532306378
234305663
75648956
50968368
458149873
475703344
508992198
135702470
524805338
363250141
214527361
434528036
474839329
444571054
437968460
125963443
531811997
228152501
416379347
310351251
66363821
371692863
290934866
363186858
298275214
329234043
182636555
67454739
142068050
277280362
211353626
366248941
341432188
409723597
114821497
189844948
22138051
490072667
201948653
203615299
208392421
370597747
48902278
397404041
13774173
410080402
29137910
383686622
484572062
325286642
271553714
278406057
527859631
327456913
163719530
232823014
352659068
468621039
295261216
173048336
108153208
99554764
118506063
219546813
166498822
114769945
477648352
419943006
18377673
458300200
316823043
411044847
525828500
99593949
172456649
244991754
376311568
25637477
508657120
77215121
224885269
486840776
192031157
108574513
224522920
160247051
384387214
47148352
519503099
490471695
173113015
67463231
121370744
35345929
256824534
95270171
84686883
514351358
375953354
127485217
519929068
305733966
378112562
60752600
192335219
159169821
253962633
446056235
241759410
11735152
141058696
59042979
418624137
320661506
229558527
458350329
262246547
91786540
472973987
36580011
394287336
213629941
534413699
105928907
483208203
383476420
76755301
518508158
80733426
139557202
179222706
65489518
501710772
342549757
153508297
284347171
49754215
125294188
301836096
344855608
362105861
445725340
234298581
152930855
79662983
35304530
33546512
446149616
280011505
20477181
14869276
245581870
63609377
475181612
507589186
190231739
408003998
226769010
206161833
182663219
112362252
77967659
339179570
146085344
482541653
188582952
87166898
499744615
391543525
297229985
219229081
343200803
17594379
526734390
334638593
235516013
177973973
219160873
436537377
465282980
513849177
138746655
196036605
150978826
208899824
404952683
153987415
476784669
387665541
483408441
296500890
166685136
129469468
430275493
125039024
513492060
188183349
381022479
26705904
5034200
122233896
232733399
527055841
331392548
268790354
389814009
167118236
352397963
39106456
239060664
500519907
70922211
435711711
115190475
224465477
469358087
179363747
249735241
332451000
272690032
9625666
163568573
468546508
36430992
42038335
50567328
403520478
366374334
34531667
244904411
401147189
354147381
67948273
182632500
93353270
430521164
135405868
524509910
485423269
253914028
30070962
166888226
367802034
354880001
19942275
353506192
235245081
172324285
36976613
439398255
293278081
499164823
317301501
168825985
239945450
18462509
456151875
260858268
10737020
461169086
354272950
29101975
275446319
352602832
284646825
247737494
519436368
431388538
346463013
35394097
123966444
495170038
473964349
223027989
75064142
25503826
421106773
138472121
170432017
170753473
454087904
67733384
414713045
365074417
249901112
300357024
291956821
515300656
339022634
451410483
272833209
122888717
260870178
130199181
149698693
116745622
162091622
478635383
397893726
14820809
533808624
118948471
431997163
129135440
214011184
355043105
481951130
213436430
147589464
278258902
409426631
417994947
427177237
510542101
473095566
176278429
88613382
186805014
24709952
352724350
118871463
397949147
334732944
65037901
412830881
109557954
117201010
36902834
309250409
272133932
368788555
353598431
517642619
418027422
239973600
512922407
333361054
3812621
272570271
529376093
486689306
21855201
155667434
360630841
118344413
255315946
132676346
139059743
162317128
496652849
291942645
128364719
277916192
441597486
234736226
260617653
201502018
425785707
485170825
436280538
487852506
128583686
78783576
408122948
227379432
158712839
91092961
206135182
313246343
40314763
299173015
522967088
181012354
269279456
45517472
525028386
341949647
529274751
264683109
343236893
337557869
259265830
37870536
327144076
399409995
126771591
533005892
179788143
43965483
246980878
442776850
351796423
246311120
442466163
121129939
155674783
102972975
63410360
397774272
97710873
143367483
400354701
95036372
74439978
26814632
120311989
229047507
432802028
13242640
393990394
49642115
27907540
186113547
46882034
136391873
77274066
495425155
