364060233
135344026
302392171
194716978
370537072
522390890
108256579
117221754
185689248
470817127
58267086
146702518
52126522
482470394
463451907
469790737
125080517
493641845
505553489
440505487
224908371
219222955
322497414
431252530
10454804
272577361
145518700
79769190
315661031
244246246
234873907
299273883
513608208
275733081
145834809
435725882
170057223
172302358
125480215
426534612
142251945
271889092
135174115
69554822
46825124
182081653
358590476
95293217
374718356
508246303
22237421
262622113
313773627
131998707
232477451
267159285
282314667
111546535
172892430
383264765
150638956
289578439
253393723
150952766
41143719
213670673
292473774
244896097
517293576
32027550
120976732
387854752
371553991
510945410
414039352
108713829
437311348
159380259
272935143
77271737
317899248
291244207
438814750
168118779
139039084
159593403
293953991
231112275
171740787
413553565
158575550
154770437
266833047
435925816
153149355
497985009
353648939
80132481
328689394
186421582
299962170
102135100
188934881
184695017
380309249
472110736
370101199
393269596
499898327
438649234
286429646
406078232
525530831
44633806
370028034
227973553
383525483
443913993
30687908
408920976
4582398
528334859
431284791
231019194
27222073
408023933
304137010
468225631
305506913
292419541
37494186
434128966
238836225
449784517
423028462
467965450
469640623
338339888
370577719
56099689
306764184
323075095
249854597
423887122
495860246
267188104
419865918
12391332
95124851
275747782
90887870
533002119
125810112
257500939
110539151
95674286
350408399
38673144
207507505
64989162
306791334
18025370
143712312
221787438
308576803
11356620
476019749
17672573
180636309
26568489
448043996
72156988
473404956
274771440
208388187
251713788
366772628
323841173
93186085
251501067
239938966
249028245
285681938
141981658
262334051
248252662
321062191
510575106
127627967
134058959
106033445
458364740
118111733
306416765
248027923
196591122
320645983
140859699
315098035
76118775
6359368
221984116
196277916
60497488
501812484
149326975
281276988
9872496
297526587
160843032
201659782
350637902
112735464
523404585
241457424
239373466
450203602
286503815
333382511
89665207
230493099
311471705
387604942
294949413
523361321
178369083
479640852
480343500
383261427
205116340
113144285
155318203
231846209
248232896
473473083
488962271
492310180
523358782
174008850
421735155
274875890
500299999
412607360
501345246
115268178
50170752
96989499
468308385
478272346
17635748
77364863
369929086
68818157
27203594
188200389
193120534
505936047
457368575
294727924
394638787
42940087
267419089
436563999
78108064
139101657
403217093
530625217
387435611
392617398
227997885
72114070
199537339
144360205
84748508
304571430
277189133
278630920
69573409
214218232
330868696
464209241
309544967
534299954
323549394
56407071
123828437
503870242
395588813
242578040
536118280
144556825
74302599
64019310
86058896
280617526
256342410
109394774
37607539
147915838
251250609
322362617
518926094
396747810
235032877
7845311
30211187
181798111
321871537
106477934
452212028
115966728
20847869
482367867
305330616
107972033
483523588
285722550
461522332
232627253
111436241
483973322
487603077
162371528
149319303
262448646
469813783
62682388
110037538
208027197
78861931
322218730
383038674
509949743
440372267
521535383
299725275
487682923
395158846
30921835
220387584
196975478
61145869
506134841
484743943
136321617
210261475
304751558
245575015
353374534
468186403
472212631
213079888
92406353
142154700
47070298
265092560
316193868
269109273
444575145
209272417
111543736
90304975
232659318
451339834
166581860
212187120
152119125
273902116
228387660
329327627
364654953
255876513
380935386
282830604
503816187
293309622
432383840
242527951
492879985
136387301
3786849
207227845
298089129
284861358
477049707
7205701
79038638
265051088
118404527
20938309
354168004
476873444
363998295
379239691
221322997
475092652
529189502
275049507
290573254
463462171
131250091
356324949
109041286
103941318
205881642
209923661
94724179
96886439
442275786
529639911
197252075
335496558
420844173
305040442
522370388
469005433
532041099
418078768
407286556
32225078
382593008
147361683
170180313
4197758
56633163
180976956
117719705
89682847
253409089
509484427
481856550
161220129
88227171
443853646
338934929
178239674
195355648
449880711
430070240
123501125
116226160
201581916
379635219
176996442
399462508
167159079
110033229
493435299
39926838
8908008
260578557
69234753
455726699
170655211
227418674
21244836
461217016
314981400
120784566
9188285
402632676
337016459
279273692
506949351
188688615
282266073
347426967
275792936
372761421
188224970
39337249
25535968
302923411
96944252
113427475
394972265
390330554
222553855
195193709
260873332
134092511
167042567
249301448
97969863
509976750
470838593
292280142
181899975
237877806
192649636
465113692
447438392
110391932
503058650
496666259
510278617
410795402
102542913
310050002
223054680
320571102
35150107
481103364
216028059
494583194
35523555
228628601
383805068
257372009
469792571
431096623
522302015
276396597
60013527
149063326
140196873
370515517
478644613
409197076
527279342
532332070
436688958
24866349
363162876
305256014
350562659
232905108
352279861
25548206
284614527
357608592
275138250
530183263
4796782
331312815
426831449
290400468
153700304
456432674
144310385
12085552
299690336
32513837
35068925
345550432
510448792
94283158
171849058
296049408
396690434
161160504
420462194
499618537
473657525
365749983
11824805
394272127
407651286
161464869
271092696
445354410
119328464
257992893
379666310
452725312
139361785
322034359
425395811
108559834
62532184
248122243
204606523
439287572
509943891
96244725
389627482
12930478
118946943
273781245
401447883
41922687
504900080
420445211
75591792
26348997
232109758
483186632
99123331
348717753
226066483
503809245
180680966
373340249
390976062
28159539
452369682
521762381
427027122
170363333
309519466
435818124
337118884
101010344
262563290
230772014
36812661
471765776
112053476
167947107
5711036
330155935
312468378
301767657
188866395
15311842
432800056
126552483
219152487
379310182
523402894
198349202
409488828
10471727
470545428
235958536
81716970
79993813
82270969
200178395
371555993
399128581
84646355
440450800
170915681
181444398
163539514
333962180
508737967
405195728
357563937
38296241
501321647
287923198
299759934
449377878
461758520
398945182
369667437
343993683
531031127
455088610
40249594
64036857
208532282
36307568
441084821
489212346
96104793
281719579
364097052
216131146
373109823
304276601
136032375
115908697
420900449
410599955
76111695
392203824
115329198
31545509
385052128
420330950
383508673
317467436
181452072
168599214
222736770
385019383
281984085
170659932
470581025
471866873
508961010
378743511
167911584
76827913
438593501
115463593
490980018
124222932
46596220
495312142
455641026
162880974
152782864
58913889
449887929
160599018
217273472
178384147
300472964
48123327
212623156
160591094
205576567
290511798
448083141
417748336
473507623
361580374
386089020
344984573
324263621
383740896
253792722
62846740
89735649
229012244
197431312
316948476
100776085
518923665
525855805
127230649
345992882
269325104
236427769
481706790
59066519
28583407
211220324
518231244
295801126
131478502
164956844
461858055
436361459
173368185
10933760
79021592
342094045
334614890
270540342
378864448
93603685
357794725
219294363
99102832
183512602
54006203
155685315
59410489
363164026
159404513
455503391
212796213
398507783
276259592
194636271
98591109
98043238
508218805
115644953
8538695
428569081
243237701
139871714
111217317
6989749
410254095
475783847
468896178
285254986
350293432
262275520
431932473
152939482
145997196
260931550
157362246
229061741
377563602
316916796
135101571
204501236
463070581
309486542
338913379
300152903
330777882
248577310
88671904
439747795
199755836
144888112
191017115
197622656
84294227
519903065
82431566
358802931
225841010
105886867
176130121
156467156
94186081
447055615
326728396
388143022
414676976
412202
366882523
37915756
382939985
312360371
520125936
414262110
67980414
332348268
101157170
413383402
42835052
291272220
205953553
318864023
98139692
404700238
41455759
148485599
215792695
469328082
173018680
85905646
454334625
231130676
479513022
358840607
162946807
325964113
131984019
444157917
181710772
64283360
390340257
137117079
66832215
177459005
35962310
118943672
184794412
302647975
445211841
60089669
43697505
341721103
107882452
185204556
22914819
49726283
499078484
328381307
77890168
496446299
7391320
359948719
270176039
392248234
504347663
435031863
39836389
529838835
375883329
250816794
151362092
117161173
400460542
355804347
10992455
337749417
407754524
257502256
193708972
211247865
329640352
290506181
451616908
474257988
464735057
223532747
358508489
457814641
148842030
309055280
217182843
146238153
275041969
214581517
117169967
49751701
480865544
338326979
31337961
89523265
366882104
501634383
16450966
280617597
406737306
502059288
441263212
253891519
138416272
423883749
464078278
410555676
20459332
438149541
28970235
47490697
46802252
315067171
443683935
458391285
14664648
274144686
329678816
5536384
21791495
412316143
256000923
426071103
517814864
382515901
468908553
231417005
326889603
486080359
329790662
196064428
40372556
533657477
116439380
233597360
101735937
422486699
493397761
15655114
460670302
404634190
282062803
350313044
225426948
475530127
497211724
369464803
341476565
192893262
266117512
73184644
351102978
28301002
5825893
435654881
396425941
215460551
231687105
240737092
60178692
231003616
398836861
455284
334605475
133280914
224763015
481686532
15790579
440600796
274723522
248011910
300476503
535094994
246049797
16282233
27172529
287814692
231283489
153451752
99506298
217002410
53875677
108827094
346415928
371566647
25111010
414124035
392015932
292734695
302957246
523113394
307025758
385027408
174114628
332351057
462900448
258257801
504505258
176688578
252944468
513223515
247495850
210174143
509942389
297973154
211821746
204840044
389151879
472302395
220746567
114605635
519521602
525932291
130092571
276982106
224451619
53249996
490515910
462777300
347483520
474878427
464739756
416981204
11687466
474462225
191879996
444220431
32485426
458916735
316342598
516081118
334345002
445847068
83934663
24594541
28755478
382477934
438598557
391767170
18886707
95739805
354029735
40676607
196073682
109055465
502854689
28167874
446769407
391177475
443498468
42766063
31863144
144636118
65378736
238781254
530162026
283034098
191461293
254465151
269547066
231336351
467276493
412763086
485037016
222894483
116679355
223056497
61227946
457246876
373176486
77870102
134881402
232761055
163396135
292191180
318617228
374020263
180982258
222784049
57054979
358128374
469422874
349431305
168177896
492110264
387828464
74167376
60835889
443825169
207703549
212186375
535442483
341526004
81387830
514732001
320867287
214222955
135522417
205929459
96450036
230147482
32845210
241248565
97273092
231742146
8702742
408418029
251560539
295980071
410300257
297379652
207639361
353591925
504921662
452514993
476998405
314841161
246710400
238967856
444784248
508982790
131875919
77517790
390142103
254578140
173451971
407789563
41331558
289896019
35661267
240791514
272085556
345191362
17841130
197064941
444599425
490386272
34741404
155034089
431624293
181687399
415447528
432831006
392031084
72076040
163469355
269614041
332177106
148482186
17123397
402363203
85374728
72669866
20877093
225437215
354626849
511606824
341108205
530118218
77047577
478667870
481519680
47028360
250818369
279431531
428908875
526334228
314154950
292693734
154352748
477353397
479990622
461050172
32375075
84436256
258812442
493073924
37401382
167392290
422803111
254685816
257615391
148192240
485898074
278529754
335699515
326828830
449698548
97465768
289606655
307373966
370687607
122983223
436375723
262806818
71950335
463220501
206039091
90705499
478944093
248052147
486233297
443022117
10983990
61807381
31275699
307726747
405127800
211089939
313620819
383448223
460028663
54524839
176932441
504033698
91267853
443374560
464292698
130654334
499218728
145967599
265859423
269002197
282754949
218064843
375930891
527932297
220004980
314835770
256910049
117419560
426831274
330163403
150627002
350675292
49160176
114962656
341474475
515442755
338499351
39416509
213123348
239495678
227277540
527421667
135049522
62781048
253065302
346622578
274893002
40360858
393893790
429062062
312763
463168236
28381141
101933223
342778293
83264147
437958272
302356679
526683640
83066028
28920524
214256274
106594418
437203863
454711137
3724450
384862225
385226531
86331660
11531719
239179120
291553720
129670305
240095257
422460780
131410079
164151330
495822592
102516434
513624447
521632538
482223892
162858250
32425158
324001166
10016300
485465224
479030795
304437265
160287606
189776959
530228043
512542293
277450707
398817865
72381417
89321204
10090589
181226806
475198271
67452897
380613378
226625900
346729514
32572756
72923543
54110358
278131471
520745
59790837
137403114
366821329
89034196
486075244
26048841
518107026
122383508
164623423
366303286
18676284
154413257
190210157
18853960
474126994
78662009
311478734
313750180
468293492
280815342
289491597
23119504
187735831
408807886
333475066
111521917
305323108
490556206
168881613
29984269
511295594
353631174
274020001
232520444
387176499
70213100
277947597
35871433
11767615
528534696
524103223
271981430
362692056
226356700
326028423
390634512
307569051
400239081
518855774
351491322
474437905
409069777
418524733
413612395
431219219
325088675
1225556
297108452
268468705
12151949
354311216
29564173
239397731
253610014
36522961
297596629
467138908
4785708
395596651
377532996
480449989
450050359
207379969
51599760
468994694
50442609
40729691
274931594
41633678
341553517
433159632
213361381
237308138
82816549
206742695
405188601
159558048
468209401
239192986
84014687
42588796
71874406
254081864
474203616
90216515
152023698
393632562
420651043
327731936
388883027
158217581
405976857
377692370
220276330
518173568
64949255
295847133
365992937
283146449
525519784
323365931
424112809
100849070
281266250
325667044
41716589
520489366
513990447
202153310
145011697
487028558
214163871
18094028
15545638
27671032
217470800
491341779
149460707
471629277
369540230
356601983
265252951
175921702
535561556
279875720
33630026
328303063
282738300
396590187
201355823
109318554
135805035
165585604
135374164
525715198
220517395
95394882
215416103
515101740
172160795
410449177
448884581
355289820
371004205
423294871
423845064
271898291
487487352
24195893
303148223
163242366
288474104
444678886
518262007
455245831
386537282
246729046
238961046
439986224
390360448
506015555
317910376
246897053
34403915
116255439
448141812
376350752
298479369
455853267
272305588
90193097
184120912
433566210
469586314
445698514
436213620
107911873
458799904
507352007
37324980
201430274
185802404
178391607
347545864
375809888
95796201
172703841
453697738
152977193
494131085
205566930
239451959
143894564
296084672
495992329
246666114
145954778
50802182
501668440
431954029
455506734
159651557
76191671
46798158
371307585
415834544
532322436
466996798
325487033
174745458
139317751
249995740
387471797
297176082
290207994
190323304
16507350
388874055
241538147
482486285
19915896
501408818
312739314
481086393
308979136
277045062
262436898
21369384
219737999
389360587
350343713
368893257
481111608
511594363
184412259
249913966
159661088
389334014
157519127
312167401
134213393
55629096
24897545
80293811
332074250
521755316
450913399
326738953
406737429
94070172
234158274
502879559
148501548
40467536
366267557
16140390
131216671
427689604
87539009
32545822
222688651
466624904
502420558
463725605
70624280
511417328
3685917
44878805
395042295
506149916
349379772
90299165
257703955
494837594
514097448
509733958
336356918
175963430
213894016
458722088
114316798
391168556
57984786
65606402
214891728
108090766
299811703
21004810
191806187
88745940
157975004
120306181
401973584
167556685
201781304
34776747
146013783
498540711
473541957
284513623
416811671
91146107
77672318
269743604
331227417
158549274
477751413
484852682
420861309
402773327
402602728
478275670
10449541
213803757
17633042
147827753
164614510
55214036
128655602
504508524
6600531
30927092
236740688
182780882
26594105
41067008
193860194
16609683
160567361
151839775
334527349
109956389
338815855
508368302
491188406
422812002
373561178
77203868
102661830
308922427
297243979
279435466
161380792
441855540
362008227
39285655
435894420
371712777
141336853
143325649
449790122
308787563
377085857
325965684
290507426
192260937
455165132
357799004
375169468
84204937
532601975
207681855
107706910
309164170
114922235
154877398
366184571
41682121
495062188
145734786
117787057
421003987
310163272
439549241
47209933
12231989
337975742
322746943
9953367
142225104
303913206
21342764
438888786
20200360
351506568
110563182
37077897
195043041
52224022
65801955
484408312
98120849
514142080
303851903
146260192
30169215
170543707
136863654
489038111
101947601
449676483
277764535
495849223
132315920
345066156
451325151
95902684
505759579
371854109
441876228
72533381
409202397
383290100
318054370
300010988
370540341
96574294
372831174
488913578
58959778
409934016
1864862
405306760
266506963
194106055
98843993
463614794
205601006
415654740
432078326
334519055
162638395
350248671
418841769
318663530
284755076
487606712
203101301
260105923
341250444
380967727
107731106
96597959
343874107
498762950
408038040
399856704
324241090
271184534
76833259
129410519
166921909
84309135
84025149
475823765
120980535
268156499
328749656
233300047
4685406
30565264
88625859
304289249
452925309
21909091
449384484
532487143
89509997
274982686
81582507
148924488
22636431
357199826
71065481
191682853
429607571
332208766
247039726
109212712
288276081
443362935
220385059
476138764
341323753
405211575
514925294
160303280
375628499
509231005
486555895
449424964
76610852
447514251
142758467
185218813
253001535
169897406
33059384
135014868
209453555
48735482
180075240
494408372
67026148
422794255
472269562
32911763
393170973
40263196
479288366
139894450
367658085
29526829
296447833
242977131
496313020
273101717
261858813
536040450
455864922
180403099
417842371
28815428
190428974
399236308
402150866
111067972
40036432
24663975
189962223
317814362
263717930
89583108
319267005
375282636
105741300
256565039
310562003
136004265
35146407
80252325
434155340
308652554
77584544
134476438
467215320
267211022
278955456
207324352
61373431
119773323
479107123
94066367
248057525
332869453
471420005
350901169
45942632
395887101
238243820
368450223
325051393
320603018
158109021
426869839
74237320
515054456
29547638
220799227
35393141
354563
34559277
230634556
339502560
256811324
370239416
134174711
439133204
368174431
348908769
361008761
33664332
197018392
494106427
525861359
421345566
11199631
115419591
297677227
267478693
287593961
510383808
36194323
349541257
197797722
389106737
243125406
28070362
379393808
217783422
147917757
521547371
410743312
505627806
494920863
118638058
268536058
385502093
87054661
493435920
64524925
505119946
241650105
201854955
419106469
233450757
534702729
155410174
57676281
255396457
436622097
442741513
478697498
50376574
521593113
311267591
408646095
453585104
371786253
152531229
126533256
36494039
44449971
281595466
496942286
230771179
517168844
257455254
361179992
333358140
213635156
22868299
284507144
115167570
417807939
92027303
431619917
151945554
139653552
337929981
444197775
386200783
42804823
408631957
127036903
472737269
172813089
404945255
113256406
162140770
526040413
484724079
377422781
215048806
223958532
62953395
459853630
162190737
476252374
324654108
302768740
127912819
381102215
109415579
383109276
125080776
157882376
139463951
276627120
239637338
184809003
508184924
166000790
411522839
23191820
40812533
501050488
43581498
333046178
173530627
373762174
461851146
83968468
241592837
406064962
165032912
427840894
37632786
469037740
194695283
480893532
329734077
479677597
299107373
7752019
57366539
385304375
344345580
94511631
258762090
497231328
516602753
58565757
13727361
116884257
473748833
456557032
530702643
189211676
427970153
283236579
396027556
419879330
420090669
430794919
238015651
321891910
390170744
379034701
67124631
222935292
527209374
87405457
255190930
501842885
512451716
90682777
124059648
132769559
214903259
421483387
245409091
40638552
488019637
26053096
332370522
9426613
209235592
463486831
12964213
425510121
14567184
321049092
426902079
258539191
57524045
84078344
449195497
404766388
372728871
499693526
161106078
380938706
287032445
451024175
234267467
4130043
293821965
261193402
167872842
117682001
106153702
517102502
12205003
368260391
431047202
471420621
295873690
305407834
320142044
348559929
53971242
405941679
46778228
500343264
401505396
20492966
520008408
465991716
527374479
478317424
402886268
69266631
83368346
73491259
344341416
239939835
25837508
431328484
316120406
469745985
235017973
169658752
519765774
511834458
31820713
84287963
387864543
459593357
269576104
307873293
507696617
329392064
496377777
502798377
372249401
357054892
129668344
275081414
266001969
52074304
416956332
468052588
140771909
299116742
34475364
199778611
198465291
41169218
4834299
175894722
467342860
431938283
485514958
119762721
85446562
395324928
170380373
221357253
462690181
385851284
297755554
25798129
34104674
431053733
498121944
323149049
222668456
245262538
156619771
109760927
192747383
155309903
448871663
185817103
385515947
66374139
216344439
347585661
369267633
265831087
6099650
312172215
296967997
402165036
188403098
413015197
440095959
190029089
441779465
257596054
171875563
531838177
378386664
193736599
510624387
157779721
144168288
119300906
423374522
419103187
500768512
95317604
446679452
198791039
430026346
522335243
244476641
489763133
285860918
441189754
294049510
437520134
22490460
26817476
78126348
22191490
306305307
318449208
40660944
378299498
461427647
149084009
352115249
189888153
314363120
99573729
394877979
428762883
375074490
425209033
414679238
250654070
106302038
10411592
118478333
90972531
336890887
468943871
127410105
400760553
1471388
345272875
367305947
339534854
479525202
129210102
323152236
283235346
292742869
490157365
180582114
399927977
481642640
404552562
383871243
139476293
290084212
121943181
123257517
256039327
11887362
435512023
419601663
162811372
421292754
221184830
216866815
396240787
461324210
178056161
294999555
321694661
135048640
346579233
252946868
454360800
317778600
344937570
365388245
307043012
227418997
247626285
402115857
351009041
102113289
425539368
311326771
355397367
266227636
272862308
246313402
154065432
94973930
296898216
333333004
486679246
136821582
373723739
244449030
5911401
257906678
205074609
304232215
499786171
184178652
536370169
236807480
82869999
222093103
456817851
89641773
45928309
288787220
158318928
149336679
204844227
258664638
135957623
364856480
47421334
199202877
378491692
24316993
153301642
55267869
313777792
436479112
195342701
500989657
310477861
141860208
351284928
54980150
65929499
42722955
478460671
320688849
212477946
511264837
280801641
48916530
252408215
355132438
132270399
309614072
406066174
206245739
295751982
198010293
7970975
336274134
102909733
482314088
507369080
358270673
181775657
252433280
193342649
20509727
17683747
435911903
381239734
367054846
409239482
89893642
126141088
406333194
107541893
176853743
172393552
511372257
497843706
411445517
304830592
468540068
375749754
470177172
473792079
399110552
429760821
511646564
503469773
380207863
526565230
493493561
299815679
522415325
31604654
281130636
48095069
71703445
494927144
79139494
369841058
26127714
231988545
390304039
323928164
424392576
346647260
215396579
57154284
123328527
462488882
529359677
168544530
447155896
340384026
397625672
133447162
141996199
113131710
155019852
386524324
56452519
310069476
18268127
536707184
7410900
503094011
417893928
184537354
255247915
228983918
496223250
205031783
108996374
120031364
434301490
335262323
249676540
512558214
83481099
406975166
458283292
134410142
80564180
298177270
398452707
398667165
52767227
503477113
518889973
511528340
427436804
181455299
481046792
480377594
428361438
87923097
16835502
285594078
47463373
301131598
199956703
339963031
164870400
252966379
393118845
335615638
264415378
454791167
135986641
167381989
112288084
391505616
458058668
48772119
340226755
497887201
250090611
95070507
488105159
251696369
519281730
29329996
407008189
309103888
485119771
347206237
78169507
78507685
313203285
267534877
452907835
52135591
171220100
326792922
101978761
63586531
330496052
131601378
23434481
306386471
102417986
368901936
60729364
216846703
501153248
72142547
524927463
142338868
150791233
349715319
190405222
104638120
14253167
144626454
67991535
500337537
39450303
505411000
22072162
123003704
170298536
209878516
6885556
21494587
489755355
193040318
193325738
303296621
44252520
277280106
60311175
351427671
417885699
361123507
11038802
468131504
319704714
445684401
59574505
275129748
529417159
81025621
305147890
229744657
223477158
298226781
266134641
513116945
267111578
418089994
420217991
390186942
152758077
377361951
95438014
324842197
254340281
21022175
347804280
20241227
85113475
156130267
39874851
171095983
55343221
304662446
288516826
349731157
367773371
227664576
464731824
440989773
211012779
123748161
377762710
289395776
465894574
168582616
144393014
174005088
251698191
305880031
260578330
161166808
490108495
429546032
470246738
511446840
141779176
190453288
145590627
272742136
176032228
239028020
468679883
466477007
414042238
267766310
275130098
479884182
454185424
492361790
365153225
336365586
495224825
94941289
285964560
421083019
205943861
298839708
254872211
471665349
219025649
76468235
399773377
393410220
323546491
8685077
291953028
535934879
264281819
84734587
77573993
58344917
431620507
296544028
221782201
487857779
401297044
294412348
161629054
102764499
110163953
293939312
60964991
370630322
493393375
139710954
37085584
45757417
392743739
433701870
121939161
423696517
324366593
30971375
520694107
365505735
359593497
491775736
316768278
328171579
418777214
242534019
488774686
38931963
359183219
349323215
336265187
385199827
221487527
422788704
226614902
317092443
472718753
426067509
317018566
158620840
523574876
354187672
346691228
131565393
391118019
312500956
407362248
240329855
41852455
457250804
268946085
485709619
415915795
243314822
475305462
447548480
445656585
112601793
260315735
82000714
13788378
477515541
339287413
145448514
299869913
487533414
97664425
182790142
240203224
210272143
496068567
447636026
79960918
297331540
142662691
460011363
133488774
250915312
402171407
395288083
325368469
39473124
431085067
13779066
44126711
439542135
349802718
313465996
84004823
217272182
477242159
306858041
317870188
368550833
412068850
402987363
269793001
218168417
31234349
344147918
380652414
330986778
226122062
128152320
339110614
491757412
342813221
468770609
34724005
489103835
156069445
84042777
184064563
100235277
47330537
249018615
323881139
149577414
455439764
252518713
164138914
158637316
340617088
264112830
511297490
41642264
440148486
72434049
439523880
186475595
509480506
425302789
240486236
505025237
457722879
183663758
400905643
434768313
36160422
442689383
31864226
482427439
314989805
354529636
190487320
525420964
34884881
89813442
180006498
436905120
116037035
93756283
289980631
518121184
475539864
88840017
146595198
326984462
187607683
98776771
276259217
99603018
519486400
149624989
62100847
22814765
72143739
115499436
200274396
471372225
254118168
91868122
90755120
195285615
341137959
469886011
187694661
409312401
515459896
136700551
256802004
216719781
293053799
190809268
489767074
227715
494818193
512461468
221202876
421439123
382179624
72255263
287755348
171365948
327476934
132921036
147050951
246136023
331342378
169395715
514210305
126175577
278380974
279858674
263576392
458973890
267536183
228758818
175787777
381154653
422779670
59703217
406291484
109783140
467822774
535476839
308377396
471440462
202322174
38460787
221968420
32063608
366458043
293899350
525968075
246923790
44139776
245239443
2285363
448455874
106188306
342489813
77170146
477838919
111609768
208518288
30015755
86032944
112367863
34357750
203731430
169570417
117612571
257152958
527882622
121318357
110401342
497714902
180209329
117655333
350721160
38975855
348548090
103709260
242647529
199695522
461121706
47600789
333525066
71443298
65592561
220538515
337359565
147142593
49514973
435315126
319224825
214814492
277680956
444267208
95069199
428866475
56786513
401130142
220417078
80272753
143015481
328479107
366736292
460062450
460003460
57501988
116002091
140425554
285940115
409058481
122486032
235047697
268725260
257243668
257224166
258837603
443889222
229446704
530225851
25618018
409962779
426055901
157717278
492927512
525143155
338875969
429486822
66323667
120154360
235376147
491787234
398170277
17738039
426397956
150965423
10638798
331960683
66833849
316925389
193761933
244354770
322886581
411447854
197332605
520269819
330893194
286867281
147968368
162613799
240576091
218408663
144764771
197285115
241872402
331261309
136997174
167289015
41894937
149334989
300566008
40008628
154682301
38999971
266351549
331133246
16176364
405859090
441113252
223518106
18700034
99454006
391578003
410146275
395564773
56766495
139668056
363484765
221271323
236641761
467319663
291594371
501924505
226522228
313654800
190882187
519042076
491227206
314160422
142643557
294311553
73513721
281580243
2855361
6778584
404705904
479938284
370204207
183327939
49872612
239759433
5314301
245729316
531966947
86657265
30806353
154223507
131631369
249767146
43006093
310059204
59684952
230051221
172836174
468729103
331358605
82188579
274811581
19226108
303927678
48871578
406013793
128091680
130117922
19770599
1295193
424268901
343452626
154497280
152750104
45337842
227955682
470296956
487537419
129313076
231261156
319139150
534922500
400777889
415518826
170515339
21920666
403381442
227689673
361655059
340268737
288742510
395865347
203461448
28800397
17872229
56192068
15010836
168850289
232380166
440587134
199480309
203875712
196950845
138480538
480501369
427632370
129510481
103573968
165624430
46205314
258628946
219529403
275674693
525909898
534783622
514013757
148041306
43607617
487994848
410831686
160446340
301287612
508104054
415486210
319104341
346098834
285039929
436608526
292647202
183551747
252441608
517574958
82881888
294745669
438579081
447129075
185000349
389612085
359461141
87068217
192696814
217258689
79849183
413897704
163424868
245983169
157086785
19231265
426677516
75527996
20626156
198272878
53252698
158780960
70495141
513939088
30478503
189868666
517297714
530297825
136279525
405966363
458923206
229013682
107138864
492982109
496902176
56633364
189637335
272388392
283542250
350560732
432091422
253659477
220423153
258273849
124432631
521460306
228586396
309187812
423778204
383496769
109298870
401546673
341697935
127643603
19227559
467854
134636774
27565742
444717120
145588449
104831648
409437499
77666955
439203523
400862326
269596094
152840611
430513574
439297558
182436343
197193387
188955782
86895116
490220546
357423685
510513890
394448088
64883098
506834020
84865605
446325588
532937224
325351458
413833573
113863010
400497168
259134085
519375023
75237813
505352974
283385669
129401034
430001248
268576003
36744811
209077582
267718281
313923921
135246494
392699922
361142062
370492850
215157329
400050558
487002344
358767778
279318502
196712490
324240730
40567261
86292284
8161482
353018152
335264598
393308979
150195360
169254573
425238181
147900411
97785307
100003733
357525207
222689123
179938456
86795224
315489528
535735874
148708823
236557111
378223844
513359039
46567863
300268284
202400100
371784265
508116916
389031119
266357516
310410364
159762160
389664394
37752886
130705353
176151292
377104401
359575727
215849175
208241550
356955177
314514353
335895267
129503718
373714130
372535693
249894113
1225620
241971132
65079021
90529538
244723344
30591568
67040834
262427343
450998327
203275953
287128850
164256956
335413630
32835037
198007081
445927015
492565920
394070355
66851359
136623032
516938158
372271618
262310537
417546510
245848339
265336047
123196110
118172733
17194821
145353072
184084851
322933125
140564775
298905409
135131986
522679997
500779398
28127556
519265677
169683831
281374997
109617466
264305274
233248654
500533991
410567263
384859957
391162184
73349316
179493933
389754935
453553088
126069283
230436806
249220983
15957274
522715046
31171457
357867978
164912116
51750139
481792051
340958463
235985284
336369895
284727236
26227457
431433885
156060312
277373058
120436348
306677313
230042801
98741251
279884358
207181894
378141970
366142853
38698663
289224641
302424338
199400105
156734545
167412797
202909175
524158656
315509749
109289057
59470725
82883038
361422831
292238522
26535272
287377551
163805424
456904532
157354070
299456569
168502085
166979123
289941188
232598803
399579809
177253799
376552029
55882560
341690344
532295704
516022391
163380790
331564110
348261323
209627278
353061570
532170222
419990725
281011967
145633952
27810886
463344522
366762909
156865957
483288442
238587699
46862597
506478690
242986916
49815902
95679993
289061532
312058580
490454971
337245802
212221729
447290918
394655020
428941563
316339631
510421624
406980045
210734502
63315305
484914057
315694015
83044667
36065011
472481996
160053777
449553026
454239091
53226037
33010128
214790995
313862518
317958760
404518397
247602842
490879010
509029770
227362077
443261068
265666908
448080931
258394490
85423527
374513140
5142710
254484963
458564766
113119822
397149369
75883167
502912308
181497755
315891813
222018870
402436999
190936809
4081536
297472327
334296801
323021260
40526301
43944678
187686594
473607926
331843633
235308953
420828114
157168361
299626093
131229775
145348586
388363521
436070938
7326331
372346665
536487652
158286913
501635772
58230151
223917464
234189959
356527771
531141316
339083697
484928148
270374176
69096389
291941234
506803497
460819149
512561774
109136255
94139141
448192553
148532049
267888410
1286614
160129270
215694704
225988927
359722630
187403409
329847474
513799686
187862762
449907644
40954970
179158760
165115626
401940504
110617521
104084421
418843870
381672015
90270166
195242668
433185890
493173169
180124029
23910593
251718004
241931925
291888020
465465917
217112083
105204930
461719311
236076303
399149058
438919635
239438980
344250093
472331021
305841519
468875490
416534489
232565685
244292445
59536823
495852605
37319936
460147891
481571859
376430944
117749974
345918930
509616344
126472789
102022671
119601733
260863526
127605799
48398839
295101988
149666328
84097120
506591900
61914024
349991969
275910253
92019695
434152052
355889511
89686340
462472710
382008043
412560641
41659973
79271394
87599446
514561617
154171473
106852723
523159508
22574116
467238024
117669306
235625263
33210335
259862129
190512269
291172921
56213218
156992515
215252758
177949635
283148171
515847074
150642065
485404572
407353764
282003756
235358857
135912245
459796909
271907411
364852247
508729758
496829718
136256011
294865506
517454355
527988883
104653082
257611210
174279686
202850406
214071205
347750833
132220622
169749430
252847464
99395043
274789311
378501595
45719718
13532484
507917560
142888600
325646356
333573701
280918427
177747127
313977891
442842622
117827272
407823463
458121268
403826328
100553258
242367728
186747405
202598291
340272197
292206748
127257369
56892829
461973691
226015685
278995973
214778705
506764896
4601793
93249281
366382003
444953537
242278781
16728120
398660895
356709353
486254132
125563471
112305054
139180471
212545408
67221097
137891529
398119852
210228218
388037678
208346005
62107368
422381980
476201586
119928369
206671287
486685822
279202804
315422190
115696095
119781565
160293277
287832694
11985688
119502476
47859846
222484355
536385738
472407715
467124466
393769116
181961301
269455462
144351159
135907955
156926082
429665459
161282911
304762740
258574650
106756608
65606510
118447395
220652657
48501681
177705708
535093141
160891148
98078253
19454039
383214473
182347855
80625835
318680661
482911498
530758614
530210749
267469114
484426524
359528528
165940286
504772483
366549527
520092505
243614312
510108806
25319705
76902031
85272094
19756022
201647996
502176874
235678697
351681544
442458645
290095196
486521698
438373191
265676488
270128298
216170880
91999541
407601056
29007467
375771089
415298389
2143702
440011773
276866280
441480730
216789074
428637111
394998063
296799680
290172682
248219469
262091220
178146929
285082453
231069145
68232515
219230163
133806961
412198278
242623112
73015376
377922196
417863144
235741315
399223131
389384249
416837242
193828463
67437969
498176351
152833214
133338462
220403167
44329808
339172238
351514369
22913107
187135331
121446997
487922595
535802155
518779681
462911119
127952496
158034229
381588750
212746522
48525822
486764413
163438923
12278162
232328818
186343450
293290080
92825798
504377718
435669433
470238614
271741782
251291955
257489403
234611298
534387346
34161401
10777297
437556361
239533487
252235818
100716674
5412339
95587506
308548948
409231944
120949702
242422471
390386474
405544854
503448973
489378377
138859874
309506609
456219967
104788062
460730562
385650183
326758989
82514741
177096105
56598876
89030023
264162853
510351053
54325933
455173935
101177862
330878510
312413331
321591186
472442799
474007945
29252447
385509164
6656972
114894567
362342872
276331289
296393579
531465551
195922144
231300794
54328566
62355810
480296725
122146363
348545095
162956340
452068263
271520625
418639957
493294216
304699022
18963870
531708712
85117180
252520703
516070608
271395595
122281792
52467881
5433034
29767282
34339461
262740355
253615606
310260187
121224672
497513993
195413440
265514702
512596323
114275783
241392610
446124280
219395181
229202652
385094027
427701686
56641461
397248988
331759151
137579111
493861997
251786936
326715826
330933396
359121602
499586843
410134117
446948817
346285488
165295617
458766638
459862226
395230684
346514966
334418130
376299094
163226553
124999175
286248864
117102595
535027791
501259500
442896543
457760252
364795863
150058075
148696076
21041452
492142434
249003399
390958337
418093667
355182307
139548980
24281754
284354882
381738895
375427050
59734964
328914544
212641569
26125099
102503052
510859932
416988686
99025578
37507523
536341380
99141764
207844101
457676762
311525988
405466070
228725378
120708568
503193982
466028273
417855749
490825480
367157573
134626290
510019567
476241594
338871016
291830559
238065856
87993665
102768075
260691123
73733793
181218578
411150409
379683018
439731548
346861441
320212191
515280687
345652303
507547059
122724347
185279613
110587441
368413314
463688444
367587183
132654467
126715575
253770004
130178953
182950568
116992391
25272939
40390020
320162462
300036956
465321384
244253957
264322031
505759526
486864581
523045578
218719446
74356528
433149937
342807585
462634609
466390720
180465148
371010035
109104346
399302850
111929622
480719617
485617862
214879025
247414335
374847849
305979266
62630010
237881599
401809663
13380325
151764363
96508384
123710887
367886215
441822387
402350323
396473527
431610258
96304061
529734505
257032893
178175726
247718683
258916123
522266719
80177712
416707397
16994176
260311206
380562776
266894750
322163237
507370083
330840360
412253886
253589250
38515015
512956593
444397886
499981025
118123917
380144832
219074408
493875462
427680974
104377790
236381834
264271455
228563004
359318042
487441124
105596111
321566406
454482064
125284777
195442292
325067808
120586577
224255419
195290774
326818535
12552263
89915468
358047939
287083895
519496950
34765619
506982189
116748353
496655919
518406535
461145323
435917783
146654381
385170338
100529980
236781812
208467425
224565745
376088095
287158031
78857502
76245162
13973725
414035395
15668639
139875400
390781383
141642556
162572456
174462105
525895117
273858987
309485797
34022717
254844058
207683193
398268753
19242154
232674308
54852443
317632704
287378572
53677460
469853657
237342319
335267897
411539114
491181236
217826743
448807497
394974530
297622424
356270826
286284920
233131390
196566707
218247594
470965330
21421057
250485234
80105711
1442811
346934263
85053836
360935534
224712188
358566043
73459212
45205023
440518202
532047377
242526995
113004370
408014663
496841546
532099456
405797589
20934531
148775412
20379379
382044608
224281634
11007046
191953691
457067733
279817771
412737716
113850307
81684388
284533007
500387045
490533255
210971465
19891057
371089929
292897100
204967159
407351999
278632821
462405486
25506193
122530306
6792825
433015688
183815863
269046252
345042736
178965480
367148082
401892108
60818388
496635025
455555206
303957567
483929047
362950821
524317838
159163608
37671301
343618284
59365618
249842264
426171609
87030858
83968854
220919219
295802681
373166032
374116097
286632146
319929344
220234591
249447619
458750798
72747955
434444048
349725724
481806369
260673456
454341666
283696519
155936218
486381229
466292590
187634901
155739223
268979657
119021097
81701151
482553142
51650767
362981489
124659454
439913622
52173025
378749883
351052765
90469836
346004235
100273330
281885533
39260882
447370193
425094410
367343859
405560116
87023643
536150810
536783105
514239249
509202950
451333103
83506165
195668665
286673743
524936366
395129317
301320827
432824312
442181494
37086672
146761956
157888991
422149938
420273329
21398484
503708351
128296235
389352009
381572019
58496240
437450123
493693546
458583823
497750298
185418443
80506757
166063691
172587649
470069731
27565655
366754144
352842026
344449381
28902714
134594645
475530647
358095439
503747405
124938630
354901714
424358239
207112392
69032114
166007137
407086546
50103303
516914581
408393518
380544604
442023319
205970348
387443242
373635116
308068087
441786620
420623312
33567614
428999099
19743935
186799727
325434374
12031976
227174627
248419443
104417974
478618716
360187246
179260226
528679645
228706807
122403307
123268679
331055453
86003345
357932501
263260019
93916039
179812961
342672957
284480769
135240405
501080675
185988206
103986402
211963845
28811459
534236955
41292543
526726489
170668221
86593187
273867541
111577529
298805764
524235038
90581016
530889225
332105233
308197238
80668471
468298703
497656545
466035235
409057276
80493161
470189948
473147682
436226583
131556813
527276831
348219611
102727364
244430606
393456987
456416983
376776171
103818783
156857236
375173252
159643510
395268258
185849133
163543364
124368823
222307381
187139172
448107437
125313240
3729652
143163287
258761935
16307287
245100580
406767603
335786449
340995094
518015799
506026214
493009514
151983522
2108366
502727911
3647899
446417776
202667702
525610732
266854568
424542366
363742373
65132918
33088145
479848506
156407571
461080800
510364247
184335925
375746434
530543070
490797951
376596089
385813525
253220751
237389001
429126673
92000922
243688017
187097255
282722554
448220718
269605236
331300508
166733071
315342104
283911287
399156310
449725713
320005887
181956921
187610721
290736431
20476556
155882621
3789790
298246748
163187072
77081762
85302758
42033336
491730714
451078235
349770643
466404450
157713616
90039080
494138566
178603364
75947306
531320190
419704118
377494242
66041447
244411450
488937536
527926761
149926929
75008369
193394570
46960661
239709175
461058619
174388908
373721022
304503406
113408338
363201865
224116180
8429245
247069750
101776533
468310023
238444931
14157353
383666786
525111315
476584507
265560437
105875254
80070565
516941993
209002643
304957238
328202143
361984166
206805385
183177159
491676917
424372881
329217015
273650256
218743904
208006505
105360114
119563323
236091128
40627737
309591897
140648827
423828130
241856790
191196832
162556358
272895229
18427681
329385573
402269559
276727355
503823958
157652234
322643240
144175476
536235127
24942052
496687254
351049672
26874798
418209096
483913299
298409100
92844001
251653962
91530757
357695556
430478554
477702922
29980081
410455823
517938546
473635722
445242055
222578692
524669510
140311944
44170415
42703512
166737961
41406281
160105619
521365275
400408253
506726717
528536968
261127891
518573876
118806099
146349581
260802287
381995057
479758150
192043406
127993334
426956578
451838324
59849571
377496463
43679186
373593636
309080138
72649972
94534645
38083596
181824471
102608602
219557191
372858681
263498121
414452696
392473829
185149633
372173958
8663567
485495232
275426466
169238522
460934516
323606183
402860828
182262995
54779407
42730434
132612364
516426969
305173703
522109081
455767671
155264427
156171816
265390414
178241376
212414041
292027864
529538082
50814791
349893965
127572084
439195735
523356204
435734162
106046045
195607444
457351074
54789662
154869224
426943147
338366973
140175976
22567349
360830845
242586937
482571804
224467866
509161143
121026387
313993502
410182117
43487079
347247021
301559119
138067243
335853720
516982405
181111969
399393162
132487815
135814437
492766626
367906404
330956825
283696616
235028841
193218556
58537399
507344845
1650889
281198728
403248449
33051852
59564635
471637056
308949285
436484644
174846688
292042878
113075864
302952003
6916383
206421969
430353853
93202711
415273154
425106893
528895115
46216668
130272676
89158112
149319354
28558925
401857245
146667121
222030524
435264346
25555096
425303822
66816623
255297007
155759852
205916430
273003168
113522819
401190887
304243630
501982890
418601170
346390364
137933349
452004664
105804932
129018226
48353532
5423927
121958556
491561102
13995600
504502051
260837053
138083831
21752376
173233672
15200193
114050074
87505441
449388451
445079067
197222316
529219268
66542204
3580262
431055972
251298209
494520466
22958740
317176420
113612869
314037298
173106938
361237250
360208862
381888347
501707027
150468658
5194598
250349399
97511213
7426757
215083742
235679340
331259813
289640123
54855225
169383402
279297873
219289414
173231151
514944290
199903753
392071006
479925756
311844531
443761597
528234615
149395168
265720018
475126005
487567003
471547405
10376471
254239454
92705908
216522732
435654179
21956793
35284498
467335361
453740697
212795423
160232261
454757358
258955080
19472108
354632798
298998730
265583856
192995275
149014373
405183255
117867904
24818259
365307720
15718791
406531291
140694513
159981417
172763107
402558134
196033815
289947088
502422224
222165954
62875115
171969895
440807360
104759216
402623325
220226817
536406822
39000448
356251097
134213775
532701966
96547653
134408788
265270902
94907117
188494806
23342448
267545265
533451644
308609530
535422016
21457985
398767271
231776325
300807841
63827548
106032332
188373831
76198053
385316370
321071158
178862576
407793221
340753224
20201201
304811878
196175385
46992996
426960078
70525705
68505020
306416881
60492827
12031621
511277168
24290881
71319859
21236650
148217011
202580796
335421639
472075953
354801646
353782298
166820184
447125146
194726373
105598202
307811193
205980498
128711530
175463065
8336630
442261814
138881244
444228486
136135049
293942044
473839795
333636667
362015552
463556734
336173533
150734624
247923666
266457314
510089034
15846058
91903767
249416761
510571240
516192700
354075290
61449332
159136699
452990625
349881143
308193275
494142938
407080505
49413790
205466258
286012196
372575652
446119638
328588829
77794792
154396377
62941177
501030858
254549618
327940456
300198455
182811224
78347076
401350403
440458508
503730602
237827951
270910855
498894358
268261695
315665048
337113225
51150691
303405193
34981416
501424069
479789634
252250880
441887746
411365797
243948314
254385316
64454951
435530662
178906011
195574728
298085833
226687715
370152499
347103877
310673269
469869141
157305413
208109623
438839529
336790193
363054145
242884908
94223491
119123374
335184066
250422166
445649709
481718896
457975681
357183548
500520087
141845976
123716280
246340126
355116732
384835730
259382126
465066591
202909427
58376708
223275146
106982791
51936591
522080765
208314089
2178051
198223539
257739325
383953073
364860843
41210636
270289602
65119718
226778530
309996770
382222321
291621491
37386388
322527970
325218306
164296351
7297173
463019352
292717173
115307197
294832775
494531966
260314635
108701380
253493124
51495557
205871972
304539534
52666000
439557717
228943627
243633026
289393141
534319418
165486000
249692213
266515349
227729479
28898780
54354040
530865978
162641275
481292558
464429396
9743690
513116035
532841524
531784847
56022469
71740687
72048350
16747577
18216484
318723577
137196644
87498480
325039205
46633914
361251489
447418263
263072464
386583467
12974310
461580326
208476490
335553997
435340092
199413281
201244367
530906279
220630249
27595177
252326943
527738624
389121704
522971421
48916695
428928753
84042344
75591713
323653218
35114836
394964259
440758909
122898895
225660156
427034089
45160192
464500070
32478491
368214513
464045940
508182548
396992187
502844075
334201723
434978547
156909249
500819840
448567233
369092301
251394964
265943113
208308238
120645668
361977075
30300927
191856945
238487417
427721699
60213682
318649591
324767286
111318036
460014071
36140683
401874624
74368165
401614818
529116953
457864187
166789721
121013797
354491079
77882887
26176839
382652627
92165127
307504473
183040547
108615834
173285453
477541242
359983948
345547085
249714214
494185311
28928007
463066788
270057535
165623840
249129271
182172458
118919743
441241611
135264493
321420253
51467102
44304859
87630930
378996067
519372461
455954627
414378437
308740282
75118392
261337931
497935384
268140027
333049951
119722667
289272998
40036798
267006488
239238404
275210830
431748840
530919902
225862379
444147522
449273810
506725334
349407432
445963418
96242828
315136032
268001965
389587378
15816327
17744963
109646228
512346860
324096115
282947292
40186395
251575592
239464054
92636992
397588884
113395013
174611714
137716994
260168044
134221984
324445683
302100769
36204741
304777691
264358281
192867864
3502600
47855306
87748185
414512276
465911424
303316078
451901051
279996954
472181848
335883187
73630941
159646960
177740312
31485909
158875668
520681556
467478515
285658142
424521044
246756162
248687199
139788240
454922185
512894624
183947526
294892829
413048187
75618576
525697741
272244434
20403428
24657169
408374891
256705238
128157890
272718119
377772124
346829270
323177400
523439316
250444890
273018494
243179489
177442696
126472553
429553323
42486771
345060717
297984454
355005941
210036468
229425576
130813216
178576283
315207062
512363067
419571797
220946297
243096168
400851469
527960680
161204222
250866907
5696986
331800264
284923602
273308982
198004198
40854761
382989758
75510386
463923271
265292034
278068430
461877745
218938899
160531398
240887596
41552031
337474343
493398925
364767292
206682149
55940962
386677668
247762959
185288356
252319273
417582061
532088581
273676603
43642806
386863986
285378802
239642851
465449588
29002935
70854200
249523278
506432872
361716515
463731461
285771343
195752285
18796104
389708826
257140755
495603040
399443034
399639560
274534051
177186678
9307770
261987318
381928115
524311204
62100436
490027758
86241528
47670611
230526261
279519840
401338870
179462013
481715806
410172000
34984275
15328323
135781406
374545485
227782515
346178338
419287411
215248687
368970515
16318408
77944121
511729550
509692133
206075996
115395794
150825192
108260338
316171560
118067378
394246024
45379253
508155977
233894546
525428324
120671030
207246505
113092940
523769229
147325937
83403381
231848452
203169012
63009051
508167701
360363613
379480481
280152157
180747770
368628430
532025865
106018834
493784400
355025395
267072240
17032401
358046091
259222822
261521353
215718365
125070502
384121005
250488798
237541814
528563746
138336202
81641284
76411699
12961583
317710998
512611785
237269244
483661950
426558968
515851603
505609658
512266717
236692399
175744753
330790880
144524426
330038685
533699839
442998493
138939794
226527165
344113138
57898328
471385852
435579263
515159823
513786532
104268184
282113663
312416276
506012827
213239518
480415423
238019229
161271140
29367303
496819047
196896603
9959982
173161927
450227806
395375369
478541411
342086512
215318635
187302704
247605480
308134875
5576237
117708939
477074132
107984924
295358100
400604464
131543784
157784085
292307227
476824670
36933136
74706543
277345378
359290741
459322382
251245806
70596493
221072305
58093429
275033276
380159257
243087538
219219400
371152075
264480204
290466611
125467260
25142285
231051206
444187768
91974428
367680243
215732266
97958251
331598115
424433436
272285735
199526088
382346652
207110267
506915629
432264789
226907784
268808657
499058553
289532851
83562670
476366623
482252141
363438580
94559704
34277286
418631614
478975920
388113814
398820169
259437338
116951605
96906672
50600435
414899815
26184683
9841754
251207544
502347285
474835724
145464021
497652196
152845111
338183631
368263876
522660974
257849767
500843134
154964992
55867302
534688920
165433517
6164397
164711856
477602873
513435560
346444321
278706621
410472665
450862000
481072806
147980921
223770832
90099350
96144358
150673381
284128421
186379782
138523637
113102013
440447088
103190387
193018031
329414342
384817084
229120589
447172310
351125173
203398814
10584862
454563089
119613374
118312762
256588677
224549363
211908272
82317068
277976405
126588114
12069825
398208934
143193722
134210572
62452934
167941510
284705676
130101787
99086920
295257475
209371441
496960807
390141484
416306708
414241626
120325359
318240564
61969374
490643377
404351354
29767923
315015544
410160685
297961979
18379774
115269150
227072896
27607733
103350236
197810990
533998796
477990653
33810365
145630180
507511538
107601758
58805222
181107220
119981925
349629147
474028074
62350451
34263678
318438738
290126770
103222632
227438933
386686062
475570802
131590996
320468388
45206428
351900274
317547784
303024206
362902355
467425866
380047213
211382761
133559784
428393196
350379129
149372459
103526858
199959508
420306064
326340298
209377187
226959389
108472805
284078036
267475789
377449463
18086785
347212946
510907108
89820140
60474281
167343473
344135293
113851957
531619286
203276668
421798575
161212886
293634382
252896262
225864648
57147833
444093441
55746990
330104519
412957011
277260425
383103325
388759167
334827640
383979836
48674042
174610564
222084340
212940991
347179218
154056625
13317335
171955771
35854259
67306710
203754799
72691388
147155329
198505675
530805609
43802025
365254362
94861418
99151135
140851777
295832112
248350756
441562229
410757751
252318332
149636291
391448345
47960754
72448820
367047086
384367861
104657861
184510544
328961859
320493628
51852448
291018178
278976978
432766840
8372781
194251662
295143749
303415444
285123914
241442732
145864644
303343773
193534055
405799737
308162219
468023061
314109482
64903953
292178411
126036179
439006649
83836009
80952827
421715376
466959079
67195572
76961012
504282135
431081620
161560473
213893706
183277883
82996143
343508396
177652505
452800995
344525380
452709215
29940312
181205089
48928474
292479085
466861042
535650942
516525976
147446506
69862298
201716195
389833166
335390530
522772288
379219371
234646033
446844218
240835646
288388464
270204454
54836837
123036619
366608310
228015299
308728778
441759157
361147978
20850533
49533641
162256955
19650408
51520596
259037729
72145661
201956322
332646837
535581168
193014497
207113631
33108586
528886735
166947432
398142193
402044003
246977196
8650195
98174198
99287848
322495167
185886436
421575999
391708517
409530427
88718078
62796488
402043210
246166417
500129818
64569961
257990275
145461131
95330429
525942133
444703217
105255384
187786355
143396751
510958746
81456417
211203504
301587452
267096489
514794092
52325790
280291863
477687380
530224381
82751160
272669078
139942156
349824785
448892298
290161015
526139504
98802597
214461401
490834998
222440411
142925027
388864137
94045318
486535701
76581512
42084931
264008999
138908475
439473101
263231047
488378361
386870510
498725834
177001781
198129841
136654045
485659671
260473465
263132301
55704292
362382685
433734253
38665698
453273155
235250947
487396998
354758784
432151319
366010366
255972640
160577569
248113009
75531005
242850296
374277050
107031210
430770754
483903665
218046958
159181699
212210010
268055021
296750151
164724312
461388422
262181382
221965893
431763446
173506426
229945416
525717461
386834586
206039063
206939375
46640287
492337398
250495542
154697171
487327753
449026712
161539003
524594162
491765481
348147834
452401453
293958536
471715005
23961709
382996065
200470693
62263626
357875712
75484224
165642229
325191713
16845325
264052555
478929877
201064088
211010865
509213900
44556092
157398852
357954756
151603766
8027526
511831004
18230034
120226932
276897089
21884119
86543962
362202593
75630997
336434887
238666927
394292546
60878287
322643739
385150964
196587941
490479225
416508229
437540665
202838129
98803574
56582067
308060354
280086608
466728210
281994426
98665995
224819906
199677835
372863487
348719871
465991189
29388675
461325735
450346915
43450092
190878252
332583674
114766751
297128800
150859004
150687212
87082216
353776196
6386568
476394311
92454094
256944591
339279773
138408564
7499608
471361200
137797909
330210430
529258038
31612541
168075893
464703554
190285661
299994945
326498301
256680289
39352039
222045579
513365793
482587858
207621209
417984264
271938608
442982751
445414697
382534398
396931145
506772375
320757161
213758784
31421511
164111427
160001557
206714886
462653144
477087601
256271944
379102296
401708967
95685418
247540689
55054392
357342017
472105446
183292300
2236504
47670710
29299782
436037441
431684197
381133635
198477770
281275924
109305217
21418566
168820260
223273420
359036374
59390322
398706684
31212052
389381546
486491068
234131304
128263585
489741732
408196477
368770076
463993736
179777071
167783694
501462564
238413290
276950274
172817427
286477782
154272630
494847965
307016900
381454103
290091543
171316119
205959464
243952059
333435994
390172317
346325172
453374314
80180911
236727704
352815639
361124746
148510667
386316765
288278180
156373339
16886507
66317471
1266772
397426054
241217339
354069631
107519997
437097870
305048353
113704954
141819291
444793409
142829181
356454132
525834442
90373982
416637487
446909285
489746235
465796975
105304952
150390362
32760988
137008218
245602958
158051765
55796672
380238072
196066898
535985611
220336094
83154269
489193135
230613674
367145575
337937001
28031212
151644532
526260471
81607948
25099017
125202433
254321097
219825851
7622776
25330142
359459874
248322346
379282357
5635080
305051478
191374474
347491424
107443382
185747706
178596297
17814886
335716841
351178306
59522800
194548622
373330031
404377302
331158254
150163909
112017419
408174954
72616508
461317151
170117065
404627395
531528397
227480577
370808294
63628336
42426976
465485358
203810735
520052888
139325830
416535764
330271512
143053107
101694812
412333265
41401559
133439546
284653615
202253789
243012834
317733900
360549430
361539058
402953217
46605074
474122078
194478916
13775839
138679385
362660452
314399361
166327200
296772594
164635429
71366968
446420302
192893656
2929303
354348244
131507466
210131170
69763639
133800855
110575585
75033412
435121977
228024862
197710172
283372642
301558665
281885402
128749517
343995726
144522475
402620413
19800010
94071235
93491794
445223179
311505054
100902719
160202489
376554187
328844167
335854336
404249440
463935494
180913737
368512704
302980657
88275323
387268401
205636520
207663748
112700044
366356483
202388619
207961217
11599861
92013509
132329271
260727297
244180592
28365715
179175915
89787720
137550508
87610412
145548139
268103933
267598591
90930487
321490284
280358402
92001729
487769359
201389621
138167148
12997454
246528294
230228308
356247110
114663438
67638
263230765
17991265
215563039
477954163
59007100
41394368
164825532
88957694
174491677
128901304
489116894
508029533
268349431
388871279
499857773
370466177
398522743
339107246
87133102
144497452
496103237
107488281
50998970
144100396
293326549
350692960
134986507
475526319
407745564
65243955
532301624
196106810
218681967
165486901
365403521
368386445
175287193
369978497
227979930
461054020
408955975
126088053
202018284
374046694
309911134
56521374
443218375
305161010
529140641
156101642
179803942
423187899
291163794
520880623
382513615
171584220
343326821
202119090
23860946
10979607
450692066
45622231
338062665
72003665
323116260
165343783
487591102
180191745
124409866
271165032
338638722
223293707
517148348
201040827
98426845
122325259
174410528
4368324
189395010
319402050
528867390
176427858
431406652
291614920
150065860
174828410
36887842
507859866
259050509
126334794
438894702
40017922
96279186
167611838
96180844
357056307
395011844
47746440
304931773
81183787
411847467
115511141
96691936
492670317
209693806
216488296
127037704
407896229
518380880
455028655
139074876
326688675
357947256
58323352
512499061
367879176
354384138
378174193
527970904
17137740
402762111
77187068
104405816
409242034
239841300
249335567
370831954
19724267
125916825
30951694
229676254
250782985
495597816
230635738
13715339
505328618
440128742
305867382
485648737
500961749
103092097
202465172
382336962
215478993
173077567
457321598
409235435
19861167
22182134
381126599
476559238
466402812
480128479
103108792
264857431
189757110
423309706
513684106
424477525
339239788
474365384
66230888
11629395
525654123
507810733
53569805
153287553
329327100
66401433
482620653
305158823
289733762
366401860
334900248
166086047
250721115
388004829
211952829
387788062
72207761
330116798
83516553
39857766
276186057
516324854
41894862
259523545
418626990
214975251
47428089
299895948
237970213
216262928
162340428
422118782
236925333
403685713
309005446
313161397
11061214
44946857
350731949
24299537
151786006
27677890
80992642
133920778
8649545
53448182
197564913
379100989
521205744
166176038
191813527
231257227
158151644
187693716
158457216
386945375
480193368
515043001
56344970
301089679
55774717
488408591
232283504
182966737
359408251
325936210
41971710
105462728
180368441
154064921
338627934
295119293
19402461
427223144
89030791
261517991
356847904
382245704
491449944
133769935
205242173
460116906
211517462
58804336
35943691
436004641
40896522
298515611
120153538
92304664
44888245
207968374
82521844
87921417
430800711
154960736
128086705
124965818
182842067
71306194
448387528
309710775
435898539
376465110
149648873
321732197
61955786
164408785
13612182
163861384
266530510
158962750
361539838
51386093
314586769
468088343
5014693
157726692
479512363
89698895
218873418
342261036
295429640
212272163
178606624
385809823
182094212
48836630
83375517
472179368
314860002
434968255
14497215
398341307
395433008
154408729
120297946
515982036
115463228
148297476
375718157
286602964
207187816
190155883
11235653
298448746
427545965
498844427
207398321
140665166
390292445
246054156
240246751
181353056
210392142
28756358
258226954
339617972
314525288
3922962
218160481
421704594
254444457
525598631
281157483
381074713
56563048
185172531
144655028
240827243
96545594
263520721
166606485
526440776
483137717
300800072
245090604
155292560
103086003
385596046
93741184
21262440
63074371
428974711
498762662
146861155
466201929
31316602
90017334
153360914
188690765
166890597
35938861
38733663
69694686
528724206
351084818
486299751
356624128
264317424
419131111
23343834
395061265
31045360
396336851
178498653
272894942
212934662
80643037
404120365
131125416
443032551
363057169
216199334
89257738
404051479
4540384
481030689
321228741
263746080
141873724
160454422
105846082
248236884
264509796
71792977
304066304
114044205
439559715
330720632
136028631
222046441
199625617
363666551
404501702
66376175
462153965
486023599
417083436
238554791
374976802
533815598
448511342
163086789
405515207
16408621
103183736
272430700
186976095
457844282
366851197
149214488
190640446
91988609
257670052
268320203
62779318
349705666
54296572
28582869
300544517
47767495
219345816
380390251
348720509
471034910
88029440
450721654
521875258
179063586
61029689
55369725
433973121
467205530
114663120
248551788
305335141
443288755
330200791
120787549
260861995
120979810
405171800
109083376
440921556
494080415
275513553
479067098
275488801
88830080
189172465
408213543
200722130
128643639
26206952
496047368
480632886
474209917
49822837
200744722
472020093
40623790
427183285
217017996
466172848
406927914
301377886
222066613
203323135
340744367
410123207
341891825
488487992
111600773
8391982
328428896
141925526
220057153
239015611
281340085
150770796
379928164
110341779
2947114
190435099
435790171
276414544
96740254
412579569
296309103
186803986
123508298
120807560
446766697
502232022
155462101
148324012
181212411
241501812
486104215
333554355
181197111
374964305
53828897
42622951
318609420
405738065
294182669
57737331
319701442
433923458
199243986
501798335
481066788
346840224
292197126
70009700
207284820
209779893
37450336
171798964
271001563
112683663
436436988
189820813
184290269
198279852
320813626
83879785
410998685
291007643
261691217
290948811
277350419
83979584
293467969
414939810
5234132
203545724
41741102
212282167
526631112
340843809
440606742
142815602
482978841
329871130
160486134
241550558
385476044
509047543
84967047
362850777
494593544
479557295
277149429
186326157
428008787
67430931
272537362
52647531
209734685
134110918
237936482
402206593
240981360
404182809
279592169
327848241
73776423
172863988
223509173
140449290
22987896
20289052
221283247
197894264
473217625
203588981
528358593
314136076
179258135
419671436
464912908
528769248
47669021
286775777
298458050
234312431
214764342
192673574
16126405
84630032
454655077
488628386
207715256
420110492
122065840
515097203
47837456
52511685
487024788
415547434
22388822
409893260
428047029
534671828
15091462
294150891
229642143
124722298
286393582
248098183
498157112
149185513
250362982
194355576
513554317
314615283
119689251
297189650
190239510
69737694
41649536
362440942
5035158
23326326
78087695
297610063
329750298
288516865
58080871
58888572
26888492
287433193
235483220
122802158
233807540
221367759
147246274
513721970
347582161
34392001
266987330
534384319
68166730
273652401
106230221
480312622
496672046
15648574
283969742
443673271
141617189
296843582
325150245
419673181
283775514
1614269
169838716
120637921
454623178
424797829
136647374
123948389
91942469
398609099
505407164
362388966
85316464
415329149
507208560
294879682
457476711
219236825
332681992
441592980
59264868
149717862
466497795
119679006
452294015
195799882
516097182
97084685
282604748
374563702
396431091
447485822
364803473
23474431
183294737
296591925
215582045
210502399
451496070
445634785
362514963
393092159
364497394
342421890
318992075
535030524
329494336
135479395
76436647
226136420
491029568
94929919
476118831
443416245
113187873
435674707
28484756
514933035
117927171
454551656
71943465
368590928
102648622
519839214
307724547
507266142
253439690
27391387
312412121
143095577
453822707
247445282
436736142
15200550
274093745
489551729
165009982
191274673
403756755
16707779
34351100
93474416
181330309
175720664
215878299
153127217
125815278
212397555
118496573
533607349
411140387
80256831
106626038
239134533
442333326
63769963
288231505
169653751
527365377
48133985
16793640
9545194
87916127
516606602
54186168
341838818
436516089
350373173
190832377
468872234
396977739
305923892
288419042
311242279
109463258
455440224
216061238
302010359
367256636
511785165
44413850
239523371
84586263
316347023
443026234
281873354
480416836
71562937
382242797
267437085
289308994
315954898
478297702
68854077
54822487
395384262
66419274
146201425
440315749
178960660
277595874
502310498
263185946
451437226
309593537
433368317
535440728
440343706
116601897
349928646
426152288
49548224
372338847
54195449
468070827
505983377
315372868
308058438
425798364
302030446
328960890
224739317
395523092
468506764
339723678
240998757
301649619
257882073
74711475
159245731
256497155
477712751
208767224
322898905
40635057
426461898
108059059
260514053
349687773
385842641
470038032
507447501
297650532
226478904
375142254
11554815
209414686
154220798
240078781
246732369
345210947
377849725
242326605
109844704
20387908
532123415
482297869
456692165
155835791
469641016
77518146
462970299
484637656
333042643
141085802
404428521
169388169
475569485
230379501
192265382
212274370
216447188
174112016
41845090
81494216
205996061
431562338
447709663
529849497
237755525
342584742
406167971
419122617
2031477
284309406
114880953
77356987
7576816
143439984
450917735
399043349
219805296
387283431
158050864
302603572
367480023
524938184
479377941
13729966
324114516
252056534
213044120
120980774
147581170
391884476
505534416
38094326
524739910
514686875
124280412
529750577
131640977
426755690
64540596
461371278
45078764
335116372
50220266
195462719
130645196
198775949
486798333
244328613
515775026
206235257
351820934
437897952
416585435
216181218
382397127
221153523
235720608
9725982
518723527
232231445
204629141
261126543
148137059
45901099
412465189
69868732
514777145
510362383
209130637
179619415
64972841
396119420
35464032
179355183
507365479
47291812
533153181
390521250
3790029
247454866
279012259
427452920
169717464
27603353
251355729
273961706
344668361
423773390
205169768
197403474
192476889
438904035
414031800
3205900
409982632
427824259
457745584
104239596
37242459
126702897
230522996
415796654
115212285
95360575
264010533
145722312
277808687
491401373
378795632
225197191
377104144
446579494
324896800
132130670
409916652
99224201
104862322
73964596
18875132
109134346
49673263
387487840
194631775
225468278
445427808
450546332
451839028
347786565
268865360
487281786
280375670
298319495
472650672
354127601
444834587
156728095
315588075
122682631
28254272
44774483
357814032
529795981
324135793
151206068
460729025
262933566
491337595
268219090
508890278
445532762
8776419
315953392
528934210
370553172
456106268
289331984
412724327
248010129
331017039
29479001
534010118
54671272
192285522
4250975
451635666
302220755
184512793
482878204
222926279
68546599
270964770
294601411
226957404
57624647
416808323
414050471
523381803
44467684
442628102
394334585
414494250
184439116
109801635
113098696
249567096
525706678
348782985
449669165
277611592
529005004
254198804
222557543
450496001
166313736
417166425
83175964
112395276
318090185
391873513
473414948
30048268
499872334
375616957
337731016
177881143
282889218
464881848
154700595
10780903
224463279
42126056
226518319
282238974
496090785
490722227
322194588
345312688
533038747
411193474
364210704
408815008
120400462
160600624
114826858
428108704
251017542
35584477
107941486
91621906
413531807
284378825
264356088
77684371
342593818
45821869
302719497
419057030
462579312
211222505
521670425
393120470
165294983
234021258
31331512
389031142
256448170
254235252
176530445
294182666
430953062
463757610
327182990
226451235
165149015
435062223
474432500
357966412
183243984
322432107
486408009
54522270
307151176
224394064
328363864
222613087
370796144
445664245
132350893
352092752
495597178
5287967
189319197
112878683
530410366
231472656
468237065
335139789
183282139
190829498
462686206
456151886
443193652
72531098
518064594
314144665
149263311
25315065
55430006
319598698
384549972
370526642
41628832
289923572
256256163
332231470
308182625
245796315
86467408
524071623
490511647
195415606
528256625
208558123
449013253
308937700
409444205
510025160
127371673
482679632
504023351
231788070
384782813
187737463
59160984
61648138
293044677
294306287
68356670
234911341
302780528
334238020
78116839
406676178
239324538
7289854
9484944
327297466
500516186
175613200
103003704
358698599
137559313
474097306
244805700
401010741
47190768
80470161
127712745
159240613
43533026
434057693
477500332
222518900
110001441
107008939
6914789
297650837
396048907
254734986
267604745
27906523
84909518
254432706
291576840
449279396
407521950
391899149
278241257
310715585
232717677
78830376
37552668
438584576
133928979
531902582
234990589
140815353
392848847
529203175
466172538
458355144
451742617
17168569
364835813
219794251
148367909
159420584
238148030
163141626
517225863
389064165
181711961
90619904
329960172
445507612
111693262
215259087
322149100
481703575
360218105
356426682
477731285
48618261
131394498
227575747
235249069
521443250
432885421
486563563
124612055
238192493
373814575
425974020
294356980
27045086
62122309
73096504
182794159
349366752
493449155
463111106
6764399
278919173
228595586
363589174
155515008
324303796
442699873
493679598
98002223
82123121
364619518
112183469
300524124
196769426
119129698
412774500
106814170
391897570
129249386
155934159
293578354
228849177
31036917
58925283
471582567
333752915
58429526
369181635
214867924
506552656
218520534
470731269
522651461
372794569
388119321
287601628
423436884
358837494
29138465
241153447
356757280
352952273
489598574
205688115
387354194
497556303
514123875
96358873
33799444
451966135
181811820
297430040
415754425
507006216
39366450
165085969
34356693
218728974
161864365
248489850
334166711
461211658
357084888
42671733
254663790
369225960
348522431
76971629
386418562
522965182
23313730
370827000
103785214
405843511
517536481
469733763
380115472
281475135
309247042
405319674
419349213
14119661
326879275
106572173
480399642
64228812
454873394
231213116
414819390
167179043
390869439
231332196
51449012
349457203
337752918
356690549
136735627
279911324
41624676
120888191
532802744
448815140
419336662
208661605
104896098
392287004
328968507
280353726
234009965
273788903
93623757
393888896
400344249
136236417
264842958
69765967
78508650
385569704
500685020
265181395
404946080
425555760
274896352
327954836
26483191
254009288
24835672
369590616
49209960
229479926
20080392
498272336
497866590
479454054
460308052
366162881
317627682
101651825
193850609
399229475
86280825
52392453
346044538
158056930
201789776
250149134
445916131
341511703
304870775
178913112
369104779
269572676
506802498
129245625
300798921
276049178
444954146
285847998
112364514
122356709
2971078
193308793
123728762
180167925
443443318
497894917
325369009
62217179
369309303
220377934
349579008
323002826
293264067
52253984
417478483
189127864
296211128
5201684
27089388
130726604
429912960
442147815
69784021
342357726
306573885
216895062
332389836
83869611
39629366
530089724
73965037
216942194
74748018
193563056
451132917
236248679
42961859
534599375
73142028
74604643
236266045
369148194
430110200
45167627
348772565
31643808
319962948
518194013
227593485
266403436
502544632
189882361
207961064
357658982
507440469
456853319
38835189
308063375
144551546
343474002
466109876
231185974
14537545
478838556
103449127
120710675
164538728
291906169
253892681
516264980
294102649
300468354
254156661
154352777
93735302
509608931
8737810
287851515
408208667
342735167
475130567
320256412
428567572
4782595
290550746
64175823
83094409
1728469
434442418
435979153
523746967
169819567
527492788
279462134
216640885
465908579
122540897
358253350
36546788
89201293
492409419
266135303
365313572
286625847
22185411
414053157
180467372
16191684
181168552
471664433
118481822
42901291
42265744
58512085
11545171
153406855
330778773
464716058
315067658
54398753
415441445
313092255
1943997
111052550
472071624
465148499
74567029
355892877
440785896
135283218
262420554
47299523
88333344
135736016
79158578
117088162
514245200
430954332
318257336
219282410
154462503
379370440
399406401
7728820
14621240
282044014
288252733
23605992
64827416
271570942
530587543
279483878
43894308
181859659
503646862
53000043
485980831
245530048
134728683
341427461
28146361
99365110
43969566
45316775
471786098
224283812
223429948
532338658
199037080
476108729
463215210
112414499
184283419
155038267
418658115
345726048
45647705
488647007
124758319
465468864
395940102
387972762
503707940
444334509
194150432
475923026
304944838
357053306
455180797
532828761
64243554
424524448
308213965
164201925
113966762
101115683
278563521
17348189
533832891
232425228
158856448
416341804
222822200
258488116
263373999
213457375
168042025
324135647
365133048
34588796
16015372
330375204
232285425
59396929
216709414
339124382
78181860
70810040
300826321
142841244
288865044
375752030
332282668
375248233
388912892
233429403
231636290
52137612
204292118
62646317
389443374
58132985
429133097
193291856
434524760
266218871
79379544
342932647
58615394
404787908
55175105
535288420
164851440
117529026
22388149
133998350
518079233
458783509
330779594
519144781
515231600
196737705
384940175
121415479
95037644
432378561
209904458
484242166
95272136
300301797
207241886
235938060
295647711
514708713
456436252
455390856
433298036
299040735
27065988
474455282
351044694
449986912
405845262
124814275
505087713
70372238
311571052
451018064
274073304
193307313
251510073
153167329
18523102
511110570
352886879
294763693
350778974
426036854
283382080
416816657
526086335
344839794
321577172
501138286
415111492
310993164
127701267
20532679
66769778
462351349
282360875
271434191
213128899
49378318
469402843
407210156
208456844
511609247
452623350
33900302
340315667
148451582
524699297
278056832
300154724
529349238
310903153
321134194
531628945
265158967
2565718
247380809
57692724
76534020
69619232
122216865
105662060
386745565
92846883
407177214
406287942
469655973
221985167
518803105
26118079
137267988
30066278
472701492
349371086
232140439
224665302
163076536
85925345
159810008
381997785
85438634
448355931
96784752
431858476
374816031
475270391
344473740
328858081
303561183
229492692
217059281
41177395
59022542
222689030
360562989
37063769
31972562
513389047
507835508
116990272
334685929
382443016
291083443
409049228
148320994
280710732
381372502
333543784
286911532
437487592
177578732
514246671
457994895
511479792
178472210
418276073
364756838
515113036
150155755
177589790
514142992
69459421
241325876
322415978
376444187
20191022
396417065
340569203
489150328
138304877
19641632
118000698
38931982
518720235
483210063
509391425
73590565
141728824
124312480
172620747
131057151
161993740
216669372
146430296
513396625
260980322
344104993
27495308
125464990
57412975
160115472
442988389
256529735
500007393
280299939
110975740
7762601
367646022
95537112
61165886
270904179
220583251
131228985
131063183
43397347
117390044
61131106
42173321
367513082
8400117
142408453
380886503
489201294
53928544
333240258
79037515
176166346
285407248
438207935
135533694
377392206
192405330
235545393
297892191
441027242
519824358
402148812
444708155
431260726
297949028
265546136
457604384
72671274
428446515
96626091
45516191
274309288
291560690
476178556
75680390
241945715
91855119
497425974
231651524
415500296
203458122
140550531
24913759
254723922
328420319
248343677
316661216
209681846
18170190
165590099
141530272
501747569
249483739
486901047
484081656
426422149
167127579
118680073
205103857
13826869
33291255
157253956
504282161
274097486
246429207
364303416
375369745
517155851
454278668
12972858
338885200
504097151
2706461
376676964
454166513
516716404
273866808
469437699
23108005
507296606
498866174
476492516
463123378
235608890
21383012
80959632
154067970
298796438
174375774
73015023
185192970
5462007
136787537
433405996
7516386
30825140
492431914
220289258
445008228
396977903
397241412
66628604
190569030
487004156
174378651
26367425
211719814
321036625
67595880
40315967
127111095
319852596
30332868
373797816
397676980
323052929
19130709
66185230
187264507
181496632
188853452
4410454
378969923
175226430
530674812
527021461
44377706
4601029
144184176
424841743
88866705
115998006
291051878
52883212
364151928
63781955
447496010
162000317
474233392
204276833
75116749
65002102
494418625
292428882
256830975
215708372
420531640
201550908
172280237
332793713
56861278
420517363
530529170
507680709
74625228
251327335
339033677
195359690
149525285
90755705
166886375
512666377
463840635
152284071
319866179
289359241
427944283
211559253
174316430
82933526
187030156
6549527
273465859
376356144
16710755
437426864
315887136
359007030
109961008
492552082
318246661
202378177
62370723
107207066
323606808
11251935
301563541
229715178
520876105
507067228
270584593
440333162
469501861
376423178
208191997
254443411
141821596
4007434
398734387
62975693
180060009
151387134
94205309
115832274
346550780
176788808
223078870
49498462
224636871
411156963
235108436
413536919
57777211
509446865
250677825
403625609
370215022
4516549
238493491
54203189
259913493
44234073
211384897
486871463
119068758
196371187
171936865
30605138
42863515
269626358
195333594
56473664
144011842
99246118
245231317
357410840
414311506
114637084
114403767
198138760
258589986
298763127
533540625
494987829
401235597
202561808
58945134
354540686
473248564
4858303
45947198
333518913
130790205
371149064
464321660
123636425
255106975
263654819
364020365
413332898
437464559
209456863
67609825
126204558
138925462
58331008
368687721
122750078
35782634
147809545
341065915
477613818
429984514
393300121
416705026
59552853
443139244
339088846
108034766
33721663
290319350
343561742
131700252
268724471
139143868
457934002
28736081
269591025
66389655
484249491
133794243
374568321
295500205
95923919
352104568
71398630
405280400
241911883
275178830
460223920
207867226
145649739
70693002
209611116
14700719
133967374
187858119
211751562
91557852
11035809
291083769
483967204
407819361
129208304
380477399
432664491
113783147
458330450
111685531
183513474
228971416
23122877
303026382
113734224
96437648
257490235
200748698
287278043
501100418
446208911
472758424
252969652
399489705
224629711
30440265
471843071
127793404
457417583
239813653
498781965
249246569
76213099
175758408
158467545
51939362
427822397
33067766
165798726
375671834
175742970
292526126
469157860
107986858
60362956
142792089
149532111
103202027
452380927
248185933
276874438
39599048
109864939
204175518
491351313
410643809
256524410
428563828
453142891
468412058
532034033
85537409
111985629
31913271
63892544
139803411
319973248
278669026
282320404
369818244
414700864
120891446
205108832
39561274
504406299
191426549
69280420
305715991
98308279
192685547
500988476
83578923
481859478
493244867
438965485
282055123
527049049
111806343
311186016
241887111
424083818
370010846
231599298
322281676
413414802
154494337
61219242
204684885
346993902
237461084
280984182
398794822
335048006
84956676
282701453
417830024
333575591
72499451
250282309
182209142
206827930
230909531
200720758
444857148
53476495
320821669
167546944
112680976
424825501
184155257
13664491
508269112
467527165
364253572
235084938
221834086
367799894
46474007
54716896
458365386
9071604
151213337
529613834
40199056
514909914
220316795
335892947
220031471
466177432
325052968
301728248
31640271
212251871
65952703
141903579
277689989
299606606
368351941
69641113
447090829
371472441
45153558
165167577
466061494
443080026
388453200
202879911
240003129
83152199
355958748
54046562
414644482
402070643
177521746
134483155
463772917
353937688
509091562
353579862
335928561
206604898
469984703
246043756
57173598
123657182
348145809
470530782
371593260
374253123
61151606
403675443
426006598
428347504
160406159
196142593
382502463
228241942
144656216
103640701
8473558
155394022
536469250
348861433
255802873
33459585
331752861
89336419
520001102
65407375
14149998
372416438
95733292
160110743
507329568
235304464
421240226
529407647
483002100
323665465
512780249
253951889
198015196
329925460
304676141
57593951
417118217
131842523
405143110
492384703
203348194
208258942
379876189
393590391
311170164
102854818
359117106
51765019
496320051
87754094
253219805
73438971
251512714
323501013
221677979
15936151
29729126
123893948
50457035
298837267
137053996
92287215
170667811
252568811
395643570
198668963
237179547
117051116
397489121
206140831
317217570
122936064
475031651
300165830
91044893
28754055
203276703
261152104
465813167
375565685
503043524
169668905
219514636
376841366
411543201
161459536
87980127
315646065
492730916
374748395
48135251
38807879
531748563
307582344
359599811
24017420
330965351
51534498
36484677
56616657
506395465
271775113
370760919
75738570
255628518
478879512
10854873
42102023
348186551
40485073
460236998
310101956
394396914
267718901
188308947
233636833
487171659
21664239
25508329
505320486
402534389
327142032
289424171
156827398
451611189
166916694
270123434
6324054
501856211
414582101
283546137
250310475
322398710
211515791
315549249
490480342
54503278
527942299
461527076
265468760
323620792
467281920
461268063
76227476
162093958
225757457
177978387
389048646
47364741
11630507
293130650
188107856
212600294
330872791
378125769
104859832
197399787
524203175
466357185
218152225
479807665
100734798
527072696
257463315
224049156
268569954
232169138
289621328
243962411
248591663
524162152
194075381
33597853
97238329
215916715
436629241
141851531
403720442
327634218
190205840
449131623
354104109
296564795
279116524
172247583
411506838
108370243
118601971
429077307
419119224
112389162
357445396
199354321
532530793
161741461
263271271
403381297
365338108
502438308
512902217
37035518
396916119
134414390
248052470
439785970
416355290
293652735
113787378
65001157
54004886
338897503
230575424
503684043
287097303
378289618
308998225
414686355
301955704
141223058
282822391
388630152
463219488
7952974
354343204
202478506
535621229
69697350
495733278
446415566
381629619
248441317
295552610
531576644
459250757
300250602
497699310
301165106
444598379
191901720
303222161
87564353
457281174
254179008
12253639
477169131
59200273
8692782
273842375
338969391
301958482
71682962
119234644
332711974
360705547
81275869
330350038
477900565
446644625
81298356
59948620
326412277
312263826
191589829
450633633
275622245
111117604
323997023
374323517
349299199
407829403
350908494
114144726
287534573
68834259
140289440
329420862
404589732
255172188
133563171
18636053
216836845
430581714
347922288
15718584
360613021
463565852
211891679
183527763
313031646
105569047
72616521
21416826
375494674
504314314
303674436
414412327
2246059
352834110
367945139
311963789
315345471
191702683
301258107
157185707
268732233
194506675
277052311
380399394
108444797
490815349
380350642
415202311
90809663
32628538
328578952
164820659
10236632
307492831
116087970
408561722
306049443
434321845
134453387
320935866
79138564
185057162
369102558
441344284
44112387
163914006
429069954
483568600
475506485
197471340
447457837
15572095
114585155
310639748
395253917
379046767
475677158
116221578
175272330
272987283
203999691
426477926
36153235
46473035
393797887
325276159
132770404
399743591
261253294
282844848
19009908
352129300
425005139
253895033
173873462
355009723
445519321
249193321
206717928
499577089
45987118
248108485
386599755
70049010
47856308
318787508
390053602
43977200
452290947
175941560
93397165
253473618
93285404
250656430
435176437
429733192
483396086
100305702
376380216
278488477
282670190
400844179
319151971
303552454
53864400
119987521
121349400
484170438
163471549
475960176
297154999
454905660
496269352
328520955
86736174
285966866
411857682
374205191
533413373
462877288
483722075
445056550
337844554
246704444
441387952
353968280
193779896
17732048
445238957
422126065
207577424
116759633
297735877
397631353
228748261
97290150
168504281
379855774
311590444
342795689
413824283
268574931
309104654
276948913
300643868
56270200
510540028
397014444
186226169
282790853
341936609
134043316
74645913
503047242
227589440
159820395
14212668
326816510
29594200
79456674
456052788
416474655
43100742
492288202
114937093
111611790
75535868
474976577
92296563
149530120
125379302
74525301
520061255
18408476
193918673
425823808
15413213
68598334
14270081
428730521
7632910
375968676
395460134
88798782
527158238
214787055
258427091
154998145
169882447
46327367
46259742
57250232
29204654
297003921
14733753
435171683
379894858
85964648
441139176
289426758
71767031
16569792
445394960
99077972
96959784
271378104
115429487
161555312
507980794
313670873
463069340
530734908
72437099
248320749
480758400
260754375
123099456
147953722
207889810
41269390
229075737
14882694
310483215
487733581
330814722
45735855
239280319
26429603
426535291
452189329
360960336
17098624
26455593
251199527
504081596
395741278
227165951
314352589
141368868
384193009
278341314
414104058
408291297
96373680
136983256
65903989
400685282
151093836
410822471
269603589
418977778
270795688
124144518
8384288
147023207
249294031
448456783
434780439
141021188
410130671
493388077
391295786
324057410
468034844
166197114
191683804
117832783
445178120
39466273
72974735
228815643
140423234
232870105
120817661
259283051
9838039
458278424
107762994
108860371
367920441
173212533
436986943
338137481
459169381
252445556
406607639
168987574
37546459
353055449
106303674
167698151
159771461
4114061
346728417
432812512
534117746
428763206
266604650
441768436
42364073
340291034
111534354
533598407
20522719
227352583
357134691
303684018
385984032
290474769
88260907
471797233
236072730
261419406
40452564
252272479
89778355
196105186
157186671
6734374
87677386
343435864
429153316
57629728
204066521
172339234
396688773
482284660
380893511
334459154
281858143
525261896
69228336
533296564
26159064
7621387
238692947
363259196
457002953
509728470
285275319
246924682
520277711
185536741
485264773
335506114
459077441
176296475
369644526
248101246
349124870
227251933
331037910
402361987
380192829
172091817
481408895
287537703
498254422
88766179
490401377
300949602
307486422
404651967
229035947
228106974
282583539
143959390
316943521
250603525
62482057
278915204
436085602
99552541
211239109
122006629
184641801
15769569
147418019
477116227
67168031
433863742
422751662
182640191
108598177
309038806
194555743
91667742
292916372
321326144
344947683
474408523
231259788
43397300
457828622
457452538
60049016
424774776
207616162
535277490
350457890
85694602
178625969
356136130
166184064
185654966
400104846
26094744
440881578
87055205
287557739
100421858
446593975
463451604
486642554
317098408
340663995
309120839
1075530
135311634
400742501
64676369
25717640
511721659
51321009
418494801
346295276
391433866
235179950
436432738
305999023
495440339
151366166
219827700
411260928
485218597
314571532
412350603
267770623
412480523
55384370
447822029
377015503
127438866
127141050
531730647
12146441
205324338
267705055
359256788
259960637
344308081
329811482
506461832
57730531
376913512
340077441
154793370
200936369
245901682
530417782
120770643
447674022
166150355
38088051
223801775
312759154
341718513
115983435
259828915
267171383
521189301
421650147
83635151
18128603
71936124
30827453
220466525
284492092
355311515
12897262
24428412
359985621
363303333
98357743
344940733
411969705
61814304
305105941
199387586
491302405
230546109
480440942
250817437
394747444
172998096
195621599
388784996
237533540
208723747
71903849
256696704
368239437
430642339
62273327
55305453
380355164
214192983
426500468
190741563
393354278
124415426
378730357
515824378
210569984
143681691
91734353
37395434
91483338
450354549
38259474
426238853
388590963
116368668
330186893
339421527
239233734
207116659
201872469
266994357
121685106
441811067
372487702
93460079
49125927
340015508
282723406
442495927
302279360
168340488
278071850
284571836
18153210
98551457
382927654
425967653
287964720
248527244
507632982
78117288
429719849
244475355
255874376
515050505
489355601
232866208
34144505
512093860
473556350
64744769
10816328
190803277
328362893
333849513
471278365
61801086
183225815
60205472
230788944
287133916
476252044
341384581
301858350
98895154
436719798
212749784
342738784
489499208
468608175
465249569
18365240
453165997
142771693
335012501
348328205
323619972
371546547
374943443
209059250
403166715
161645064
506609719
429702662
470350247
258483349
39671632
29303645
44031672
111742380
468592407
160663181
2758910
504499065
181608143
360913711
232372753
166179710
260422467
39895257
139261650
453942280
356320191
395158576
240236962
535538258
288119640
325530633
93800785
240400648
39982022
450901591
132435317
94089266
476983202
78420415
80630998
499413634
419748622
307536754
149553311
531142540
205276811
326579739
532070467
256313749
445008857
279940548
314776765
436571804
219261722
107532850
162553523
169789670
530609048
230420984
420419331
98469622
535319483
66346892
430129506
439807613
181761811
505149846
455599626
443782040
278410819
347292522
444367434
385068919
495211819
111454773
78518050
702716
406756546
155860757
198465500
145402248
525710949
358749250
445165358
117796694
139228942
196283471
191583525
535747769
343081075
89814555
465209213
86868344
521108492
22968485
188116968
27131706
49918541
141870799
347094588
192549592
222571213
125368850
102989035
391137046
317627814
209422346
480877760
24122550
73837247
152080584
76859052
171601015
19069224
433041868
419195061
360480250
198470853
390074136
467263054
293785198
245085609
399871739
370139278
139688698
397732894
387829999
59626552
454896337
16971649
455366489
334965716
367048079
300502668
412976927
12300650
44372767
462994850
456161034
292830679
67417010
55987666
360998648
96246221
232843789
449279500
391561736
125722635
380446770
52110839
331398170
238335541
188817812
434433264
122695802
228092131
405965102
390512864
49817642
185058413
152804783
93002162
498817531
252648442
426100388
84285701
260421286
293369138
286647726
83331237
209256092
202117832
314544592
11873235
9181138
75194705
136689710
322887616
403954837
535441589
58378681
250540026
178469703
372694073
16194265
411831494
507518704
239059938
15407682
101854698
3258918
225381742
284231123
103462051
330337174
243886166
298670652
124064310
70092495
430165476
135581634
156847907
449206856
328743416
303510607
312307588
97826500
441953232
294676288
406887416
38803182
492375098
84905229
354199125
177925679
386913418
235537149
68246504
527531361
152620888
446058662
315189407
315530057
328980583
188034248
274663281
469375365
158041218
115662165
219579112
479630852
58190249
1505473
377103140
443235529
224582307
65724568
253459297
268754712
191881847
79773256
506127316
505953080
335114855
118886425
248876509
533407495
305496267
31009067
443517841
61963973
298061839
261852404
343686994
296352143
433057147
99798342
385637231
487190071
465238449
374747524
31847471
368326128
325833695
381774872
31451969
452438620
285240416
105127975
427029124
85000923
436508193
301257523
121641826
525726610
375708992
64838450
76928850
492834397
92490817
451909092
30204270
491867335
21828883
167702791
339283230
88000540
233531743
474729530
379007692
151529402
298949662
180952072
432185537
128949093
44183729
310378702
370816659
464814269
456357936
141257839
221686502
393235545
24452191
458190884
410524305
441382759
340295494
42585307
456097888
224222837
520346600
346762626
80055288
140842876
402473130
119669122
100453695
500406010
381326498
477053363
433571978
105008378
394327773
443577514
516811090
477878362
66065951
2070349
386522209
111887580
416030384
242660769
121310232
509439520
431457593
351976064
90809292
134694016
211938714
379210295
185833409
65054586
142634225
366803982
388701315
154767993
185985235
176784569
185780690
264393252
98632069
443673460
394244564
178744199
475004088
354028476
402348650
378792079
343612073
290288123
205962227
340723981
259294738
387138468
461566351
394597275
361992841
374267512
295115106
32730154
56195178
446664043
225982222
470428783
459970819
30691458
501862756
235548192
454757741
382880718
115641018
517346647
117175004
210506111
96335599
343405750
139717268
439821079
486380910
30208123
331306397
203551450
384079464
505856984
206426464
367688242
430758665
411168569
92385350
54185939
254652168
394679783
443106964
79289278
159947144
300269584
434288468
7482777
171610723
266786979
484045983
230463534
55986679
82463850
315348916
259246410
272500645
177297725
364780790
517168574
124457126
331523508
72578777
16915823
242808427
369104716
26012609
476664777
509734277
229214418
348841481
85108925
21862293
346426041
388965072
277240126
257745208
89594955
536018408
114853751
147836363
229634032
371765314
299091811
268187175
287032663
165160
322804867
2272137
208788197
444890240
172998778
120124258
447862797
150472604
29555849
301414549
452801582
66915008
193607475
422875307
109180439
154976321
32508245
429981237
327636595
234821228
331482291
507046066
276656658
498230133
530642240
212897578
288312951
179651990
172649234
243182572
90505604
204694800
273027214
277463329
26811899
428498236
180289086
343007782
157613022
214736677
213131705
119296723
79937925
410891325
187440252
383853309
55907868
403207949
162270956
5554216
223362363
259043934
134623985
358097272
353673384
329597042
249438950
87277762
346001749
380412122
219348577
206231352
14517426
528351925
370929582
4747270
184560422
229750960
179673533
270736167
252733307
530427719
162622278
308529745
413238944
171749357
518507442
70413514
91957144
5252544
309803070
367734907
97421000
513764684
174606454
335377326
494411341
335742919
456719465
247492465
128523403
399222081
43826239
82393811
301583166
7225835
383364558
262609504
209708807
307242809
474108649
234602509
141049164
174543552
98825523
536593314
460707671
505730024
176419877
25226522
472164146
296936262
494427080
494022604
451346136
96624022
312822066
496452630
223895356
112024988
429869506
5837208
94734976
78370630
205250143
179811156
362044330
183082465
402917009
315927561
86795725
294532677
532011974
138990270
97100641
320060969
200865978
142385239
188621595
472846410
167664277
213648082
131313510
368620908
107976301
161520716
506391044
299877398
20852025
145090123
413052137
224725723
147771316
254010224
524992686
131932937
209901030
332536102
63059301
204066064
536367833
102422185
119992513
479756890
528664949
217952801
234574152
200130055
234913968
262440516
529747851
19128999
509359852
29313226
456629341
21554026
395006220
431086502
376136507
207431321
304907054
509669764
149644704
443997692
267175689
290839537
161716157
343436254
59369589
292449914
68171688
339513342
178586771
645192
358077126
209979259
68265269
33507878
270127308
259308570
90757904
507502238
328363060
498716971
406324282
487518618
85103543
93395420
286950094
150979663
228315967
211281399
392407521
282631186
204110750
296459673
185611335
289544371
164342134
399017728
208948958
48517689
183698546
288470816
305844812
309645301
27620050
56627975
150023053
254137424
246471913
172157781
90600850
