510009037
124075208
277972232
317226983
323753343
256032152
286824984
257193800
440588664
41155021
335359574
158273449
312876248
279906111
423228604
223812902
74195701
94017495
196582470
234375008
268425571
219246980
5777129
423090936
192412383
428625066
367091521
243850467
440167330
95562016
508589486
430367489
82686745
337827792
98240506
129120720
481807165
241328866
47069236
505618556
248738551
366269190
57875743
411124639
183229809
111878584
176972930
273984302
265540838
535862840
197430293
400325737
238809980
180974826
453932017
117462827
81416156
212132006
273476773
75804950
232794671
401544927
527723879
284481510
394341056
523370035
486953783
225151880
358933772
151607241
420027165
163204278
442773181
460456577
37710006
389499171
444271336
383275058
535197612
57080655
152039385
445158296
68517567
62817048
478768427
86549831
492682564
303242056
248637759
34940963
499108253
94784751
246192289
98492586
358909180
115686071
433866386
242630875
73628416
511939542
141797133
154797651
115911854
524581194
151719139
342674253
17350692
230401046
89489631
184132385
525016048
286584127
350156307
6825743
234434238
235447103
75475479
492965035
144966158
492218743
424385226
505045704
226850267
414582092
236912795
252150294
488861871
122186478
189152480
416949918
349045781
526037805
267150377
464759279
423872023
180858797
529213311
51992356
434063576
30247364
76446270
140749496
449229813
369323089
382041765
318702029
378974569
111108406
116600518
386870446
494491832
412219116
492204802
393108599
221340879
466763293
535319675
531058091
361286220
304275985
158282110
255531411
174564001
355561580
204203458
341809545
243745047
273532164
79483190
263691302
114591302
188425124
471738712
194604537
267696691
142012430
515429586
60119848
85045545
365435700
91402016
349928842
31782522
398862187
468856914
318794301
398745323
36660997
397651397
321224745
506398443
144527544
442331437
143308813
156689887
324328424
28768283
321836060
284239669
115674866
119432788
54310936
330990066
329973834
164192284
215922227
178147977
320653479
482982047
440367261
461520012
439003328
361149096
357331542
212509937
287121166
126158798
504439638
474918851
257877849
317858574
166154301
143602015
51220336
526547793
207811365
522272835
291632731
448219770
90355724
398584046
443759439
523499215
389053494
216040019
22633129
478123779
521469588
176602513
154246751
436921259
320503501
484451967
409055768
124803200
193892347
476170835
122926367
325437085
288203950
421104118
489019791
332141701
349535881
346580435
108639917
358257396
26039760
241336668
159300680
323939512
380386623
128716515
136507713
457919437
200408665
197483229
204399923
94401504
219012135
235413658
278176518
51117978
269252976
318755084
271591410
471901156
226723642
453193483
268790505
375418399
363900591
162648292
222033655
516033484
521697302
310904227
518497324
278734002
30344937
102388909
371275137
204136095
83477876
150048303
125914273
95305529
324420973
111071810
5890422
121031404
2655396
128648576
3594776
87095102
369315810
67516304
220803276
73381624
300030276
328684158
523970838
149719743
125093708
388927731
156466010
58893410
190900543
4251652
410216698
402076825
243194821
76423165
220217134
208034823
118547420
175741495
120355894
10831885
287381726
428125639
434902690
196284547
122562204
304568604
97932978
71802542
17287047
184125642
488691889
456143576
199671474
161364011
2522082
90082247
82642064
277907475
361990584
459211456
22785430
136588815
438326244
54993958
138703138
273908554
323578342
11857359
191424956
442214046
112934365
90791106
517283857
405140594
387391589
410234135
98916018
469513939
299364240
69080156
146673026
103718945
117422948
6985042
110963784
380809354
342597099
107567362
439360391
100300468
425080253
383899905
329563295
415631543
276216863
154144759
210001840
493982873
440415166
71044489
119615814
288661231
359016913
184133744
18532642
286490833
368054524
43001648
298772001
298918759
413290573
345851617
203988455
452067071
464299316
503227230
536695959
485907478
195264035
378324195
172765472
302118743
107800983
216632597
424280223
490961960
2328038
148031795
188660749
315095169
414020379
23567965
263200575
385454362
495095643
388553565
257509808
36228221
353772735
235986951
64137167
247413894
467830530
363235253
114222280
497978798
146877224
47772915
451277756
167822341
190973607
158809723
532063379
399909921
311331471
331852753
223281698
210141536
228642709
488900012
260433938
30781015
367637337
323883901
455195779
77153860
184625640
448265794
209537435
443120352
179702363
27426756
345259672
356404017
236908569
211804484
212391541
153089393
262980945
103775961
501929810
271078414
368618761
68292929
9304316
25613496
262885188
359690396
51542281
32129692
26316457
157040320
465329951
436407833
370059748
38986483
110131524
528507446
213380243
157112781
354770178
95411536
510609494
528087091
170307027
392303266
131172256
409279350
359788593
188764851
292603214
95305572
362564248
515919310
133083817
233625356
398830692
314335609
218618895
261745374
392670919
161787000
175486397
23374188
26455106
256234406
216081953
492769690
524767709
84592472
153700684
365351789
463805081
461843033
242037707
473056244
390853941
312581646
139414564
154176552
255782624
513228535
510068361
519131566
118190941
534599828
161044463
452906961
111552989
9399703
55633372
483090884
346272964
71205656
448095842
320754525
470180291
294901482
352024373
422635670
197608060
269663011
271923218
95696463
118896317
154864664
432246805
419377657
453865924
118475877
141625268
470483227
73333019
399803798
152742712
391186683
424312221
17949504
435943194
391367140
195272736
166384166
493860366
272339903
389933074
292979915
332674799
57838509
239140438
176084825
91644446
364339303
235953211
99648495
385122574
47591585
478746708
170118749
325882606
444425055
381024482
501982160
72895653
16040837
436957787
316322328
295423977
101228720
232546409
254794861
64804514
286152458
465044777
350459509
101209058
370428398
483296957
490107429
123945180
348601641
495624905
165237090
78018580
497321269
428512177
148485407
497999060
182206795
170805084
264570632
301540193
119523035
26475175
415625442
87618151
281211789
238239324
424477776
179090678
495289983
231683664
24020610
121620746
377936093
16894406
320260919
133871239
224823970
449352419
518510607
181823257
519750912
501466024
511977953
67011967
142487663
318415217
219312645
460019143
215438953
23959740
93101552
400101880
75075944
155761660
286684323
230772405
391434222
197604814
110804934
311660499
358840737
444138045
190908662
160029235
344178340
494908516
489597076
202225876
116099747
441494966
260861209
44194023
33082867
349167506
273522069
529529040
351969747
403109826
8419
523852008
535216030
438110420
252847237
348194699
389026154
1308049
455119500
518687644
150730672
81697696
49342663
476913170
356705580
423783725
328542963
109240227
62905182
51351552
61233716
428378036
335702237
115555288
534663031
527481410
172858624
473074584
428433461
468918510
10537589
366471252
94421044
412970802
179321629
325189692
240735996
32157241
159062935
431821719
440184440
70667652
411611974
363956140
152463689
354292015
491574108
27978459
49104002
55553159
122074943
18055487
524098709
158818301
392029281
361540801
485327188
494391951
191537191
300655171
79600810
253956901
354455785
124027550
71009836
24779503
150721715
467754314
134738026
469041651
384884780
133028471
152357022
408074126
78703327
12734918
372533110
242066512
321524039
406775598
105638253
365230952
274593896
343040718
527788063
285887440
354430599
216175608
320803769
228780749
6496460
36198012
424945341
335136921
236781374
434944119
84000210
141387872
269740142
448074142
347201385
426913478
479685261
212498276
135284442
2263734
47507
449318918
142073972
39904333
154811653
216349281
516023302
27706346
510096292
508404889
316978600
448666227
8913827
111574232
178906212
48538115
204388852
499421744
240768971
265573247
318121437
77562489
503144390
37825210
33005314
456856313
328174316
536567265
243109302
152437793
96766168
250706871
371037389
42783776
251894206
256771433
199313628
282262076
203645777
306880203
175545727
219364737
321714721
343447025
381252034
510611755
137384345
67883515
246900164
126749233
7868473
11285622
266399945
372835410
439561164
114948673
422685390
453348318
113678790
396287152
491060413
288477045
474616376
290504385
78251307
273386135
198295046
498155772
269813733
355964720
232945993
171519119
252023737
409628928
292225304
45638428
77700148
520760877
480377929
391090091
469182324
111156385
295237218
236989863
472433245
94963495
421058341
130863577
419719403
471612445
236930161
57528362
268416653
505746214
128320229
487424814
220218551
18928109
65898976
194530129
521749557
442530588
423451431
402571646
238144350
428870009
59173005
59682361
523332397
96849819
56248359
341971689
220964312
506398386
117516809
185550757
172321121
490687856
508109493
302323778
393348594
310126844
164012762
530866127
300453511
447742384
246129389
181650621
524314922
32708949
500937743
442517214
518093881
390727056
154768202
508452924
214264634
445693371
464316625
177689497
278224595
25727906
485967886
384355974
113881272
497056297
521058015
79071682
38695373
57162397
356121185
117840547
520947839
70581561
234520061
432236404
148211161
122105018
389180176
106404897
227160648
112632873
130736443
4924049
338705862
339305332
253243749
337539798
498208856
44830268
340866182
202138556
218938347
455411806
482541415
186617732
240552299
154563698
208140453
402956933
21705314
341302414
58084821
166170580
506319989
309584510
533751120
526483532
463280084
490798257
155211875
110125027
4443145
93146078
367005028
469849240
218128463
524502614
17430667
218000107
388224325
426285694
274505844
135097531
262379917
89708592
393875743
418224295
396949122
290007135
523041035
80616807
433965396
446812973
225958830
41289961
