434833474
312469620
113325786
350299320
372314211
518737606
25793053
508525204
508961789
115039130
527394651
477000977
367592670
77515054
385457418
159217204
304099371
160644680
6272436
439642049
166110826
38380047
281364985
52868813
158032025
266520624
8605979
78913952
66089198
366276743
250561020
218739574
48351426
224768178
47582871
93227798
173580536
41649959
524363
423320629
185939414
88178528
487800270
159796290
245155298
256820610
495593731
383791799
343318967
77474727
56322104
190354380
173912331
226292366
16000469
181444724
240421311
430954488
204421814
529019101
233329624
477638614
354592531
205939010
377510492
423640227
36226489
49490557
215454675
429305738
172617041
472435052
18792021
163884349
264623984
437822128
10338130
465391759
176839497
526937728
200369165
12357107
206674319
178363878
463371872
295890059
239383417
268908466
464641514
216983146
347950887
249045392
15606964
428802310
263500026
370958790
421581537
355692948
460329471
276399770
286870224
458569202
338026320
491568350
8130818
111580878
426794860
154573522
114807688
351488846
230411811
438865679
474889038
166465514
346684535
472860780
114080703
416403535
41126312
314361975
230747210
323966126
125069291
112155937
457995389
254758959
461998030
250237921
231547311
228060141
388153678
240582156
138174175
466240223
200889225
410957992
185188124
87379481
159947496
251879804
329958462
305616912
219243553
106882024
27615073
151554117
194548645
217723278
474893960
439896990
279695102
25762319
274028998
307185639
350300957
413229103
36609736
127960572
144015413
489121082
488919221
373394174
35743150
25412226
2122110
493093701
409353541
232989192
519855121
243777925
505867829
408277381
141644204
91251453
218445840
62287545
382406088
466408606
429781257
294012507
176395996
27104567
348835238
146333210
186219663
484161197
398253710
92207098
722967
71113132
50586551
143449904
350514087
195333935
176447735
128159880
365172446
23442821
280098832
212743831
208229540
219802530
308800196
479338639
200497793
316352749
290928160
477298802
226028337
196214372
478654159
252501821
2491238
426941629
145796432
243027243
69939918
494755930
488485906
490962160
9159071
256153761
340259703
287829377
183942716
307018012
298149579
413108052
389582423
232557017
22835574
311463956
230969813
368571347
149558438
263330282
225977696
57991866
515395479
21420573
201402806
374293356
440225366
102515832
425477792
120372325
479689427
490140022
465679501
490960663
214407061
363096885
6445683
244067521
399470187
29248936
436999366
262308887
62530650
150889888
7215058
254156258
282081904
62715059
299740023
477765862
293795556
139626494
458658296
247276651
52979112
33716317
212135436
418651337
157368467
457802267
89445666
278920454
177402295
83056909
35243647
434890057
133371492
502578305
468570145
70725024
498851994
264627444
171637116
72118596
287043448
405019131
376390314
404568332
70101958
126620043
528135372
63503293
128479096
67342524
494404745
291561669
25988108
26341927
411478259
138774439
145603413
391420623
222982279
296034818
241406115
449704003
337656405
516255626
127918222
383654205
86041916
168976785
420324000
393807185
308260175
515549467
402532433
155638104
109846150
41674413
492096244
240263604
255181699
320213573
453658269
133138970
399255063
511801187
13569415
347244212
214794363
105229394
195650844
416669083
28920419
71460280
216972469
325813576
444587561
82496070
241462143
166977268
514659049
523239889
425303105
234224664
252951574
488981868
102012802
420731081
294770305
36245889
161491438
490333241
495834208
138495152
44220040
402857319
280456589
5675764
183732169
95104596
313838708
105213326
75687185
73347693
305730720
143900160
372652570
379955673
208532326
99831948
397037508
299831350
28623720
370813543
68730618
311018072
376065203
120365335
176402799
264752557
345497043
358389505
193284877
7827655
453098738
512369363
431884763
274129314
430521641
385998804
389309035
78751137
48468536
170662204
217303505
159973679
159501813
248498454
3751574
33442482
522454519
356196214
292119191
228305247
249445564
310359673
380589966
393783767
310606895
176476240
392652453
172206202
442110993
506937134
135231342
403626141
407286141
181565873
93109111
93832715
534818264
54579616
385013329
475501959
357113122
359486269
226577080
239651889
234381616
500941333
513073195
82201025
260804921
402738100
175992970
308958762
194686400
300836424
88048371
114312341
331279
230108600
323533251
194734039
83268705
122847974
294411708
377585271
72971165
409778593
40198709
177818651
159253371
282634772
141816358
341357968
341008590
362559544
65221762
253915844
179696189
433930752
380131833
276151102
451048854
386277247
386989270
431665439
86789609
388196397
392925482
235267208
64855032
182632912
136200073
354260367
489891432
326459606
29793178
414780635
163999673
64085845
292016960
437866216
161881064
140435893
259414482
183588965
50364680
459240005
491296728
380346482
197156655
341443688
417472436
421980183
312587566
336129563
302097461
168683015
412280237
68785144
11796283
165606558
344071853
252560329
207254741
49354969
272674034
471878127
325305813
491252717
214971443
173282454
95520935
488301029
140258845
374709771
318536542
87184612
486730603
369914183
98263987
335076525
156481964
178535650
514311492
332046659
316193627
210555646
533338603
235707118
512136386
364109002
254540865
218193849
331068962
361969387
317054170
387206019
395812355
315181403
225211408
111115030
363269249
379330178
324106008
299445731
64666396
224457790
23612945
76828634
145330517
511923501
505979714
484305722
20138673
234791256
227750779
64938717
51992773
509538231
520796149
170020932
129439731
38392378
218471425
299913756
33828991
274007099
428285829
85638901
155593809
439641558
286900244
111570048
181069657
327926342
412241681
67222102
119310314
495807439
294872657
25840524
197555183
69819729
448443991
478411709
379019480
387097313
304409198
350399439
1409476
254989164
495236177
90525440
484801902
39584199
375530217
346187820
205301766
116177115
371998924
391145876
152962071
227734974
339945060
114694814
472678624
523766109
390625814
455085429
128282574
516938801
334619173
85568179
236936049
237803956
309551527
97222351
412345665
266343513
492305244
430143797
122817548
292305006
306907153
446694935
75651216
151499569
119213937
108524537
180602748
448447339
123248074
27386620
112586880
57637043
273062779
43182853
71064376
357688341
350570765
419810639
258354985
125303645
510797704
253596026
132644261
310845440
460731883
354787149
17898674
212009644
487830738
297822482
375571898
450051628
529921286
328254707
417260452
49801588
369199975
182369432
388265244
467052199
535190612
22970416
154452559
131423707
396241727
256879687
411677592
182044185
368177988
513202530
7243190
295022473
350673751
158901444
483495175
353697534
34431442
285380068
482532086
82157202
138842699
302573774
281956964
18961361
449843417
349346522
183015076
119331940
448442655
364430016
107259334
380097873
112986449
3108026
465428078
121303843
274610226
133641810
122850852
470518949
243669465
77129100
219757775
476989042
471747914
405627679
386013888
7427663
155639918
184832550
530235290
212679886
287722970
3081085
151780791
517679804
234088872
263507732
394352522
491634303
95155446
176811917
161157394
484725910
242404453
33904107
380065818
508476335
263434576
58499651
414567639
389825866
120887926
274224407
138561737
72845463
52476151
73802773
79343907
405946750
57766449
8245737
126340979
87551176
341992278
309899748
186412680
414356274
336556457
497197595
528894126
269896674
63015200
147252948
430871772
395485102
255476267
193319870
37876175
379163754
295439692
513101872
211660311
105985651
460084346
441002903
161051056
297279120
157763599
87416603
486738476
142768111
232744130
255773688
62816912
201371853
5663782
26756177
278580872
506187539
321813240
235922518
483978578
323291696
287673963
59610449
361665334
196160222
106572899
515140569
135627779
148320695
508872409
235184661
360501766
1837944
132361002
501027084
508755384
395644728
473011002
261848584
212071745
246802698
405674426
243512880
536790737
354192055
265806171
431681174
100261662
201335965
407472313
450939090
88998365
166784798
35921710
224787075
414313320
456093887
392862937
161186682
381956620
108586476
273277947
399599447
304255321
214965823
177044974
510150757
236282146
21461918
417533508
371387743
293460935
2866746
333553524
313048150
129575049
489446969
517287548
280593011
208474482
227258800
314481939
133013350
47353554
90841045
77168458
201011987
46354524
216655466
326278393
62692695
229046357
195265171
218289958
33451432
384221916
184964059
450375167
388483288
433308848
31028899
434995128
46789551
267956418
423490994
459908798
134275318
307280618
210070799
235126049
181030342
132795032
121589496
186414561
385488978
441814146
484136886
455680320
112557567
268837371
118423044
153191976
436145075
392403307
210308980
275987424
296873705
132996381
58998948
483003570
340874586
73074466
516461421
179316487
63000942
31718729
348574447
92856791
340424540
234364664
292633936
301310433
122865875
72403684
383575963
19528091
489896368
255683583
230354213
404225538
183590086
113227322
256727977
371313709
334083191
282322510
217263918
234378115
84872524
464864593
81641008
531164963
427841706
165511692
407059805
249769032
458343181
206936130
204571145
469135271
185198964
131325947
233847773
194183172
106629824
277097760
523742828
377531406
978652
528182748
319739262
165561687
25344697
52941634
111183622
21893697
18073668
330651243
494396845
301613190
486661389
181147013
311408449
97545449
278281101
393364699
225242462
317877234
85700291
495922547
246693424
25251847
374817305
261644436
318201471
350977726
127218285
153513311
458581636
468331727
77045494
518518566
272016242
435462422
473760106
138000010
309352176
60773345
450425578
214040302
323556016
293758303
378966357
192251647
339819616
529253693
352719205
170599886
389720637
343014079
69783911
531868822
420355033
388429903
4178636
290872588
107030266
152221597
343450323
357319870
288721181
276556319
503470626
205569354
176156248
249829317
110470201
111138879
352984139
523864893
153327179
478938934
381814722
286968486
75484393
524684030
184783419
153127251
320591687
392091920
330404331
457065429
55602471
123076172
44229697
478515654
78848592
525886233
9834533
355016119
174857442
473587628
478552145
136031009
191823809
366654861
117500917
77281431
458296014
430323350
129537518
238086967
60844028
106686218
20456001
138306433
190603704
526074801
355108048
208023519
495294843
250434821
523848499
346968650
369043091
371340359
437156315
205419251
248338639
257944795
315042046
202829102
71673120
477878328
475579756
176520264
122588051
142616615
266112281
172546928
144035373
403617000
308090417
229228368
45506035
381264288
128982036
352442229
54717497
330637854
501257500
512816419
457622381
338857010
532728510
348125933
130457379
162829383
303491657
505131958
322080270
527441467
12222279
233235074
530234176
227965036
377931520
171916854
55459567
343419617
335434892
359956068
157010309
227362679
391615872
202330032
290491808
317139782
305540986
507560367
31436930
510877914
76713017
302987075
5734078
270113767
92636765
370973342
465184320
198547388
329291322
244049614
406128822
367200608
218649488
81648493
448900863
9106783
34633582
165425886
425127354
95784054
367800760
34272111
101460699
349351867
102615383
35761053
129833885
481983086
335717806
155979949
414064931
435334751
149443842
216516767
462315536
414111209
50802601
267371084
351431369
503335650
174727211
65206112
336740703
395724731
164982576
195024144
397232948
8777689
3722487
11704634
523131672
61105689
211564718
403185696
37269409
160544424
269923235
441105831
490872722
142827289
336300769
213652356
152868661
128733742
241308495
244206831
498118514
148588532
278689110
71990113
376222653
33056074
461942337
432017296
140097807
341103252
465599676
111517259
362137277
493117296
461734932
442583342
290003379
319227866
428555632
7069593
534317871
14514837
316300650
274607720
5686735
79599642
487814337
131132666
423497997
181251009
10943595
285917843
131022971
248261264
506432860
81665295
109389662
51941708
340425600
124563903
73261363
328239000
502386975
402311852
285554241
483391808
399851518
105393506
371525614
302794170
148354071
58615781
488377401
298745197
408189655
206488495
117815640
297581058
335005342
212415366
446605053
438810798
126272916
305111172
502050185
124771471
202419153
453044331
114622194
183731633
39211473
224750753
474553509
128227332
51359850
531987637
484245071
536521971
386903573
191794414
213707688
240965836
457117244
368112987
344066875
260572617
241901336
136874225
49353828
129232705
211517241
102987560
95924121
181573308
365162598
255863381
128097517
404879122
77634780
260114591
268202211
102712945
148996447
348652988
107680623
157006205
53963463
104759523
358541172
235091762
184328709
276297231
186216413
77122269
79596014
263893874
43965266
20841271
219664478
301648083
165297309
191969204
341529982
476496066
406880137
386145550
162846460
269197172
74689337
274016463
47213731
406043234
78666264
352179938
93293756
451496630
423391152
335642450
433608275
256904554
469848019
474831603
274645735
455667750
459551312
488357577
487557309
303692116
135481591
487545685
485685139
408210293
338015291
176674585
487866804
194537714
60637704
93242204
96008041
149665895
348914757
28717800
114298366
437180809
332657924
305478757
186202032
386834478
531291630
349516689
74222164
286921611
181408777
57865073
232015178
469222067
197168414
427674545
472299976
525428693
237852799
515111340
328556859
466843750
71858268
107899076
70478395
307171914
438522487
393302830
449580009
144514130
173939288
461276043
286856876
527411250
357681297
158675511
171070164
385576149
248582963
489848927
501928035
81387898
334065480
152791113
148712052
338884757
241175466
106996668
53535593
332262597
236484170
342122750
184563311
294996541
375910491
363840867
389873074
117291490
378155261
392869980
213193740
114842935
443041064
457223277
16487835
31063611
190458568
9212555
362251372
74913658
290283653
30497907
397891214
47341811
219722040
138145908
302977736
194166130
269840833
446180368
354014482
370970104
263243005
493956970
379993536
327662909
487144540
408182146
191547407
116882787
519131725
59630241
221897790
40730034
420785563
449796790
449133830
529018941
419954401
57216548
508071636
504381787
465230506
236820099
387202708
361342381
53774139
361956817
519140420
198173337
280494176
166462972
194454607
429927606
295858267
467340
93457312
508216066
249989453
139108898
29825753
19949933
275611482
382985060
161125897
103128316
489718530
116575135
533112274
522269610
52601286
185700378
115810505
3432483
13931215
67539342
104876851
286680436
15317096
88232976
247130494
148336649
430677029
402352293
167871207
444938719
331112551
190998261
471213158
105803394
212519361
188958168
133760144
167647123
46648908
151987853
332997829
278574139
189133917
454096016
72559555
260131319
413468671
171064209
528027363
163150057
176466245
70921108
388139493
267731578
114429041
137378278
322919850
194551418
333406960
125676594
430565375
281482805
443107493
489825193
274420901
51541261
271196891
299553331
514066713
105278780
347407145
274819016
369549140
30688887
320321432
362756711
248460797
312975589
428411906
38984463
150529424
345021351
242827825
233852569
260123633
183015891
64680488
32120732
430834371
407392564
365824615
65284398
133668756
222644095
118771389
265143803
387656232
254372153
270766013
248065160
151694921
144592949
450331561
45192309
280833901
189028498
364467885
173158664
535144246
335431713
483993768
36857052
472643549
89006721
376808111
18752937
127037008
175343147
92473541
316436906
131601727
466343537
283776232
129896206
452776910
246206037
487535036
101802808
455199179
427573109
235171829
401727155
230240263
174057198
111581824
91091271
175513290
294591970
186342159
214519101
152299271
148977712
415253788
246091162
108602070
2259539
448039011
136515198
507188322
325075919
12131484
218160093
270406928
107786028
183007804
223932652
331243195
226551486
252475828
281180701
263917142
31864161
445734877
392409667
426536863
349016416
259597229
456516695
173849510
367943432
191493079
436132427
410139805
255390704
372523377
240941835
30560140
124980366
273940332
399021089
357304555
524688088
82892079
347644533
87388342
415168766
108084544
248705241
482926710
91471749
220310733
391493568
27111125
269013600
487786023
356096972
308699137
54307851
392508043
351700966
288942809
181178434
77401122
534479438
375024765
71987660
426315102
238200094
297007809
119675430
336169529
85637281
122896233
274850749
2344808
71895989
114946419
9763547
298701731
377464048
216977208
277307541
369671730
256899505
486400444
427302213
458163767
377494916
451457107
476398789
326250992
498611369
59528544
71788710
464291862
203912552
107836164
294213685
489712084
127385057
4774780
422994686
242770638
335811341
396913639
219594800
99885906
443803925
29488181
112828707
40602944
234799521
480332285
187805553
528690962
13959418
392436945
452121103
366022125
55159817
154807443
149550383
530354166
406970654
442097309
296058865
138042746
24432490
182299719
525695124
482711335
267263614
440405138
492478343
515080103
101141026
384078910
202921119
34992667
155569465
403081261
412231504
82697403
358737299
167691242
77164261
28677005
94443141
71082610
98451387
98676581
519653874
35903727
42610555
173120321
335515170
531654509
109332003
103019112
397025448
269665736
359431435
181625933
433545495
348611146
510929018
459170800
321465204
18611176
250690082
136473623
154750127
59631941
535236484
401002272
82890712
43685407
516297353
172083289
453182336
297393968
379943443
291658434
361454365
409711578
101537840
360059535
87289371
168738566
190306558
177542773
170601585
507411864
325662019
465644212
429478695
452771331
112329446
112401219
94516214
225015712
238365158
57457127
259314461
399930146
35080945
328411370
435269078
380070128
119518570
11070792
408496379
466223444
140045214
343573400
466717791
284193450
208102564
180428293
461403299
400867604
210159266
341026455
392954901
361495185
28133405
267051073
21153817
403556085
186106009
179400766
157677292
404356499
420449800
280629827
262473213
56188438
345229781
337647613
466584944
159716347
341743409
63247745
523368600
506247066
343168659
153660601
183169752
117373966
331338719
407021469
1633401
335141097
273753991
364665990
233459016
158773980
412198289
66306795
175804172
16945571
187773594
221922383
109177868
435997819
399590486
286058787
394216039
164069313
108238297
408393676
317552090
523293448
339183573
292054851
480278371
452459020
91138719
434574211
265851096
443962636
70925613
161424701
400761747
396890788
65473999
12166799
322761566
355562422
455090656
465421020
434567493
397981278
396704054
387340542
50244206
356082083
404163304
331841623
91005602
485155690
54520754
359899366
496312856
253333808
300556027
388689499
462510258
58697412
457300680
239687449
287302283
431215920
1534429
274719232
274270698
315150909
386316522
323880064
235269573
210808679
380345437
331910074
261637976
277498680
332263259
66795972
42413259
56151753
256511904
460635779
4425732
425913227
202211550
372660389
384013023
364596042
281558822
340166661
296028856
131978974
89080794
516665805
301488268
143701341
331867458
35940803
178788162
118927414
270769140
384994484
337529982
227389388
532783710
217698358
81455365
301727750
185612046
192379878
268829827
154337306
326689836
490396739
169217703
418197302
450012826
499490042
388936686
176297662
8779852
134886657
518592991
246576468
382065277
491765693
200626682
15846208
186717079
284222856
456541905
102684428
31967449
144769207
28047049
133004827
497156426
61199319
55943961
152420157
522946194
471769392
63886581
333937698
75876924
166069091
531322645
182054070
528004302
362111668
59522930
524645428
211255758
134115756
512159649
299557342
44969193
129351157
54937570
713908
117671312
210078945
235865541
251634953
444797364
380355192
26828711
509138531
2265841
297717970
7778083
189590096
471170612
154871563
174239377
186908632
99825080
394826566
261302343
380005279
948231
22039535
277196766
135501364
16352476
217451641
510925645
386711167
187871016
481889753
532532483
88783361
40440604
187725699
120474067
190915068
385212199
11768795
439469656
285997288
3793264
219085790
531894168
360544911
303800997
229897267
226191596
399345888
222682383
412252711
331957672
398629743
298679217
488163302
6759183
167508037
368031765
420116034
274521429
53420685
217563715
85633061
488757312
412349855
340783460
384083594
509388226
513611948
70916103
526568007
231753202
261777854
270676912
289325625
250563281
9095226
322702338
313205047
374638613
401128700
155611465
284658462
327701098
267558522
253130277
90809753
254143578
316005402
147812535
314937491
359330188
468497850
219205229
527171723
231402798
62073293
266304290
98293548
522407352
177152129
264436718
4355338
419055870
282382077
267017245
352243982
420198837
421704461
277629755
133825600
486704931
506859113
410615998
178206897
358677188
148550057
60948877
254659747
493275180
36939904
361128253
296580535
52669089
100101260
83382969
321855978
528611356
304700384
497320120
422280729
21453978
385520449
213570861
271770065
64482546
359888846
390489578
251270696
508133375
289518104
73880878
440289163
398596274
200516492
150420167
149319543
41230785
363296901
249003904
340652478
297036905
53472181
337897560
147284316
4218476
301034450
93281975
248303154
87792742
364304525
218637155
475974714
37789462
386069267
193818696
266004306
197758313
446241191
225949757
516434999
183278618
226137764
147849760
166073017
108963289
110617123
98755535
25245074
21449030
6513909
180024480
445863922
120355759
188056444
255256876
215078747
58446766
162030230
8691406
95983
7341306
243132338
48896571
76543471
398760241
225269745
381192258
330875960
222878065
53781190
322744568
108940607
383918126
187156489
342679478
434282988
370447829
44603773
89301489
212568906
55983853
454511583
288039337
249805354
229877490
75656451
309314103
152473483
29581400
391922325
524711725
55598061
285257010
198759435
39463442
274159535
237128334
460693714
422569142
401254198
441888142
138516239
373128541
165198430
34577358
462758236
404008167
430636604
399857335
262151414
181897104
14034253
193368534
330942310
354757957
318937134
120645865
222762081
515446759
150142485
429202164
219534873
483621958
306597562
343199411
369825633
58199800
123619427
127725291
535525635
483415972
39278440
304419988
48686480
146604214
29214116
102036583
156235627
501519730
470389303
403316914
435225386
191219793
321410225
40285400
535868701
436550049
474507085
141530133
367660133
375005143
10541479
278250302
150387380
179188004
105788852
220552640
221010258
481928803
474226722
3794850
338660981
130764451
263523003
129257293
272045533
173799810
78993637
13840672
20512901
337959034
9297650
214666364
309337400
84734449
346494075
473888822
59824810
402209704
283905105
520638228
448114388
422740237
23841081
134581701
55110527
10985137
248971708
50805565
493006917
357458712
153851792
111742059
30448638
422771462
29924138
143175882
346039586
251833897
229135464
185980523
232235017
45940196
109686000
288076472
460025515
357357631
320032348
428124923
329729231
163421547
403577104
317925256
262964426
53623005
370601757
338360199
310830547
449065328
454343851
497857586
77747933
31158309
66140068
27995449
449243658
263222429
204697525
229433148
100978538
162091425
493154097
142010453
271515950
447553790
84448106
94984770
533809818
496511093
491194566
101159881
226197819
449111497
430831543
10759168
153560045
52149651
387313413
237927361
128187474
96059783
494361370
520042232
117772307
490086934
249120097
509201189
508415809
268827750
205418113
502510628
166393280
438950485
153199949
461016119
30227679
365414989
256692692
331979
176915791
33969255
206645248
56475402
301617219
371131686
362182640
485821639
208810602
418903131
475772932
409362548
520152928
409922912
237696396
379884236
462961331
281550007
62717978
317433438
62188525
424241261
180829520
390805669
265560572
56982155
162114084
301491573
291046368
472975914
197164901
502979053
258050316
315399211
498833701
164186500
30454652
534760458
342315417
35809649
533924626
2153369
220133268
1995834
79420858
164346573
513657246
155466707
416837573
54853541
336395267
311881165
157954382
140617083
528320459
314017416
527229323
301652510
3472513
434697242
482494927
219436008
89711998
416050592
88248235
122671494
9132756
333728900
357598096
447846037
356613888
377357224
45003569
68232720
533540342
369679430
427268413
4517275
491516284
284908487
87763569
296857159
22645066
490336963
24598978
264985787
225198724
78594785
156316609
32874128
193762775
522724780
277796658
112163429
519982775
88500512
453955773
199978134
418138243
418968691
328775595
438779679
380782360
519371376
24602080
503678380
123015189
513237620
198673740
435720728
94530935
70558592
409728403
275493169
108039339
85108929
70046398
389839459
227886879
126531539
206881176
356935477
342851442
222640590
118843083
279157759
271052155
283847160
459229619
314640638
318816864
157156672
471935885
127502555
529940534
226211977
111954406
181471420
389492128
294884970
420465242
271417800
48614501
151023984
448613156
355768626
113814357
108607181
106660919
288971890
527469753
177784936
187076866
296136494
222509643
183228184
522570208
431990019
164190872
6938265
106743320
88332263
231162481
90793582
75946123
59251148
330172643
76178329
477423895
245999686
520521462
65334948
234036761
343092003
208914835
73574963
245474345
20342681
66126772
254317861
72886430
34187576
497557432
83872301
74662591
314492767
281902698
496809448
358531289
125525169
504803859
363608818
79032710
465874526
472549145
195445315
416445149
294378151
206548541
516581541
399075136
484147717
38905649
141163746
457247100
293590122
297587041
402918826
50191202
316528789
24866149
43969201
154174022
266634571
76106026
86609471
322969460
295673312
23966702
16627408
277883518
439213949
398433379
138548768
501871151
125981155
508186101
90656569
335766993
431029112
176415471
81224235
67246002
13735520
376530691
140195990
129718094
440080898
371620861
448239894
444961406
429307748
228947356
157183731
185523266
495218612
301764414
41324183
484679708
141387682
427584602
179099176
435691379
42564177
407661622
294094769
454466651
251373972
50919103
343914164
385526660
294567749
4962543
216266621
134156576
169415371
121097215
436905365
511763535
331130351
128910407
385628673
243256640
83411774
247671728
497652658
70181525
153180824
469070858
165381332
273616691
286294686
463010557
250031685
59899643
525990859
129471601
219789838
386116033
137450560
244547888
56746714
61613447
89903695
436797305
216594248
125267762
433120666
290400643
247857709
266509697
260161735
47387557
283285459
502419057
84385789
351931818
98373512
265266765
510746215
336157370
414832714
236306473
366750363
120794929
457210469
494558032
117933455
412648681
403631141
383038149
55992145
289750461
498771982
473830827
329229410
486718849
159747038
413461280
32906387
521382944
232222951
378287115
432960954
272741239
204080535
183444550
393694237
449977279
97060017
87949010
303808784
309577493
93538563
418658676
255923131
441277324
261905350
370146007
467006904
58883835
304849981
487020755
527714602
28354585
68882564
473159134
150140342
412418265
199346292
105468463
407369689
278304832
419032034
290581192
420117637
170276075
224331492
305257920
344297905
298073734
253026616
515923909
113687906
472645891
206818413
367523379
13070906
146802391
133343643
380506463
211432344
58919106
198949389
291303286
205566875
450404241
209123930
499865505
269989338
119137553
319629776
436083522
309269411
456165604
231481412
417913861
150293938
117199998
365986429
18543737
27114669
231752282
129990374
419931835
393261874
76028825
217638930
172366617
461318892
363661354
323780320
168023784
397614047
172206234
199239225
198103178
485597086
249651275
152409619
480075288
306425742
156890160
156037034
124758611
190283357
425331158
109740843
185494486
171547999
319573219
224711101
520109336
235955742
188157333
197574962
236484460
316814871
224355056
218817258
535335501
136335887
187766257
94005288
128257065
440029392
195497594
16031937
101278465
348942353
531542759
105294997
319947865
242045290
459733204
85751784
480283687
279881923
60407312
479707794
26420536
92480633
88063804
212786077
301545950
472345073
377166880
34878825
13043757
161586087
532763570
374280012
140351233
296349792
356045863
111485917
142799205
387466537
128804774
93061001
125709274
112330770
3828110
280965422
395706694
53256857
482048307
9897033
46146041
75141377
332277132
299313539
123243900
414962006
151265610
138220095
33725136
458981128
264936342
215012347
495110215
515177844
208066909
306544614
381473132
436721850
38821002
112172168
185194795
325760398
533095495
362508151
75581318
520661226
12266486
15930815
363084688
84380534
437525557
507905522
454734652
83321883
25321591
414720247
232161223
270551007
799278
31160354
162783117
325489165
251242000
318042601
129077623
337341981
426158197
395458729
151498885
185542403
507255080
231991593
237746400
318147233
114264256
360051884
282531935
67696285
393168390
101296215
100938747
523094232
502003277
498036373
439012906
24770431
304230894
503976522
150325697
367074401
427790388
45982554
421081815
403802708
458266740
275708310
203001094
6953018
9068149
303393633
4958510
527629438
211994171
343423997
490072153
501189989
374624798
443873071
331999454
50106443
99677001
186879971
275850752
334757019
44141716
120226745
218456865
293192675
139600065
315688914
176069081
274591673
411559190
502476828
187988569
458971811
164450814
58474720
162747675
221812200
444018160
307003315
219431535
399596056
66569049
155989623
527421286
405419056
116892760
71906025
211290818
377957462
484442106
451009752
75328725
104571787
183846734
251850544
125603324
297894520
272273628
11032899
148164088
9218937
269204147
151456136
467082676
512656041
428433051
465472710
291173260
253726650
449551093
380369893
53055940
403159787
332879763
471682485
258438285
104661210
307352358
416967977
58456609
156271242
528079210
307009252
258378053
242779481
337448490
37221274
307423401
37735678
237167913
1333525
188047298
144020129
113788238
379260851
10510751
163468993
449467396
468567027
487355226
453297778
338730988
251008509
444823586
251282506
131571059
499807313
225963143
200981637
90578483
162127280
402160707
443174594
79229901
513843890
275026054
363160052
292675651
185862500
168645958
144482784
317394353
73013916
314351301
202405228
307681572
531933546
292885666
179953837
458349688
111150722
17334667
131544116
398780818
236109596
81084655
490084746
461505533
127891847
295813151
73447288
147597215
116503011
270005416
88120638
66881581
180669864
369998037
259995958
255200501
396867557
222356898
241371924
330777301
213736895
300043079
396932851
532234980
291087966
174028771
175319219
477397330
347300100
170732894
521189228
289221224
63676201
407037613
220892507
303218141
443369853
203659711
160535688
154344660
295010791
373123753
78086970
45075333
296224092
165329324
106490711
166396438
466532711
100434203
152594427
493023603
53763328
118063113
421485982
157469836
518379668
346633613
112243697
157452469
239031628
112393832
152047537
380364733
253117042
269655749
386478911
16057209
187402355
369052453
74978644
235418930
82976986
258343028
462395336
406913357
480872786
288573237
12011822
50746339
164019830
206812279
165271166
441225503
396883834
431270749
303541592
429939815
240892393
35950225
495205315
44032113
408714412
367990598
451060537
150767094
316604583
261864342
143432762
137438416
101262600
330336220
436207843
530674632
111971328
517815378
333400697
10426192
101002844
72880370
472731729
142233229
173449802
327651175
393875078
112674475
51587525
146084697
512547594
498953196
167806790
469231059
534507485
91678291
64767554
148502967
374677465
268065515
307183729
442599733
26302483
75040506
102746835
366796160
233486197
504234234
68443896
150199774
306905725
299836633
485549473
222173858
140542923
222147291
481656595
404123986
244108026
267025188
407593659
57199571
471078324
478734996
286277307
148542655
82664821
302722301
461501879
434706188
64527173
312896655
373708112
165304691
215500753
494697612
230061205
203344217
119907669
224816679
450457545
479838477
56947523
266662794
49612508
343690619
210734919
345827305
37700510
29265488
358762380
396731320
152334426
492674834
121208290
420160767
54575508
488377501
91409110
62389496
176646705
276950366
292047418
303923111
260026945
457705727
460179238
482314903
54511019
182420659
110071196
229901614
533735795
432069560
492890330
453144229
32940972
483279017
360176484
182985956
531771835
50249356
454907622
465730904
137937882
66387036
486726301
171215914
350217645
234947425
284502171
199300350
358163778
342831441
34836184
518954077
142895217
180895043
265553885
529984205
93885900
196202031
228466806
278948413
55004235
328262899
142486564
482502234
294594021
97407097
442505600
132106512
497330833
119387085
386928901
453462284
488785776
466580501
88837493
372779042
457452564
50619487
271236594
146319951
434790002
302446364
313931234
293419610
118703687
18358194
29042571
305591812
141055693
265757600
92066826
451025227
350994000
101993788
524762637
103849197
471217419
240542656
193327353
280553314
459512534
106090204
502949969
408553053
157013800
191133832
26659687
447953662
185281775
535627738
525040298
232809147
151358620
215867286
316243906
484700195
83426179
36619203
66172595
349300258
55124402
97603759
303141154
64299732
84062343
86069961
63623322
513861104
304249813
42442598
172219466
39048560
102690314
287853315
529460900
6712604
26980675
272391209
217642648
60721010
5410702
331020672
198989570
489853704
209701881
252574111
381214140
79220880
32179797
436001984
359821487
188698166
154012854
524698623
123035858
176604424
488388924
78127864
410831109
290023307
394206785
536659227
18219748
192177786
280844536
29517518
134098892
288375416
104711873
371405748
530690280
170935088
24860508
217572149
356201072
43565536
50206107
426423623
339557509
340693589
185960717
462823715
220169050
439912916
185231068
61683470
520839537
171560842
241303349
31721000
196893978
438606209
274791901
37624307
385525017
463543992
488983101
463604145
477321344
176372694
30045961
424383134
128628958
503558852
54728711
406455018
469032103
521024754
78572905
124803374
156845080
238407582
422287155
55616147
395440342
336364786
228987049
461406866
19393943
239479136
144965013
133050077
177898188
388675609
34362715
74149125
369171451
140504104
247535317
346537468
421845557
3756285
512093402
487712201
68193387
361636004
66773348
204836030
486954543
237645711
77119663
114834264
121121711
85803559
68223828
2394702
63914305
288229209
320240384
523017133
106669227
119712698
443178976
10918406
462157500
464764364
388733555
192295093
508551805
72723583
281916902
491773745
122356692
135477931
162077312
308480545
269383320
386981527
209511790
22816091
80283262
465672647
472271329
25261220
383997207
461296826
193798691
203200255
125645155
479548579
286572117
497883486
168349756
160754561
389109299
506253676
5402331
489901874
401062384
127616613
477079203
390187762
156155091
231386722
470964736
240911989
285970994
218010718
129582833
467728825
488536826
38976074
477608914
511268688
121295506
70550180
254672026
396107272
67246655
513411532
20306710
323046915
291537884
201822994
453794192
83486280
17554964
80355092
164998108
128569083
222336711
447799613
187050480
204675775
338312209
157214483
113988505
493151436
231886193
215704966
44955598
140075037
271459639
253189274
531498491
216886419
57994170
30089289
422604118
155428505
377094357
171559026
86302203
463365400
424676238
287068681
451759345
173311593
166211433
34681373
237225587
111954356
56967031
284063759
158327522
520158776
501123293
383118691
117062807
298397128
535691317
217091499
182271870
469023473
167936965
368919382
176597449
443278499
431242136
286163218
164861420
396328179
210285540
285943640
339759808
52119843
31224410
304384322
472985066
281901809
225087875
420355684
276014500
514325372
63309581
277830351
270468018
361513588
63985568
202718230
502393949
216251613
438033503
120610086
292929051
108629834
535828172
159444112
9090278
493615103
420470306
517448650
101060887
415458819
528452931
282693082
240753897
171075395
233824417
318953631
375900465
320377743
278393744
179569194
148498564
19285756
335275267
374841650
316542957
282294739
519821604
519644170
301971914
395750490
394846509
396216241
185270130
496442550
163627271
22182710
528134066
235019233
318776648
254768104
281552153
221308017
93164977
482816725
258373067
103175355
330863295
159266878
325044809
465080159
486523920
124210760
356826016
207688857
89523435
464200691
184876441
149944449
419915905
38959308
123033325
475413517
524355097
144191673
17246944
368939165
269426702
360554314
204009048
83446531
128262675
241663386
533449458
119901410
168215277
395811958
199244164
462444650
71584009
3353950
381291799
410559482
69391006
9949104
357666631
453742008
367832344
510614445
431128439
171995250
446508168
179617327
490138675
43320123
464052321
72436800
254832571
403377727
105392024
217379077
72532981
365066723
398538103
495554610
41557132
412802863
440159206
211990999
207341474
335975174
476553969
238278473
461811413
112461674
496481631
88368781
489002863
96939867
459314359
351509064
126935213
303557141
146057685
93201700
433938883
164806268
105602125
11575450
359702124
82494512
366105241
336520821
485466805
63534139
189825236
168754963
296213215
351019949
377723164
330306673
425290183
168359527
164131850
430569175
252024043
471148121
309810660
484292399
438614675
18766014
300416753
389811739
225029226
263734340
396488509
129711640
160248120
210352228
145000320
430219026
243365379
123209665
141068648
516020698
424058963
393919934
287925272
423669857
333943272
23708350
445445519
23777314
502573276
388268886
58967650
252666727
411815717
3108215
521435680
148289865
102759957
248143271
286776168
454778582
181599845
459108791
120118456
169722885
255279290
97336729
431796389
430361744
406433077
100174423
412170096
495711000
316344502
232139620
30565214
375323650
508646181
242334373
306200366
39732770
224140710
370259682
282160622
455661432
356609335
169835819
223830019
366297365
104668467
69041963
146339035
88944560
209608103
318459522
321177598
179435326
49637663
68725343
166291359
228198942
193396616
132428785
421992568
380530737
212791967
257966902
429632149
252092113
64616647
270560865
517198654
436128916
333940689
402315860
34062200
400926562
504523431
94298795
385531980
515464043
305610751
280950808
296679121
417965797
98745228
387044017
148362381
440104399
72983891
344945463
349286037
235650332
107989678
248790944
143333105
351159054
152295605
160979756
437682016
512899754
189344501
160163384
426924468
160067398
255701319
160286203
313918808
339136194
199052934
485851666
138871568
534395426
392528530
60240816
297307881
302439143
292072690
162731979
17754553
5047841
337118811
190624092
506597341
422268964
491113619
93624893
412145264
65700276
406376684
86771230
392074148
429642941
330321416
143423533
22472760
171061736
114968248
388158956
132052531
291163996
327551272
378897463
245765489
421556771
345299031
94744481
399095457
511357778
155111246
20375639
265830891
326309326
379912339
21900748
86879913
273312381
500668496
11356587
186486027
320220838
349565893
227320529
387810477
175355215
363539361
66672443
218316373
342485434
112425312
372893352
230985597
421335805
2059256
177204749
239439707
136306025
33083052
84916832
90847921
50648357
47653544
532066791
441962703
198505844
204322141
266285111
302147160
346440987
419690942
31640235
55959548
185878340
133149759
370241157
364202823
39555930
444557019
218573241
138065309
397247093
270887619
286018807
265346990
381208261
468916844
102149147
363700687
478829729
483293934
469369896
226616780
327159552
243498090
287239921
341035094
270661589
288656355
217748423
31280239
508343470
53109713
446375547
57583779
100282093
486413106
233131723
2510279
293542549
26091882
317143320
183678246
452067440
78850659
79383473
428981237
76869759
428110033
436330202
356109401
304722751
209690593
215376839
476537822
366925326
2206636
90130361
281560896
67446652
58270767
18380649
266073079
177902341
483337123
233261075
119679854
281388009
37717456
238322897
10518732
237630621
132830828
518747680
366593101
531480575
385651497
27764639
79420287
343266725
281014487
1056068
322203089
98147954
248111429
242354519
275569801
458100866
211262768
232235795
330908134
163999768
444722485
434878538
390494585
473246825
9335617
110495925
388246594
321640463
528724051
417887431
526295604
534759433
317638001
235032916
224203566
401389627
91225788
218623173
280376930
308529111
131360555
125172940
299062874
41716522
393868631
148946168
400401703
518080117
120045443
417578651
59476068
260016385
187755833
132932499
149759558
26514763
446749022
519663781
377365934
444203488
376726656
29057036
16423569
30767333
326548512
480961154
203219000
393915709
293506625
97413642
443095885
435284049
170432780
240142613
198015039
391369518
320005638
360865755
384353487
37017750
379931172
241643850
341426072
358295585
289442948
486334502
138565991
432259089
95179648
321821174
520418392
82503835
394934201
310585487
224234457
369793477
227458601
448882530
434214481
12079094
43237610
231667096
26646342
39364521
204840503
227109222
136949751
529095813
27303309
214971349
392591597
434481025
473785815
196305962
390322220
389680276
530269344
475526525
193042323
287196230
530442836
185074125
344722592
351908546
298970413
197903203
112326930
149798500
501645544
148950386
124089443
99643459
489896823
191487453
520899309
208276711
327335694
327514277
341955741
82934774
167782044
494274747
448145901
536471907
283930619
476806196
488476735
224864188
362172591
16700609
445564847
195222900
126030507
129604037
354435810
444854676
348542686
522249334
132488054
199135070
74112004
387097375
254468287
469753888
480882219
434838226
352135410
6665035
470452583
509847935
318387770
319480488
296555440
477789352
209897971
122741165
160788290
376815022
350731565
339594313
526292370
50596172
198077355
499839117
524882854
205564038
231105915
93987810
94062458
418924540
393139999
3401424
256112148
299496557
345712088
430820416
249145435
191195486
385175013
531736731
53361122
357011448
263586694
38456151
533041686
34260177
419159018
231727432
172892320
513350415
51539990
287689518
519418605
406296441
4463605
335456656
275404221
173631114
379748147
490064067
449920023
121109329
293904780
464636811
386301010
473854598
296608759
31116208
26108194
450905894
350058160
409582847
119091430
222876391
444402658
179617616
71176351
1968271
256797632
164602773
406164746
341039393
56173067
533432045
20792863
414092382
523745991
326243615
342634676
136562034
390399898
414828598
120219204
319438716
420192512
47729610
168357617
103388468
43802987
56853838
254152202
514438367
176681293
63153862
413122068
290553696
407972399
141884651
19836190
388519736
418640033
305925781
454329126
395402541
181114401
147966362
30209528
417803631
134781138
84579892
385948731
104237364
49212777
51668859
309666140
69306462
184379484
246961656
281127457
525436110
532981795
357424170
528751279
270339938
302155462
60658331
452281883
240852157
502949505
458004152
474944242
347665346
237172866
189944844
314579762
367520877
396679587
447191717
96349724
85574295
439318189
149910491
1291303
53100166
422584996
430584324
203038346
377959228
231915392
150934312
373203922
385044429
33466247
68473940
62381964
90393771
452797318
186594773
968649
514307446
364149235
318170045
315087842
281131543
536656796
11962883
244783114
188260531
459831756
139473015
467859369
92797535
448051760
218006984
126265718
322305041
233406158
444785718
519282792
42321113
416451276
188916424
318653784
307961249
131703410
172581716
328028144
204107031
491586201
98920956
67077364
387488307
145761209
297668160
182290781
1915383
59688154
242776144
156981223
84742888
130880305
149377989
267260096
364657592
290799869
172342650
424169511
327559188
382300142
49708876
443044213
477576939
136540231
408313859
220477318
45987426
48356567
219382896
279360636
474487252
123971040
440147303
152618022
249674104
391947193
271810783
307787892
250782383
107369160
106256813
281567934
285759580
216529695
407151756
36640246
413013711
451541942
401083480
495039374
345132313
271821546
273157963
240802964
433304996
406195943
120928686
190051127
188957200
274626078
336373828
288601164
233046469
34365582
483150044
67972383
371847412
474037790
474997331
344682396
511046970
486933107
286098676
323047571
187099772
160946214
461414135
123020104
16911813
515205531
174814764
164526430
509075395
30679304
327268579
67076452
494741690
215418142
85534647
514310723
276237406
252466085
353199590
405877963
189734452
345923908
26831207
522043627
278192844
196407751
301308437
111089186
115687450
506100961
88197558
313132308
210836858
15516308
317063993
494175036
223664135
124000506
391946426
521604349
366162787
53823406
363626806
442420393
277247927
482903530
252667826
397589278
464769611
530528190
286323711
446011148
184001049
262326864
138667646
375116592
384487630
377348291
87674813
54967193
132235293
487042196
437262588
427094212
484610184
20589569
155641098
176952898
18514924
64746115
97345487
423091374
328296815
345370334
296096247
55982309
152204100
439463383
267564414
127359464
81500669
321793755
47850675
469012199
488606541
232814668
397844334
39915534
323077725
465147468
483095088
194235877
444497546
472314618
73406287
158822689
381182716
439753392
341552718
34535597
60519965
94634691
502520565
281222317
249590078
107476265
516129629
217794832
241801991
97715003
124277973
355952243
298472613
158367615
532372517
52920249
280328286
248427956
203279324
79730259
536599708
403268318
24548181
430572873
195014520
407613227
79871974
455090335
115739285
42515198
313259223
433337957
286412671
120064474
196830575
406228158
15400653
64201042
183946850
117467563
480561232
401688010
409577447
424063285
139835159
13495516
313425550
196220870
519741102
306083954
386993719
54288180
405701430
363308261
38211631
70851590
483661487
411059192
264945721
408429523
6896351
387846023
223618499
496198786
259275986
149200850
264477905
267133338
244895054
247489162
460281409
379771850
423147098
298038369
139493238
387075166
25230028
183594570
36150506
292239230
485654293
188729408
142936771
436600949
485956235
275582967
339626231
175606186
167069458
107491610
244467786
138210349
340873150
188579786
91028051
381137750
362244300
385515638
187744358
332980675
383003438
83119514
333652482
368541586
23681554
54189258
145297843
352323452
414609016
19947500
193069110
22687576
89907056
475671078
214007753
342666259
200088555
347950875
44184162
211087834
452701617
136167030
112067316
427668161
217977426
81193
414553192
481496157
370690725
11430201
285369369
89997486
56088770
355771044
47629620
175293786
98265582
398930006
463284512
74107175
102639426
403792220
501064250
43543394
6761416
137033296
387130312
284309029
169609081
54338294
444916425
509393046
328545228
123252752
242187223
178915609
114920391
157975514
457514753
397953354
342449118
331647340
348585943
520770748
225789240
433794491
182472930
23612414
332028226
414582636
131473517
138497300
251954733
505559235
287226199
440071052
141846466
41858068
363926262
219211362
471997413
110667746
235511935
191647062
36621513
459740198
334861309
261225413
470348337
467397259
341213739
518522330
352124238
166433929
448407130
344092127
121884925
530502875
35213202
246280730
391441354
417672122
152107889
510480059
357329853
80723330
121686231
153065016
320575780
100230661
69233176
151505952
499375653
8866912
286741952
359414957
40637694
282271047
431324050
206512337
72698312
292375721
360493585
66487154
428824793
516476578
176563249
90685586
42790669
389932836
143528247
499164779
306082697
482892435
36059804
192179513
528026241
487023271
535652451
415597067
42927833
300593855
135461560
18402187
184057785
3411863
363969996
350463002
411514253
318302086
115828417
421802502
312265942
454901847
151940693
379743041
191689317
182157293
161153515
348601995
429771616
323694632
41577637
248330564
519965979
438329934
369870679
425473736
440973591
487658809
57695085
278413433
229520454
431733451
52740724
486290665
441049445
175949944
405633840
160030478
350642857
450008619
489808939
393612010
90263431
47710978
107964069
360587252
47346191
73467642
278774450
477231770
532941315
29879347
202421275
356416321
460298809
441357992
518140278
353788232
214966070
167423283
420573931
341978025
288536533
32806581
325233157
522763376
89392703
314244419
171940330
331261297
100383295
383767314
14450204
186296756
225954005
94952268
288594560
325238293
506240557
494938886
395050426
175293246
208833965
157824607
446554100
364372652
473833535
429877589
130995331
15241170
369138683
474899801
346724210
254142687
35478299
186296158
29722925
415039881
516487321
15260799
341970416
204105027
332639904
515366088
266595274
210803957
464450250
408065503
308036413
400019523
240458009
483690080
416686922
421784936
186652913
334393841
499662329
381409607
247648967
