    -9.80000      0.00000
    -9.40000      0.00000
    -9.00000      0.00000
    -8.60000      0.00000
    -8.20000      0.00000
    -7.80000      0.00000
    -7.40000      0.00000
    -7.00000      0.00000
    -6.60000      0.00000
    -6.20000      0.00000
    -5.80000      2.50000
    -5.40000      0.00000
    -5.00000      7.50000
    -4.60000      5.00000
    -4.20000     15.00000
    -3.80000     15.00000
    -3.40000      5.00000
    -3.00000     10.00000
    -2.60000     30.00000
    -2.20000     30.00000
    -1.80000     22.50000
    -1.40000     30.00000
    -1.00000     37.50000
    -0.60000     30.00000
    -0.20000     27.50000
     0.20000     45.00000
     0.60000     37.50000
     1.00000     57.50000
     1.40000     50.00000
     1.80000     45.00000
     2.20000     32.50000
     2.60000     27.50000
     3.00000     22.50000
     3.40000     17.50000
     3.80000      7.50000
     4.20000      7.50000
     4.60000      2.50000
     5.00000      5.00000
     5.40000      2.50000
     5.80000      0.00000
     6.20000      2.50000
     6.60000      0.00000
     7.00000      0.00000
     7.40000      0.00000
     7.80000      0.00000
     8.20000      0.00000
     8.60000      0.00000
     9.00000      0.00000
     9.40000      0.00000
     9.80000      0.00000
 after hadron evolution
    -9.80000      0.00000
    -9.40000      0.00000
    -9.00000      0.00000
    -8.60000      0.00000
    -8.20000      0.00000
    -7.80000      0.00000
    -7.40000      0.00000
    -7.00000      0.00000
    -6.60000      0.00000
    -6.20000      0.00000
    -5.80000      5.00000
    -5.40000     12.50000
    -5.00000     17.50000
    -4.60000     32.50000
    -4.20000     62.50000
    -3.80000     45.00000
    -3.40000     65.00000
    -3.00000     87.50000
    -2.60000    107.50000
    -2.20000     85.00000
    -1.80000    125.00000
    -1.40000    115.00000
    -1.00000    115.00000
    -0.60000    127.50000
    -0.20000    172.50000
     0.20000    150.00000
     0.60000    130.00000
     1.00000    145.00000
     1.40000    142.50000
     1.80000    122.50000
     2.20000    112.50000
     2.60000     87.50000
     3.00000     65.00000
     3.40000     80.00000
     3.80000     42.50000
     4.20000     35.00000
     4.60000     27.50000
     5.00000     20.00000
     5.40000      5.00000
     5.80000      2.50000
     6.20000      5.00000
     6.60000      0.00000
     7.00000      0.00000
     7.40000      0.00000
     7.80000      0.00000
     8.20000      0.00000
     8.60000      0.00000
     9.00000      0.00000
     9.40000      0.00000
     9.80000      0.00000
