186966695
311750845
263883108
480217661
78062301
13447750
291283356
202996180
450378436
357070984
304252744
250532872
373943382
328148219
268390856
429899784
440234394
307694080
415727959
205597503
458130102
214774400
354036762
321436107
173974225
238703998
237018630
161822139
53059121
21385098
217525200
67760630
60707481
147072256
113120842
381292076
414045869
21636170
401294705
116168373
112901614
488995442
148567257
486232215
346234214
222696839
214441377
11199580
277379508
224865949
326728904
93417402
425290614
143432754
360882769
69444204
88828403
191071660
488173195
149597470
529053547
437058178
8016915
134976247
216287878
95509244
37042214
24156635
247202598
117601054
310114269
211368031
466519036
496107349
251676639
370881838
480106175
351247193
465960504
438154461
504170614
60964557
486517673
506609415
445318835
271166583
125699071
167144535
150581346
339769676
470853020
328756512
257876073
2308877
376420373
356214298
65873584
158802312
475487626
526766449
329891925
418716284
445894746
43128742
97718752
269143757
170377264
268452347
225095115
432454974
462321179
174341800
479390742
203635422
413831562
327475546
203623243
424971073
516729717
100944542
412634855
80211709
392494118
169030190
33875020
316284777
471123396
422819906
283359590
512169311
371072524
237064743
305246278
89440890
172020383
422380568
456243844
239358551
386439336
106906914
412193776
264221300
453014989
52228170
513021789
131747867
329861375
330805082
51555840
177921149
97781203
43684871
198790527
485644696
96317684
328334707
507952042
441735290
409899015
47050911
267076108
317231904
318814351
502205293
136026557
396776852
394117864
148310084
347720757
98214417
333834024
459213255
51364026
486884113
376961920
387604258
318131792
151589407
477154283
414439263
217124808
382834622
310218915
97730201
442943608
476564107
400695323
534245310
394606101
340839560
206206442
155584393
27014658
413811656
412471971
25376519
353002953
69015417
318008240
337231010
468314658
379338606
526951291
202204891
2655386
260749870
267266883
367492408
444607265
138396468
297764414
514325191
86221007
214524147
123854008
63136060
278322144
44049908
119215302
116325326
514197828
214772313
359255384
444286246
65266815
143054112
309449844
500989606
471957455
461976630
410759105
415294395
334329390
350363557
376200889
260447873
340902240
517352486
154379377
124780912
317868163
386083920
235921980
244221468
412833143
260223914
455747918
98672545
334424446
328188978
177978971
22906060
181632196
159867404
369408669
464158796
405034864
461573059
261236117
107582856
461942052
467752551
78011649
121005795
273633169
262444733
12064562
423767920
274839252
21740498
12061296
13483837
74139425
280989326
192446657
239605298
78860888
262700359
171368131
355889204
131302795
329908698
333894552
6848813
528301881
174621387
395266645
402053458
83438701
24953660
92501448
291207723
425911478
336228670
390824419
171950873
87932505
82135016
512353820
398973869
231914444
68417517
286699150
138712072
167439463
438326298
516121280
97018947
93953653
287970109
178871322
208480457
104235800
2910996
194183382
451670954
467724544
2387985
65592836
275945246
218473446
171728306
16433376
278148917
18284866
118775450
492152522
15843617
174042266
206263530
342822161
448309326
285053071
322643670
286991031
28038021
403661000
419150014
93437640
300291526
362456615
332165203
238528173
137347203
310151547
450780268
299441867
181949481
488413190
512656506
407566395
263353900
337025972
61584316
458763793
392303808
290685216
367504129
22187566
390551235
95642845
127800141
404215536
497512181
463867388
309626082
383477084
193314588
186275013
274419182
56715146
235757592
398567823
148433768
443156113
148465474
107614334
134863533
142829160
40927958
313812695
339359861
459004963
80021983
268154556
445094890
329675784
384956251
526032312
481452135
294222299
427286811
427584114
438501661
499634858
27842530
449161995
10165167
416462899
50991309
348845836
88522512
195578065
395537196
176459616
157326319
385581791
297033832
397521598
534311149
348069414
297128556
209116154
273353653
282828440
217384792
153071641
198034745
465134817
47527651
339336046
250735434
118072563
523865509
302108356
335488337
408549857
512467450
403439620
438621781
410331032
338874499
183255009
34268337
492836507
279326787
109088296
78727332
262092137
146613246
454329925
30584176
534403847
448167070
60542501
61804563
72539573
79469290
406500552
211572034
91345776
283955475
413694270
101540554
227519891
28610325
325608554
374658242
224420725
128213529
483217122
152790563
429596787
163631523
534268562
104155461
284723376
248805779
339359045
124075850
85971731
86619085
314735980
389063843
321267365
188364607
386514557
316714951
336978830
293977157
23127568
410513487
296281235
16999643
457254805
220954043
249984892
501822206
361922091
507183489
307064885
78933301
353074635
254414031
488024099
233589620
134344574
507000846
348212702
84129780
228702350
14291507
343044251
283734878
230184881
332785324
53650641
61089750
258100037
488956216
258342820
515730255
300206293
45247559
332732421
70047650
232052542
118768613
88532224
487070430
143779653
409950233
258792339
351404435
19755819
106068329
142034817
28877650
340087666
169272921
150931622
282859157
393279702
384269860
304145964
112651972
157079611
401672792
251567044
470984350
338754580
240818034
324629287
98813380
470485830
456695421
290610543
1965865
264279339
252837901
477214519
45540291
198301513
504221101
441139776
439839314
442091371
445025221
379035850
386096153
501501034
39398458
401671096
153020242
375223213
97619404
449392699
208441388
250023146
95069444
133184279
143918980
412638389
121477901
391114409
210911850
218987739
304480062
514009088
341014229
237755229
175971240
162862308
504408841
354576010
452223532
313645233
66005815
381685692
407205186
329159873
156253184
442928143
285884415
317943327
106632342
41123812
262491071
219186510
261687758
380270687
52614294
112661266
105798902
490682258
283755610
223734220
3606614
62107399
38567523
441207689
394772508
439375980
10915109
178020735
177147521
167213441
403304932
353281209
469634469
240477952
417092264
77349708
499548250
285591954
457130215
87112593
438342729
113064420
142574189
210751559
89578104
233246487
168803917
444092178
456886518
461191620
115094682
178495087
423420388
14028474
124322581
381346400
55022112
455528385
123670650
159877229
438854261
50875882
164082071
497390111
181200718
289389759
138636845
389997809
179142708
466003471
434383075
306531293
269575404
298424533
29813389
165845506
286557450
183469922
442365695
529353044
407430107
301750163
20019634
5406720
173056709
534826719
63504607
374240709
278101115
336981160
394153286
474120982
180237486
485619556
170127353
126109658
319279190
136101349
70224899
438737141
476051411
493170171
409067510
307161996
259245479
265864516
431467819
256715893
386512073
482411811
391714232
1399879
155613103
77135430
536828122
48560205
293596913
449878626
491323784
381722768
186770630
17849850
361649740
188428005
31198940
150610542
41023460
519518892
303256636
8092654
267676106
185167187
272668248
368556861
62939445
507277591
219078105
461345958
375226642
97421890
429077148
286599119
495297070
3712901
378655109
144658300
429602372
323028278
26552856
238891541
131128011
224892598
514863628
142851199
360399545
144928126
262513671
355419436
50213285
513517442
468136003
259357406
443154017
160192669
373967240
533631327
403283230
232167151
215781445
398879204
341285869
22778834
162117712
265508709
364644923
324669897
391993782
417965458
234124915
507232505
56474688
196060103
7513698
196754799
155744047
179467353
137509438
202395895
359721432
496892629
362395949
472891627
315178127
90432797
31040469
409881601
533063223
346226357
5173620
533067007
511353845
86556781
356698139
315105351
300682012
21651274
531612087
482624671
50982212
336490892
192636445
493207213
53383507
400564277
439849989
233317962
343255864
397515419
400646667
526816230
115593677
400129653
104650265
149069356
158658108
485673454
370323151
531297473
17024169
428561418
383070530
31231865
106492744
494780592
512214903
397612918
466438198
4802371
33539074
393441144
35839065
83043011
386537065
90700087
186618439
515405734
213256337
56233195
176379511
465338718
216932525
140045649
28244881
488229696
293344053
526552702
68923712
69609385
246585762
152193709
93312219
524277164
177587413
100196758
123353245
191263517
436387045
481353714
457169891
43036015
272427739
151805922
296032390
106503365
290939923
151897504
379763398
362025886
470125149
207466217
244210342
241757760
183215929
240856872
506031489
264669708
225361235
456379047
84505121
437834923
284818469
468093330
388395647
51154299
174260440
508250589
57352286
403571867
531952820
40628329
402237811
250793352
491434452
479446845
14627364
427758478
93132350
278972337
367697298
283618355
122702039
51201904
228232892
181938141
203401052
437305535
279631787
501679601
478119621
134949897
401089065
399821155
124513923
58321616
52549440
365801667
474519030
241329280
46094398
247893667
360628276
477399950
436577515
452068764
355414030
288291274
148352591
525061015
311231090
386363159
56045024
28525145
94679938
381627944
477611649
33379091
139323585
58132137
271708387
221682172
536490389
41593311
315565744
359292217
92088871
355208186
220619657
2088755
504795884
313340824
256114103
12885160
40103262
43095609
171462762
248925018
489950780
434806953
410693931
150441244
3224835
522894346
344636262
20610401
276939090
76189565
2327064
492897216
445882982
426125379
161019714
341059308
20265028
49185571
131624480
151470986
35008189
453088444
317552827
140037413
216523665
389738325
102857880
438300026
274221325
385503571
144356785
183036919
256071368
474799560
60696388
146163011
321241579
402812487
69844630
296222757
56464917
207459417
438513008
396913422
193642413
256190358
382558077
