242915674
331287821
229835386
274228670
39587159
190462517
39751409
515462584
279949548
384428500
4990718
303977720
59566389
497385302
222198640
496276446
121092153
522421885
405738750
237308335
368654521
290128390
287733840
208795697
29360728
35882160
282529517
452640971
211888034
248088946
292276716
529757255
270451730
408952803
163878535
150081749
294655468
307638159
90719144
402669928
412656104
458486849
330388720
135732536
461648250
37797316
354379581
314398513
325515364
509880252
223930912
230780531
68216535
400107461
29861381
263468858
349327382
496231049
105049041
322215249
526780277
231512627
416463885
374866134
456920043
6681955
300393771
380724259
230320252
375084120
210792584
241218810
529682600
480163444
444203872
101868863
355648689
105691974
275744384
203484982
343114157
428954014
210547742
42145082
161323030
511829765
471345345
221774242
429003814
268675430
330850531
519590772
273130878
58198122
323090227
77199645
508763392
223639485
241648611
184147746
241139524
256643504
499971187
32396572
135681237
121535889
228855865
535664481
371021192
123383821
520416292
477601136
48206919
190248545
494249843
482785274
12568065
471937082
481597150
295560678
38321082
129026791
323792341
396262947
18868666
190614255
523603176
379503665
239212648
44693873
482411307
431913041
210167302
219255056
173430440
158922609
322360639
262000733
432820848
6080672
265376810
114610218
297942411
357989186
120085321
506569779
448359761
87493609
482250975
10813790
410779248
475624198
121500926
326267465
75076809
195393121
190428925
126179411
481551245
207274709
296691166
13467803
527081279
326285672
336422568
382273392
474290552
135597683
101648340
8916027
108514807
236859572
507703417
292662882
525971567
55904665
360255131
11849369
59057017
527009195
202915463
268671300
531928577
515386225
63272682
413355918
159887440
364088746
430161067
472770410
372597191
167674876
387412427
182459145
318542164
296482117
347829322
157482179
450662001
177177052
333427891
313889507
161568520
401317747
515480787
350311442
24736082
515133371
312121855
379566573
487764713
379622320
225406225
514348511
154406404
60085832
230327088
64899098
492034217
110813813
156159592
115275716
150616380
487363734
512051449
100123136
315883631
489259080
261797518
388844453
201857204
447686576
89908056
123981161
462326854
256324516
257999320
251610630
76376286
265780206
320495716
456319345
473620423
172150011
241362644
302500496
533260838
403640078
103305336
368373500
320742366
166692881
427645484
46700707
435231513
152316583
58394106
421486335
427667802
262083867
25120492
476719310
202151009
51886446
142485125
227343817
434303006
388768159
405188133
38148337
355644981
512726236
95963379
30178015
140698223
124913801
205610408
522754261
35471891
51757581
490202229
478317373
452304056
335522547
319332262
129907159
253088854
15575521
282882278
181562463
53680753
496408446
364484589
52262777
347570832
529080446
231735072
471323789
347985684
463006451
479723980
96346614
468828279
31845318
80279169
359309584
268225584
120997029
143547601
449990038
429432459
219273106
364364754
285778154
384831267
59145708
200155108
327808918
68193676
226271791
250242802
184945859
482940653
141105743
476156892
507193916
114109869
509144000
374804376
401541794
257004177
47150805
429004459
328914772
117284840
410467760
131047026
447723708
178730191
243184019
150968268
133568007
24168475
487675253
192481812
382273026
487765997
317243856
170809220
233305123
446430378
102751072
442610666
136886522
120733257
314203701
217562207
102769694
536272879
145660738
408127887
268178240
42900060
389985818
22601777
403552387
144934876
314721744
355210689
71937491
128949914
337884559
351690235
274908386
312294682
214884638
140546585
33625468
256588464
388269091
56863078
480724565
282007955
455233548
512665714
313862874
78010502
93549652
8624076
55325777
110863452
459669743
221932815
132263662
471293080
531273387
220760668
405105695
424276900
1306151
291351254
514164751
9462674
184090662
310092846
479956900
418226441
194534590
57367886
57802326
507189554
369941821
466642524
119789935
465807781
338093349
461040463
282919808
504900298
177838003
462094845
520058518
103207791
514488112
169455500
31577686
28441056
411740361
113133575
502070415
279714102
226038794
472894540
373393378
350138299
359139049
197510828
290323489
290652881
326915159
363161584
15036158
465050669
47663840
315468326
380092213
21979963
435013947
190429516
9520473
256293792
314635326
170361893
57393097
277646338
267701360
481281141
175482896
523490683
441029048
370691350
464912689
92014685
427342093
334411354
113082319
103060665
155628101
146542282
261315856
487342973
329556226
534102927
62564899
247682249
184460249
484327875
240532611
473428672
100652083
362583449
214022023
187781227
128807938
266347238
473333921
514887595
233041049
122515336
108930170
301172445
24532275
468717697
534545102
224171887
401811947
526574233
135833913
498414992
535464010
342876784
358310323
266445664
200401394
51320335
313318091
80730744
519466216
450869206
104892987
80077431
396794511
138533177
252244257
176966491
155011207
349438134
109071390
131040330
254507622
417252212
492430441
299715689
346855389
470387378
4740286
159344124
61732669
94508822
89847989
341403709
381176566
30034839
2877811
514048840
316417496
433753261
520724445
518526271
496816633
363570949
53408101
448284004
71207479
396198745
108062281
402114960
262767650
274187462
306910700
110416653
534672873
52140770
488139823
132134816
306637329
320130945
229441789
224116348
361875145
292967762
197900809
91425496
393431748
116250089
457574600
523830783
409424927
475625792
261147435
430800737
74626069
396754800
340847664
531888771
364585060
163663800
419970042
268373348
110615400
364744685
161628536
179110517
90151024
325701645
498379821
59660977
9593831
359671532
131168715
272663552
340353599
215763170
12459725
486006313
449654886
482215845
483345264
389130678
524115562
352487909
4715568
144280536
404468137
436031778
452776929
289043192
339375241
287112765
156095174
223479746
390617596
125608091
401371705
331785460
240211960
325383461
528226345
121600987
436791010
80335124
201560807
202034872
278765899
152549899
21958052
374487631
230471500
128067667
302616099
244016174
221318579
515231533
333179137
89475114
274733582
162241162
262079255
510325047
493814252
327751506
508562926
383294970
61643123
486320510
64660232
187171434
21899173
519489072
427625842
119824641
419991864
257648464
186984495
86153335
188609233
172958785
470064822
382936307
120883001
85981899
273475473
169777667
352848153
286644764
325281743
24507796
13807476
276830040
494099635
442636304
79008347
140597532
307936285
370490040
367202162
100171668
285066710
527034607
435414759
119651927
360459415
166840604
152191345
235284288
383031721
82730798
493838298
302356033
281960029
422490288
314728425
516611552
416712315
242892079
386779115
59585418
405213605
398647668
10530302
71282007
515816202
163219889
56348312
529585781
50549665
224125644
440361574
166495710
330286760
222442878
225261204
294201667
513613589
279350292
162072377
37475421
38051645
519536551
359399281
439174643
248784390
304197135
198814283
314830889
42578952
354299174
61383215
255697359
463137418
501615011
464842624
8063932
239197077
237297228
67835431
138178116
319936393
377417137
440415998
220922916
305293843
450303007
224033542
492835610
168842622
464296656
462174282
260884969
367979841
393854763
421645528
430923325
280103776
455651025
482496513
418294177
40483443
346572427
38891311
164000984
452679445
430064859
80988106
275524297
468638041
382272800
528077621
48456562
399703412
27982563
153045962
111537356
318930668
481320418
140848722
209972561
6270557
141384887
490132111
98809702
271323964
447054593
161259784
237181008
209879430
301757014
10205234
420267998
486593200
397613924
415734078
402275316
182292677
362431433
463531392
46578423
62011012
244270269
356935268
381458068
93752934
477837717
458474592
473340980
358450492
321007147
247633073
25135426
279195709
173763010
259621601
318014826
213639990
421007038
331312104
340761347
333641295
101767177
292827744
383442460
500796533
314397112
285291494
274187905
231043700
308633937
264323911
503364869
166159550
2481542
429514345
359501306
209898412
147105702
520518936
315197691
451459311
94382319
334198218
250533415
204197159
180793340
11665494
472479009
252597662
56999731
294251864
133079379
139097930
297656843
442679589
474680305
168391203
115799681
430471030
414623718
410727085
475541274
225011809
331714973
17291693
113506694
468323976
65708812
412689895
429273143
476380573
299056902
250057231
343051742
373017918
146755631
173988391
283916874
159170170
58214063
201997575
403622342
517763455
520364875
181472778
514179691
443503496
189107088
454763498
307226074
303603645
368868344
67597404
6391343
166321523
387920009
199129245
484793865
344681930
67650625
126721079
223630247
48172122
522862817
323918554
276124685
134596301
289986345
370318722
92522741
486911183
419942422
276076561
516228159
492678252
457621639
459804000
403680051
430566024
23442991
484929650
85672101
466013143
415529737
311528467
469501939
428537807
149167995
322392559
191760056
175985096
179112993
7743568
108146381
446665282
33010410
336976347
327609578
168860954
15004504
326971473
54837600
288210226
495188700
208527798
104951745
319202251
340089150
134848475
112040964
273922991
154227924
60668262
37564884
104924699
140699594
40335318
308713627
427872372
239688190
476484876
421594045
297148925
365568771
343270692
385152360
463912209
449587699
133720425
165174332
524257312
490154332
392613890
135334622
337088351
176886773
529801199
359073038
470757494
276929366
105250778
156548687
147580315
277643864
114058497
409179841
41119338
122475943
486064504
414412717
134190777
472875951
59431582
300785747
313407070
137053239
190148036
323638729
339757434
461268107
388960616
165804099
507268848
