433659751
403990725
469562764
442852335
481239750
252637032
387174192
152653139
505377627
466250450
97794204
120578168
231555452
280495627
182296059
143943903
326843075
284911524
269547084
494506727
480409444
193391442
191962479
438451744
1018779
474659131
486048668
242233198
453578456
521389084
516756134
223635790
184265410
59501620
311841134
343862866
426108847
196972041
224126464
250158322
469155620
412510115
244413812
364159854
434816668
405710334
104754375
194105903
252556608
206368583
322575013
302866057
239803610
42634136
48395802
185291228
427330754
58036309
337797346
379965314
495081673
482222204
253553952
363796850
70797161
500744896
238935067
395944788
375690529
498818099
526562845
95097866
70736512
505559542
325470430
55110289
254140381
282208196
276679361
374315898
139196266
413569384
222096449
108168149
285106837
390265901
246055173
477352326
398544696
197420088
379539582
100270753
191008506
251914398
410267515
446581111
379690985
518078131
276212044
41782875
430679730
430505787
161049807
54216182
244853566
193950854
159622932
138785383
253602547
400902781
117954306
208350616
85321106
285944043
215816178
517907855
272499225
53229334
299843621
372930942
462144847
484010238
530455439
30214889
160339340
56284626
508495938
149221973
271901307
50264777
473995983
98646893
86298905
153961071
37130078
419071471
21952812
167573743
433646707
336002836
482431018
367794777
96038931
337075153
215358478
414277249
350034667
9176813
95928542
450055529
455699565
400171220
418380774
207929187
365979981
315787549
222659174
430422762
341231977
413950785
511924504
442913505
315503986
61946958
238248096
260963970
345690238
408275675
407387138
170551492
3866630
378998271
436862717
46612084
160539832
204581707
506625638
161536715
172664206
454172872
94930057
75725201
140531082
376880090
48041866
146621903
314038089
82135932
530236357
448600704
112335765
335085908
46790151
232166723
307177727
91754416
160756262
42211798
213386706
57808350
415832308
58115514
110454276
246066337
484462468
330609228
255640965
38230017
310760194
419666573
50286527
474725051
163047021
93283027
415257521
304459248
131297863
169289804
157331081
294443708
829974
319253720
158178635
287881502
8952971
501166098
437416297
250929745
189728747
316326740
506589929
86365263
496308278
438276474
217161920
455750853
282423508
341612665
363265173
124066373
336753884
194027689
451658233
474751537
442926389
46089561
18743937
12914229
106529520
218032054
497943396
127007946
506307267
146164304
49247773
299521412
460620971
271270558
470906105
325799578
40754553
449919140
106320151
131435256
21815982
456629656
475218916
499296413
49300018
229917060
105440091
128303346
324133337
251695688
304336967
203603029
259248168
443309934
251173950
130571881
407344638
174488264
19267197
283309285
83713433
4655044
209439207
512426184
71041661
371036490
310416476
88685486
475018631
189118109
272413059
462174176
203710680
246727347
60822671
330294421
151208798
493886628
37508729
310893702
439116978
395317270
222310332
22642780
367686704
69816391
278069141
385275030
103075510
411619631
225660775
53294580
209610227
498967664
287083641
451298397
146699301
508188928
434163462
155285822
122549912
505100990
160769546
158917421
34715401
457989497
284584461
240608656
229999195
146298482
229024092
428865136
378206848
461461748
503595630
93569720
210270886
375593926
391914095
509268102
426200749
460425455
517546212
507103811
533411287
479006203
292545664
156965788
328757304
403177893
275909397
246180266
518252039
281793390
89215121
425905716
444057843
486797636
411580055
446842892
89379891
400171015
227218845
460242926
442553438
273089988
2189067
354499272
372544840
418642478
203809966
284006594
321367402
315692209
281066133
243978935
169270143
512640861
404860840
451580801
84230936
386367334
278285695
372671717
284412812
488666067
229248944
45206824
125280312
494615767
28503016
503762324
57770018
493494337
315646169
33280320
462595599
356047735
495309503
206242583
372161987
201153899
413024364
442566983
286794426
349376947
469628526
101627562
23414133
31202394
200221226
479857810
269751184
389929839
217062685
57700680
373245431
113574776
164306047
449747907
503834723
228771346
68034254
479163376
194279168
415185647
416172608
404500141
312976480
524207484
190546065
479480602
39004331
149285106
423786370
339240516
384348
479154135
293036398
111341142
33054690
436319410
271211934
393568172
194787323
446401702
62652324
169893482
329407564
326511446
84608012
93422909
510969752
230907384
484926405
12771598
222993687
227687628
198052766
270404372
39040005
286024283
516506517
403744390
405751421
253037433
207188294
272003807
314914739
120899348
483775888
250404933
219054291
157246396
305864197
468110700
153073332
128557755
385909889
144957211
171973322
450418855
401824657
467001340
390401098
49257869
336530171
302359570
19597201
396518417
310186376
213325571
289355077
327514009
247791415
371882305
184483386
501253169
373716700
519520622
219272323
328239341
464090287
296107869
94247894
203859719
244603792
353369422
451834084
86216111
251214289
495809750
510407976
292512731
90203848
92551434
196286611
250532720
88017344
79182176
365017843
4517475
343010470
101859542
171033572
45498162
31554541
50337971
535095369
75785372
529992743
296732356
247200508
480982547
3001997
219820195
279958419
78831174
216207586
176173249
139440175
123992648
187414117
202448701
501310496
235779654
380893697
494265985
165446272
137420870
524894486
214554082
162133894
207304141
419592695
229087493
305859040
366427888
286021197
198574616
225909717
89516954
90166256
290980133
383638175
251762711
448527286
321512527
448741316
478486377
252604170
320716874
406488534
349352670
255928722
505120877
30189738
365976357
167529522
252571941
148451987
199721378
173468073
232318818
107386268
97010255
386567424
58254857
94681650
120924538
178318777
7131568
315678735
292828507
115637691
76549013
502214995
517430082
354295233
492821620
477006975
281093004
130450785
362742787
511055145
417071416
524036208
32579571
25807152
276574955
536687194
90393521
376108083
101996938
16720719
461112357
346521389
335002857
454385334
362336452
448270511
32967264
14971746
323058977
106720626
534452484
202562523
156749640
114552375
212644520
89730690
11603199
446853131
125926443
84752299
293441271
6168112
210296466
30893490
99713787
448135712
115440380
314191906
18436909
79347472
337311982
410632216
327953294
159995030
420704178
62338153
494432390
527800794
130083395
162374360
478612862
417134527
292317171
415155684
426599212
391542226
8545930
398569248
47576104
282787617
149829360
327994788
172605816
286348889
126472104
387471559
334654825
150360824
472975109
292947437
133853376
194492951
487971558
245198134
168707318
331899248
227698551
391857037
243781067
424694740
352301290
164581266
29073669
179413574
460703437
413010880
358537373
156960330
462093627
32814880
34014336
288430216
428013029
231241177
524775738
181534588
175184854
339096884
454974030
386631821
58169619
385416726
417572474
69787028
439613163
465178042
11741300
349479312
298582087
183624189
44263840
164427620
443572547
484164166
520842973
213260182
440756299
110053209
211835995
219787067
457520262
243792802
86402607
108060243
267322812
331679547
525708375
453882276
69150559
248695671
336535973
527572434
128868443
489421068
67906279
101909574
226202548
503129522
331803101
211518588
420808623
425937144
252008275
231883092
462203357
454536192
260329291
392170092
90208396
132211300
145152362
154139640
287538368
390460035
36809852
282155517
338097704
179194903
341587298
209906241
377522200
327319413
485092945
223595392
487289737
190883355
114169613
459036290
46722860
449816201
88009299
258156388
262850135
310403554
337235664
120119664
373339404
77913503
181263424
208807540
530813501
125817180
493080917
426335466
290606208
216049099
348145439
514734440
145988687
379335788
63339704
161383894
111990128
485470429
172604201
70108114
498913595
536565735
512126555
184448557
320706167
500045294
507700826
424899100
469850608
479355450
353445215
369678814
282073067
349559181
190897900
156245559
240885651
53945746
8972775
180324445
534356540
307435167
223913816
469607956
357955455
370785182
415406267
139270561
2366531
466372864
449828133
336566274
475196483
332778077
410298666
134798623
134468823
208969619
363935697
188126140
392294620
116370816
229686822
66956905
482046060
103095378
21718763
347170194
432054325
406657507
197454352
187146911
371492265
329443227
215190232
291805227
231180674
249529052
160950625
143085193
108248477
157270486
135412975
60741117
518558378
438251281
493034173
236077540
468124321
221388506
438358782
393329198
173371555
307381876
450617563
357469722
74136523
14322970
420070902
396709961
129660917
204839463
98718140
107904990
508331304
79811750
23290111
200531150
65977027
111349351
303549901
373406925
34516607
371329744
315376608
105109553
423535758
11691580
156080022
233721185
468855158
259174147
373504958
411028012
223935587
116237614
107500703
114207296
422565508
271686953
264962774
143016348
351399653
137481701
75903324
58411211
416714189
458666818
450941570
65547710
277777452
496862400
308719949
137270592
264393932
197916343
34275561
482756980
12484360
142238146
220780212
154635403
216249241
76739663
221580515
295611760
55183849
218057660
463349658
456910177
188144562
328210937
530543641
531184743
111117712
490949902
136282907
229819168
401193130
261410021
413681842
512680209
155376424
209731650
451341423
300024910
377069387
435084821
397303764
296709993
281831313
188994453
508155101
387632656
400378840
135926450
536782626
295489422
244544438
417125969
205680922
142836225
5848194
317845508
116038011
444745120
419749567
395606126
429435406
62106924
492045305
330644951
500982098
12485088
388726188
69303218
389727837
502553637
246382569
81202965
108324389
238103487
367115721
388964726
56592725
