117066664
246945624
329510916
362372919
138236535
13679419
398329929
228415197
153825547
472506812
435203132
113406876
188120933
96124329
3278235
326756519
147029905
34354802
486118775
373285422
131500659
325048418
450096159
116421470
307328624
323285493
330994361
16575184
300748913
531642873
208084410
425310987
533804364
34516186
377194013
2310062
454811017
475593918
507832384
41359166
377291923
465874404
206142637
258979819
230532724
481901551
86201913
324309302
378763736
178427749
18449317
396931227
75409577
66318313
332530992
83547461
79509870
437078037
494602709
179291611
254930490
526695661
191927833
263850196
414311046
84717009
63346301
336760522
9326222
138765615
57279371
525675324
419230938
190384942
341498104
327226368
190112881
63815580
30728255
376687287
190908384
245483127
209170219
185741947
141041260
106026536
215737078
100871444
28039163
453185731
246466771
406895453
348032386
33904582
73473491
373798826
16559491
263549131
99269120
214397577
299793812
470580863
276790538
111215586
424343882
449904355
453883557
34979984
97655625
271457125
109920038
291069437
350976364
245694278
459261104
314912762
195528706
199760773
143133008
343768930
49879078
23108307
478599591
218322698
83355043
322431958
425788723
416249293
247006984
504395679
441291918
36833993
409402154
171815298
533014915
63333890
196019957
327151084
157322912
130396397
259180804
525430230
97528700
143978172
521289677
286306482
492669620
457575583
167121104
89455921
124528973
381065092
534012945
535405984
39769763
288110654
139038581
359028117
294851902
62436825
305460262
379724369
501087099
2207375
354405531
189244789
85759150
403160346
533310640
345375513
362780827
411889070
197042184
186474820
359981017
163209403
457330397
187363235
143937699
275547453
40291188
233699811
343800367
291529274
36540043
355152104
189182072
311283420
92805761
54433866
61300037
271178572
309088557
236419172
165785321
530647328
475631635
239998955
527659350
403751608
461677512
526640907
95918005
339108474
30547328
526216014
246984684
139492790
189349602
124844832
93156943
200221964
91093807
57783845
272032108
223768983
353071732
185394058
303641042
286092662
284749501
438385880
526506341
300799182
267014706
97016301
447925505
18123577
421672938
371540782
365072417
353422569
111127199
56452505
116607449
164051825
142663221
426914567
427480553
501309021
274817535
530809622
509613818
322887587
139098380
93015788
346535299
53628633
378708558
506296975
532634759
205028627
160648699
87171480
173070227
2281422
240547450
166790857
368753798
380276600
280707673
277436164
497040911
253845485
351709735
466037125
54864429
357319679
313987616
407791969
237691432
370820973
143984336
49531475
277579065
354990167
57772853
9300931
402359353
396222755
29881321
262630432
292056786
389900388
152249512
501147184
189367762
92449855
25077723
57783276
430354071
113561695
64299582
297510089
209953957
183045812
380804865
502832612
491441324
119292842
248154630
532253607
390478130
55097734
222223924
381506645
183514745
348836750
326022458
71892483
251658144
63282019
464840201
458775559
147601912
77382119
162519226
33231653
208055784
98971357
404170030
539304
3208052
185319618
482713669
140771356
205222587
208993243
497209548
500531925
114095759
190088793
474070479
77511037
24857793
515649336
89551534
97606862
191089823
244533592
368594237
36694302
365952279
29740373
449024041
46978832
214170773
238142259
177354676
504064667
341366994
349626789
126856139
231179201
33542173
233061879
271754030
506359489
18472375
288106914
247791544
189752626
398470460
408483401
68951877
519584064
86965529
404877562
90210318
122898089
186170090
498419033
503715620
193421329
429586387
95209755
455776634
422038880
384967139
425842807
536614933
503570085
193938912
450109422
462863538
23555547
33809170
505852894
239419819
354317917
247611087
393035873
253243150
350595197
172289044
460007948
80759553
14138654
34259858
171132286
445600504
310972152
393914034
115497239
214461014
412104802
415231066
143837094
246138956
87893747
412348725
72671269
474094735
536315080
535921475
414975435
429953187
84425902
463694491
512753541
176988119
445164631
526323679
275170223
205645689
82354779
170009333
191796319
7326657
392648855
206487700
186623124
217049303
116615227
29397193
69802936
212597183
58083007
30804384
242675166
384164760
367082101
448766276
289671971
25009858
191498694
473997949
428916027
41197319
20174911
519173734
392914031
121588273
530519536
172353891
387682266
224663901
153137103
402701019
261751289
51512722
385129369
361846744
59504886
19170590
355743634
312627114
416859727
493754514
49896729
394158524
320330822
88405692
170113944
294805528
341965909
275286768
346587377
434179066
90940038
214746523
528453865
232845716
436405856
318598454
51824850
338181393
520658428
103594779
48013700
231603623
54664892
363023012
12856435
243973039
321102203
91169981
35808270
93988342
172658273
314643842
398334626
380209601
47873296
424274659
116667843
407462440
207448307
413479064
230984009
311554933
129005380
300160600
85702328
71547376
465968699
102729712
79858424
330145716
255399961
284380647
405346240
331877449
366776119
301869898
136504240
162496485
190518752
283013040
258624092
267665182
260305045
65788375
237095797
139941498
361850680
387409024
453503789
56683074
419038634
249472532
327240634
39251808
95004443
211536221
250700347
103957044
244876965
389771361
36827290
415071403
364343054
510238559
264704896
476232573
407395138
17024842
279192483
225637787
352295561
183702539
368374983
136029828
451009004
146349512
227557174
157211193
275924914
19279189
502521615
96277961
134214981
109728487
165398063
324184031
347243033
475906836
464814058
177077356
363238318
352349116
397977079
341291452
419076040
475560919
413841441
26002011
86936072
306707772
187504410
294582773
432784188
153083923
324791539
513702313
66192358
308470212
204036106
80045350
207465964
23075923
322813520
112046147
529201297
211611020
70079298
38019760
249276409
463370679
347943743
364565443
88848983
508635710
147942049
210185975
257960032
158984143
446465141
389490839
216953645
105178118
368219385
276498945
407356522
159281737
313209475
212462495
314206143
381223230
404656050
410554673
88295389
516094705
350172659
164354874
35874618
308119190
405711510
534707276
243700747
480590598
369753114
118561025
503255450
5137217
358308022
429550265
420132781
220417563
470857810
224763145
342384351
236162888
447536088
27402918
146134566
457100175
507059371
459200364
466901138
27719052
53195125
39089329
438368072
213481450
441121685
170446964
416199640
125801148
155368076
253598154
62292496
319705491
172326584
330528866
207787106
365157456
485246677
55422441
349104756
249105320
518980789
2194012
16313326
332887239
286465053
78088932
431389203
186249095
80989388
72532206
360995369
403848781
245361420
396730092
456306545
78939625
430194039
136668962
454674561
264848662
144239791
18461317
248805081
310774582
194477103
482458559
230605609
24502949
318584787
355075961
260545825
474851376
165499168
186756350
243245888
206366680
115658814
138887528
442575849
429436554
412130166
170912392
49649752
487282142
506836109
211138198
362519077
200173933
235250181
303693970
465736874
531283056
375569714
263618049
204360574
114662613
78220837
74903434
104761544
210293620
139133777
60038913
311930797
356518545
95852412
88860029
244927357
274579383
341764091
455893105
268203431
438145144
441003594
85335264
214122071
456909095
186289830
70594809
234496821
156633642
221548355
12323987
416458603
220808692
279567442
44767991
34693776
327804720
400748679
196718093
336003242
509064163
470359915
43462878
477868309
451104370
151410561
238382203
533722125
343644712
102479910
44404914
388480681
508543462
341288264
485914644
23540926
178165786
27462522
522137136
525196008
368456605
93607098
459136924
165842193
143229651
185762344
265275359
458610209
396231510
22275205
217198033
99337546
518625369
429516644
346076134
189040159
386311145
172167597
286326419
414682133
163080540
518955869
34444370
41836322
113304286
294301758
317638851
193801806
533477442
18043121
395232772
233160347
171878844
71993589
134057776
152346752
287262474
503731581
186522202
163551527
434995873
176920116
374844281
175824907
136691730
303041157
443689322
458790583
351567667
269625241
498644669
161311936
13639422
102431134
335966753
27897887
292051248
23701059
375369625
123602413
362158727
223886399
280886497
65369793
55644968
519252068
511745721
278308791
401360937
438114968
446242538
329399909
79032272
139886319
285576497
531810186
102162599
519697234
27951012
428598414
233150906
449799527
24414180
347954171
493701616
190159547
190972003
391052397
104718099
22080850
166768570
404539473
121073249
326988216
212382246
200072377
359362002
381706910
117524592
386057527
503458176
114180190
333318918
147071049
517819431
526228954
61902811
336081725
427217057
173154299
31663359
94612768
391398614
44964974
190300014
80274318
481926530
130679304
14900199
343710894
429063012
363637984
412747268
370047362
113164016
51116933
499513815
191311649
35755023
303596862
402207965
46034897
34373944
306958163
225768232
308033074
520219985
408836149
50856003
520434701
280124741
199050173
25892722
141210162
414996720
479750367
83984375
139783165
444752877
337385852
91480375
435382429
146371733
280967765
372634090
431381573
157506883
347420892
233106863
230983370
494767442
46905658
311238729
131126417
201528674
133250847
228678046
430797106
77641359
105678120
17715207
405444989
62546961
52580787
485979758
503602086
118555805
476890898
478979107
303484248
115528907
234223715
328783863
444536755
51287029
524582880
367521140
452301558
279598553
457702445
260411077
102136141
507365709
360449475
347188187
438010856
524166149
418870312
145918978
110436029
136245464
210462340
80999402
529414802
249869576
82201432
325755759
260413934
