426604110
100528720
224613328
32633072
22936718
285548400
193813319
513187352
343492853
8175446
41229355
170435009
283166880
392413
494470931
298775270
119203012
48241268
96138499
155676472
59922540
224559874
114014451
497864839
323731319
425015859
192340846
73830259
139147334
103522581
352775630
472978679
319742362
77609199
420277375
68071923
57780534
175101702
75582600
110841537
526835721
372782763
453317612
383037621
407516934
100523445
206509073
382305975
436271167
85581034
477959705
239466131
61229200
198977685
527088475
138214271
50541922
353887489
410739953
398941669
166597131
378283132
5507560
210062693
178171101
67540335
308826980
148637598
429929790
15745303
141755294
204211196
84474207
66113431
2184104
204114847
515964824
494952653
117935943
129662403
448334986
227371303
117180574
14040242
253533136
442692167
312746903
20143581
149042660
514597546
9989141
38280023
93066154
465834468
181274546
82353624
505023661
324108396
152085823
8327837
344169878
324005241
293962936
333577026
225650263
230247335
232625762
419813593
349745955
227376228
463336093
378602872
83760146
300952959
150492400
141493811
126793369
85575177
83452246
169419955
193709269
239878673
365742350
500481883
143123417
322651671
472645663
488966882
6159983
200770412
315611514
277260745
204196390
156930565
299812155
29609486
297343962
368740513
60963014
139144574
72689915
96142936
172045232
269741008
4685686
459868127
86157918
33470679
348252481
412605331
248725126
198823662
489769508
179575111
465040711
144480635
338793149
351250089
96966662
378116777
523204768
415990862
466156804
484759786
270732396
119553752
72711795
448633765
63350729
230347519
129929754
64067764
293435413
383899631
528443709
33810448
250112291
459076854
85280028
330624820
334453855
462007743
32212399
4687098
449222418
103017331
415607307
206126596
372251477
425258486
228272328
274949033
306891719
112369260
78575335
295762197
515379165
266146860
17352637
484176861
474224128
327715018
107881204
343937523
123365817
222923336
457971898
194247613
49769320
124185653
74353037
82860563
194208849
292244208
370381770
5643748
483267625
81760407
100484966
17905461
145195353
329344332
526803436
268176442
112463204
391728420
476382920
49775053
449399669
198562057
393504047
445085372
158779339
172149332
382047097
52456447
495587722
28318390
122726991
203564840
218583319
178343316
198893139
79591707
323283553
397332924
431056865
516807699
35969898
452971885
34711049
77480960
488680236
69089980
359540891
20727063
181075106
283923374
291615586
419164301
243685335
131722175
508310746
143797086
357858564
7904776
443152564
10023619
265971619
457236759
143437267
153512956
261360669
256142359
354611723
305388401
346665986
536659502
472765366
266162963
498080688
315822026
490757563
304301374
43763956
480670103
459339712
348108104
196664251
231375727
348555002
399844747
501025832
489407238
140676908
37625206
143762504
59195924
200345418
247281255
118972196
451093758
464162289
51752642
107357531
40588967
48197568
458864275
468366809
202925028
445911698
389500851
173308957
81079395
16225593
315296152
57534946
152118696
524818780
85785925
242696181
496493441
300323247
54907309
320549241
270601079
288411881
57772951
58430721
452808810
413201899
483165906
457490614
352406775
93281514
86807302
532624778
232893357
345341096
406705445
428445258
333917570
178411757
505962932
69822863
258668336
328978175
414304530
502499441
83121141
268515179
399229710
218457092
329613673
122273912
157185296
324086148
188334949
232820095
194140454
363420141
413947439
355086679
366023648
446488130
33241330
80555388
263338986
446576081
1859945
69036976
385721902
42011735
91555574
76061282
292600817
522687120
308828197
36702511
139546254
348856011
241099131
100015851
182986681
320162008
277908025
449395183
131807515
378722090
524680428
260921964
14102677
354318083
393095392
33117085
145792974
281141945
93686410
147137584
6206039
164144327
219953477
273512888
399381169
414795145
439990377
277807844
224838533
50792852
152447566
426280876
387096168
24890346
382552466
309520694
505343688
284219402
419291876
406235984
103711785
374725770
63816823
522403839
523485343
495861396
9416670
222702588
436703420
279829386
93245520
137580795
485735359
422308073
353573535
132347823
29308369
432437006
455979443
22558279
499342228
106141082
383606863
314165866
496782867
169651664
357188235
244921252
96898597
90220976
120122993
309501277
354786636
18531171
230678415
372517883
421599722
452386327
306886336
336265600
68400724
42655307
262981377
509039129
201144001
128841043
412058188
467076211
339012503
95364514
267166590
321926906
136107584
364354079
159294096
233267783
67559675
223571584
482167321
275137493
531598810
258355991
72474881
457177498
496951626
325454030
277233861
508911844
317586332
357578481
256324812
97535505
218859756
344651225
437256079
331532437
443732628
18256671
165029244
245816767
30871286
162619658
441669983
39982553
512022649
22801931
167552750
314137396
318720577
423965240
92843683
65982734
429670358
403939142
523388305
3976757
79746296
323121958
453531403
277964518
276529210
338097100
531182590
386060008
113068292
305012863
319866967
472204596
38796859
318285105
197790931
420274978
491456762
252596663
68559235
367292672
133305696
7573870
208165904
395615886
517137534
414644370
120383960
1558989
465268067
132071641
353069868
39739131
23424223
142693576
376972990
404691646
164017166
108413625
377875387
114498528
484820713
274817798
252994218
156588844
104841828
97862275
436941284
142750138
281921957
496245053
380814334
310281144
199386511
492951030
205395639
152276761
254142234
460605822
463354984
248343588
65612871
409112612
121694188
384124009
453742749
53340762
331296326
359495115
244174747
205089579
431835508
469108988
264577717
319751411
137588153
316385735
215307397
183924840
505487696
15592512
381736044
260367476
335687202
364489871
436665474
261774021
61642683
165970220
165357292
371923288
263986370
429774745
431578824
409878127
362027454
411261469
437132421
368664453
268297089
324125170
293750391
186327855
212242880
242596357
255491803
85352921
63145857
470667255
404352947
362524844
231293514
473868623
248711359
484894896
52903997
386749615
482252011
348749517
207762211
443662002
511262569
32155048
92529632
41539338
324603491
341929105
351069678
244253119
330232853
297576976
180382144
389752702
471925006
327253852
268427566
396716968
502141766
434258404
138659999
444900454
461283773
246066417
118315113
40944299
311959947
513598608
117720691
499509557
536444728
306251241
530371772
214317517
378171095
513273394
106824138
286717329
307613439
524133414
197479486
531164946
248975719
415438861
517820724
40586318
315680887
164449386
178798315
274739027
397439922
326247833
242478932
483220002
53862160
374428679
249719692
148352833
296011252
70395411
253933930
297071088
94902573
395867525
282202910
402866576
97071545
399853122
59313039
96609612
219653613
441686326
341840839
144764648
428202962
489945393
325843857
66459718
380161068
301634418
230045348
378918590
50828427
32933932
491090054
160525710
86999691
347802873
460261802
74594342
513984625
17737642
64851696
271856962
323389187
231193701
182210624
143244265
149377754
105939020
96150044
260800391
207666087
145714750
254770777
53277063
87705046
97055143
338821961
106540745
339075550
162241443
67607063
174186822
23428772
497557746
332152741
461127204
413349217
372390500
413966732
326111388
97857659
236980334
37205636
240139485
170458792
351125375
426009704
424638696
158214488
176680400
46808612
431617555
53008412
483015739
8420111
332073185
447446319
461860376
513398504
153974418
479399991
356239962
212250724
121829695
187315600
271753341
17472953
516147865
313681396
400657418
530944111
100122507
128836446
50991573
351357064
472971121
110038647
154118169
44055209
5073885
457193857
444921739
477868077
146191694
188098075
315120320
70671573
212332057
232362074
173415571
84816712
36488455
244527056
244783486
81400213
273026810
265127567
173440059
367809228
478327955
472131074
301917309
204250027
113879181
505261512
359462414
490924056
367844147
532846200
323012484
67091165
131036171
281955717
83386132
112164475
295665500
96491382
136856930
51528333
514920873
203393867
359498719
368045207
101699154
323156068
442542974
479507429
40930317
451484822
423480927
229906902
459348808
246301472
289438648
98586667
502664592
505215586
143127740
140302134
520135571
100795801
34163604
536488595
130371740
251305704
488166102
458096105
51425659
302476340
466757208
11899204
526371239
284707989
76690806
155042460
105514287
421379490
501450519
19914819
188272492
297008676
480133223
530514351
196743072
384371829
181011904
3485132
253735443
463345166
89301267
219520843
369369113
174520291
524135554
419505690
74071604
391220729
446375592
15880739
523267766
206139936
151468753
425222367
519642075
253226087
369111900
892308
110197776
128848102
283732435
441451787
113290380
196089536
14029510
435364834
380415234
308592998
505715383
355283087
414044191
141507536
142142240
40298320
334061863
503556640
191623473
511424568
195798943
67161851
438452746
304016019
82526394
104181840
326668613
419867079
443309158
42359355
309787230
442320592
180641555
120234004
24481594
322925162
177283550
54001297
280005265
517974828
259346675
532728434
248560952
378234751
193144725
157931384
193361855
499249548
461693190
450166173
298856359
338172113
473615918
449921715
277270494
155799090
35462288
494988277
345407181
88605082
367934006
377637170
64970161
279439677
54899732
501108135
474082979
328121296
142456778
404184076
360948392
307837942
421449910
116183030
53012929
317806208
208137234
233133306
526805012
55760313
334031650
273350867
54047163
29376804
439809787
303931991
275157101
238206120
86013367
295703893
57681225
192084412
268062981
525684614
432569490
88120272
196949005
503142456
379136208
496056971
361787981
477601427
113537308
339187853
399690335
526217446
109903771
151617897
467016509
358789626
359311114
241941213
378229144
60835115
260156648
142876436
370372213
249354742
9863496
229050550
502881907
296914267
89649427
239470929
354251873
169084337
116814440
367078022
406609091
198262174
318053982
442275867
288069300
311682957
498251089
405208280
5631379
168999664
31237880
444839119
226599368
246134629
365567982
195376174
22864498
508682658
213923146
463633179
526080585
106053232
479441863
297985153
417354046
305210244
506848436
215619443
472004054
283975390
157531563
227528976
253940925
64201145
523771283
221845257
480678650
68994785
496623952
322438802
452185861
317736333
296173457
187992357
159276232
4652039
110187872
378930496
146864152
83579570
419654869
348699462
507841894
271120658
521966488
524452216
24224218
119157683
88900230
276503697
265544056
264509959
295763952
256582529
342474909
514333702
87841160
362488672
460248355
373221157
423892891
347737044
8872130
519941408
183153922
450903696
8012551
2359021
518525729
173744182
499550874
245878593
419624843
333458342
248342363
220870121
416418615
220329645
516666157
349645675
398301157
54754824
25418528
278783418
482772167
533112627
397485697
212346370
522602961
179372992
1678087
164551504
102171049
25643983
402222273
289946206
88431679
313024399
373180367
193708411
417828750
166643255
174846927
150099773
394491694
330762583
512535403
49562617
162828007
352043347
44681748
307165666
529099322
163146390
314031492
282940787
113665558
35018594
304425003
228154019
268646954
516888072
355495596
337860007
28640636
7416424
289897031
202096117
532128294
525427382
195310633
208696083
156942832
457633712
152320834
495302748
246490949
130238694
343842404
149915756
197239820
91610424
300740949
282190926
292865080
64398206
241604095
353512437
255512975
130174629
342000382
57226238
179845954
285833564
483849574
36983211
343943117
457740520
17093544
377064620
210638579
152586138
295376492
481168908
326024234
13408975
318956231
289684207
261612810
144320462
415337333
309574743
97536607
181346980
359688177
274970380
444408463
475775613
321305308
384370715
345199820
483608071
521777432
168642520
60040429
15623756
369252958
372198936
379714856
34296123
509479616
473463490
482913697
332066177
31806246
301004739
241037540
416375585
389515326
511534486
111238159
338747164
346827923
497427254
522955522
253678089
397631246
68437338
407526820
289056472
389128174
128512585
90721251
445714772
127504616
414790354
214173972
69566198
421187203
516430882
327958573
517292645
316577324
394014510
153066390
217802636
36601818
191639126
211435765
211843671
383887998
58658108
98452878
131023255
180080646
533179192
427526416
42062942
111639901
125728494
226790906
104150962
532023785
399099055
90918178
527312632
507183143
105166428
286388240
433606586
204422021
469751232
489036179
221833715
3415315
202751839
167289842
396291420
400370399
374471140
374874482
510992535
308443303
328127056
463778431
328720020
280042097
476423177
289210995
256744966
313392336
149512390
205710679
166535784
286450847
486379462
479785929
492518009
490170510
132850970
497803992
243629242
410225406
303127869
86686779
231520675
508163706
374305055
100294813
34570281
49872825
383073784
30863315
269157305
69510904
122332048
225131693
22640920
204454642
111966802
148200023
123102993
510027900
329653179
508552008
536250341
356761896
77849027
191591956
317268328
161185814
529230137
147627277
167308946
296634256
115297834
214882351
98925813
122764775
285084717
470526927
528083716
28773807
305247703
158917616
495929010
508778391
360196545
465413189
31025838
516396283
127252512
230926361
154333810
176217360
430659511
46040283
48604980
8129441
97728448
515314535
374993600
10751114
464932462
533207975
198959115
225243797
486005201
9651832
311593704
423461190
155607739
475632560
111760683
230756380
100054086
501679723
465874557
243725897
160813194
501327943
264703557
181043920
481381232
210842843
356168990
284646616
38063865
467291847
403240510
388539711
466145666
271537767
182542533
341281583
162152868
222482942
493736558
243973131
459932049
453446842
205206656
253993156
7925759
330296808
37089921
168023935
41834935
284794006
267123320
27722660
83930883
305334631
233989307
461273226
271605664
491212562
110039922
233519343
16902565
209548924
20857211
6883737
420499175
66549283
223891946
56443436
303181591
271034685
444960370
386107417
218509447
264223024
344616784
444867098
351368700
135936055
167899329
327803625
143555086
313931287
58374626
216682414
19804810
339445665
132378019
426668453
39920640
7077056
224601758
474964059
525784987
43405270
495223810
124784690
489720388
2144218
380229387
65696347
302163505
269398255
105657474
66962227
263847114
487747458
489851413
441984392
361085661
262115492
507317349
423169859
439604222
527196663
301443385
301801371
154136960
182995568
181686217
345583589
519000835
68608295
196210799
335686245
237889124
471886020
220070817
26116551
31139660
244267856
477848311
131176318
19470048
336893794
20173444
282280001
58754628
256429934
182786898
417288540
69847537
215631951
77048583
454341195
259241177
440667110
311180597
529864229
225929178
268540197
407634555
190020151
61362453
224834242
224763642
209995936
208514041
318576075
202147281
46999254
370385673
47934362
293498326
514830127
216562149
105544423
429063111
360530531
411368271
194195434
58084751
432353840
97208890
134011794
349757787
487159319
422717500
290489952
81621372
470990270
374919295
531738273
194657765
421177662
529951274
201622035
44939062
100446625
335101989
434752161
471315217
141820734
478578514
384185042
487232134
278870530
132073085
246904978
526130391
262087806
282374182
77549237
518029776
8708038
530536800
430686411
167125438
466052969
229743562
243451681
68976679
261476396
97215218
174345739
465135991
350424759
43837634
95213218
510046510
418477564
79217501
439468633
435194225
476450938
95929844
80816287
457901078
133946518
206255074
206616193
446552014
228043282
446590952
493717635
430059941
151292923
3639019
514819963
457903320
307722208
528647589
34844781
466455276
350459164
208337169
291447415
99031652
381960705
253196643
170820386
77670415
424230051
116077410
275518626
248146992
199267043
41141090
348831814
384916256
283073507
391887967
90887952
65443310
208279440
93518838
201051749
416308392
441739403
377947113
56563379
301049889
400716789
68359488
61374699
172720234
359492189
376468463
322603866
382483251
231243397
424832647
339265345
299335975
23793396
493798421
350412874
482047090
360671662
257806387
424393461
229608004
188107653
515048763
25447538
463180241
244610403
103402319
376831999
318954688
351028724
152057880
431913884
230267280
179377412
520692240
310098897
239450828
98101501
101518462
116646949
394161647
497364050
490684070
508578443
226146110
189443624
101949704
322912496
220776780
527415654
465493909
210338473
446851848
43785187
463730850
387543289
470988525
347753350
197827337
272597319
154462662
70640308
454301540
461505648
400856434
333155701
432239537
92377820
385641538
393202860
276317871
253289860
465900183
299689036
505696301
528873793
218782546
61263660
49780052
54558419
355334149
385693645
449185230
220367305
133286316
414863638
438463059
517940004
10817070
185776545
465559134
180858464
430929721
291758416
530026430
310947856
183203870
515712112
136599948
329219501
441778622
8551621
6526356
280569598
504243097
84877886
447453518
287744895
380094210
281258259
58050474
119391039
241116069
315692972
386893284
329235299
90345863
389409966
223870091
454971050
266072815
508679847
233312927
157070770
398820217
209463659
194305618
181952339
528871050
193152043
57889421
90695962
351438251
346209529
40772855
529109889
169444210
80624217
195060531
224040798
231389755
193751611
96004624
372740863
374315374
15043545
182390271
461150846
378544570
230682232
499280163
95694295
2636038
28708179
533011832
67386651
507555385
166381170
275723217
319726532
280946593
388098234
73302475
171843699
57991497
455616557
416419103
249568699
359086597
205106730
359176712
231541031
4159326
482785173
141626367
492335738
33236032
281478185
358536815
380284394
260618188
408728903
458589830
415040948
492266097
213095852
241634673
128582156
186722783
159208592
22847179
393800523
303291037
503304994
157712053
498365984
451242671
383553329
319891430
382122718
110452012
19291032
181107409
375400551
404120320
19691007
172824588
179331473
36365967
230518043
372740191
527976709
347094243
488308440
492277039
17109642
9528424
358425998
404429483
357941100
205273327
147309339
315933743
496725980
384034048
92490289
203155439
125876971
522757886
76249858
494903070
308650728
453280260
1997062
289331998
421349441
308690785
265089813
237059246
45284594
318910149
169197975
230356407
502431928
398263098
449555735
388547324
4451211
374161493
420197598
40598963
291186603
183458663
239830349
202576383
431780857
368422254
119693634
493994777
116687494
8273253
411145472
435164843
217911712
106767539
47552618
287260576
205181331
391244612
484165696
260267741
328211226
6743436
142657164
475144417
58632876
369725293
531585126
437020897
250577278
147868713
20577784
135718664
368496829
423214780
212961506
338774910
132966669
275815976
406674869
416956504
526314351
498122707
78011462
278160811
285321427
40714360
136068907
164074233
289557612
466329998
254058713
75042124
25326062
499592672
199692610
2064163
57730138
5404899
218307073
21781756
237432496
534240717
141632212
317095478
141975330
518164321
134841983
40121488
443796740
201801191
215689261
349302018
316622689
401770321
386452979
309144488
227258166
448209555
283957436
24237103
436840214
3038637
209700542
264789937
527058272
87668363
108138887
260395201
89297517
182962028
194775914
320047400
349724116
163530035
323013804
110829647
382313402
156456947
371630574
361763048
10212736
193692556
354085944
27085042
173909893
287462035
69267627
470751350
250031059
195206875
349214545
464648848
142452859
243175654
207349823
214626838
9172612
453421848
418765543
211377929
267499433
74351948
164190292
141089926
513800374
262358058
482572556
354821974
308791344
402632345
427666490
99077575
476316103
98631623
423927252
429331563
230017050
393181240
56626156
240727851
260021905
507369298
210743401
69753889
395918340
528810593
5221593
128987984
535656066
187264849
349506383
162059233
424277814
74928594
2345152
48382854
301122345
114564435
314293218
205671278
169816918
450659453
9888976
262458740
409673677
129322999
415949592
420277464
136100132
221157291
45622716
96053985
231677269
159492610
23279198
301133501
419152663
325471465
461007503
35678402
279887642
465363725
316465871
171490539
265921096
356418294
116824426
521560777
535919857
281547475
80529746
213317408
397719733
386342896
187894058
130576834
21056335
206329069
15116854
235212521
497769330
68800187
135482575
38229405
280527715
333276774
49497597
121974236
328644715
68363231
164956873
13697066
397332065
494434066
347967172
498243607
161978400
178548170
132780608
488372241
10372494
262860914
410640250
87435964
411942661
20816093
19132051
486913508
520265682
226029298
332184844
133871916
187158682
516155780
201767562
101418993
6470130
169083215
195057870
248441843
483963920
388380879
427578955
191525596
447859082
378683279
535570131
504518717
113445444
326964262
438643119
211930304
80343888
81332808
250880703
25898027
208313241
250111282
65738292
198114156
101298338
396295344
459141760
171102448
324007921
86035004
245439184
102459644
422869470
157748957
33516583
376633571
238658228
505771528
225184034
59346470
203054229
181264010
272468302
138507062
427653350
396200880
165382587
236578132
77239513
328953190
456317060
524483424
297987016
41117322
468795278
97638126
267382674
104658629
507241471
147902169
134800046
453804599
17613660
32394481
161801732
157425921
123990192
296276588
177811235
407195218
410816185
397383123
334306115
189117487
222985201
344974781
115662759
172074991
529740904
27758977
45588224
498310549
225588499
311323370
192535347
225768683
320511473
65260728
86694928
491693490
73164668
19310466
461002189
73924240
422547498
322819668
258182032
427318387
30443017
496236424
319169800
230408224
393478973
195046368
357373165
203627702
266551886
159990095
110190214
19690467
387043069
508975664
175747958
535437101
436673663
411963596
468515461
357672795
308533841
38708046
345746819
465850912
336192027
348889117
288783530
452340608
242672923
273942559
461557717
284031931
383655124
202411972
108051723
440557515
110607500
124058708
283042533
414580437
448877125
490768286
403950291
265076731
285072038
534564178
498213612
533436514
400844781
190686548
246525108
25735161
229106197
52945614
38163553
221765598
277165232
390912116
484827836
386435842
365853758
23763814
508135178
355497390
47827781
229415432
527725392
380776791
365369588
188052056
464104224
56250731
126634512
42159506
82425861
457732923
250830610
363593140
271454852
427765390
188301817
266541195
142535075
395009839
265267132
101852842
370853024
54914408
202275995
260029372
63352490
446896320
435373613
306886331
504530422
281147703
396635917
264646028
205705974
355633490
474095299
155068002
69488193
228450410
522111046
258820037
140028731
520920332
510669539
303285898
148996129
117885526
381097813
472454299
504858945
51067131
277159976
116467547
534442104
446100705
474703118
323042537
272912678
207355636
204553174
510793618
429975888
325067077
24644267
134058717
164851495
23147177
448814242
486054185
464778424
224059530
267275808
328674986
266105217
142595815
477572763
275160161
412996771
107973869
131281539
190497115
417783624
133356130
485267957
26725121
428899225
105453698
168477087
329474603
152157221
360098395
266487035
6678887
313802979
112615359
521808662
396154462
336239422
172435245
7506050
195206383
65595473
403658564
100501984
218609344
481508152
353424634
126851780
386117189
106847534
498649691
305467553
300299849
484581724
359051586
358693567
396184730
74561957
99631528
213568638
42775431
135701581
146907048
162057384
83581345
197700301
332701263
200874276
330452900
117445149
186583833
220992020
342645687
415550554
36633425
6504503
39036282
133559725
339215987
509267648
279653479
408115079
106098926
362918593
234915575
500687656
500012197
135759408
127094297
512467860
154579689
273643458
366238233
83784825
317740381
150822622
404025216
68705558
173672822
315428591
499723515
311315500
195578458
224567143
348337228
341353119
461827239
423488326
509188255
529631329
436442115
372393918
280209019
323922411
259075290
41347472
531438798
200798649
181304613
122689577
186994571
198824142
106198634
305496446
96987747
20891775
322536919
175982161
124245421
60096188
360868010
241219949
101145751
205773355
494741478
352109432
438270648
205811957
435834930
364264129
455515589
448230550
36067786
528427335
120607969
516604729
498493367
332694201
7994658
357504428
175935101
343774480
200255913
113698337
56347526
133709724
11102084
294153199
378363181
470581332
242853490
254271266
236514501
191862590
173925109
245520370
114225733
90906552
218409617
126750376
531202180
47555173
464196530
46180324
240049502
171692606
204923999
264432713
469568514
489673307
76329722
215212439
392097027
244731187
351981711
48851016
403231151
252075929
247190350
504721684
70060402
442283312
450845330
394539094
263642327
235846614
340596959
189466715
170764769
326422874
456568368
165566770
217499487
160118371
522008796
170519814
228874791
42628458
419953774
472821415
124932305
502324218
411317468
456794041
60962943
16421130
267190475
104493855
186011989
511250180
308544460
237681980
305146413
224429469
62988090
58970432
525266636
203605725
188241971
452037593
237951688
448494118
470671543
357464553
53604380
409461318
158789783
521725532
138069498
153068514
253739863
254063968
339671367
457014191
356922916
60066211
229194039
148038728
519161182
409205471
197671637
490580310
407436713
182758221
132232124
185782041
350316528
500652699
63099962
391769720
99735132
230976198
7026098
161375561
401118893
210734
246419673
33285894
334302732
351942687
59127545
47866574
513833825
439542530
403331809
8473934
23199293
340384958
418790337
418109841
375336906
94363608
85203737
522449572
96558673
70067184
279170054
235677472
131230471
472087021
536024825
121508699
373799984
467580368
406572116
419823142
181459540
130938820
436887787
421926294
504560748
168652352
340247834
256848658
36966941
139703471
231173216
335888968
171732326
422260344
119645382
207090348
44034253
386946388
77362921
250958618
167633262
408934875
3406519
103709968
2614633
502123227
498292518
79931985
509392078
259283114
328668376
456103385
218141738
91367734
121775628
90741622
502156890
221089612
522527716
135468973
449629297
383131252
272085919
366754820
268412164
7316756
113488083
5944266
262853950
239859638
257523948
34837051
393657640
198552802
423386205
464359032
153400950
226065962
477757869
192710976
465767592
285336635
119171876
324669111
383248377
175194109
200985820
275102376
291330264
208549287
223004461
24088112
307379701
58991533
116487321
247733726
227326266
63443907
136709741
398650357
233587047
333749895
456990450
269134143
107401368
213185041
498493199
521230299
149868519
462453482
154290236
151090305
199907756
462152495
87246256
180496363
32932790
57879179
41161210
9721729
89575463
479787341
484434483
397463737
303152557
306852521
416502584
449932244
353384390
5615317
480836760
374711291
183208951
204443215
96410907
259711752
213568088
428272737
209192280
334958089
432625033
20523415
137321341
69401744
344812570
362031330
242460622
408542713
332755246
433936868
446838275
296217273
217326802
244067911
158622380
353053356
367662355
188602529
265661659
406497718
456859404
38971013
67917659
97160006
342840239
174154961
66603425
238251329
38710764
102431561
534150588
414341465
493038808
519914126
336045725
293768475
266562336
71070165
234676407
272394749
295013262
111416632
512754628
23043602
14001281
265408867
324649371
148757497
478328143
73336029
264549507
14270042
357423633
21767362
535318790
408563984
413297165
175359353
288546553
486014770
362417323
218159251
104645427
483935145
205637632
76040021
266948989
240147271
335504769
7004396
305635480
432349562
250682881
482980423
487432905
525143347
170801412
139140602
92955223
53759362
465801601
382244413
456425016
13587017
434403626
215514598
112145582
407569284
377479827
378385641
81032944
389629785
379565205
387719676
404705393
442812168
353276057
113337604
30626381
143942955
287652962
1219041
378319440
45250976
532452803
154778873
56845239
199791069
178246457
376174760
407884813
146217633
127131403
258597905
451879561
193775643
524218245
524727358
335131862
247138696
68981055
245328049
346529823
235491948
93430640
141447657
115949306
15226998
369181435
37758785
183076546
312371951
289817143
32922517
284953628
228780632
21519573
239312420
364608061
504385077
384773366
274184688
413746055
159342220
379933103
74816020
533736014
280998830
267796468
497749801
26705055
528768
258485340
476006695
72473025
397875869
526638487
123743568
413745462
127180440
192493725
40554765
170276949
263090769
54314865
183018207
235467649
179554927
500120697
4827548
291883825
287029951
481090323
179325772
494084532
70435416
373128075
469822955
102481486
364860934
476119116
350661437
434474122
310803661
116918586
394763214
56104491
238574512
484085570
198087704
337915145
134705401
274244665
507698375
247303867
301653596
107279941
309385836
87119253
87034455
293723181
469767623
180690373
392403370
219610804
378682331
170653766
424167849
369988086
180772706
524916859
348846224
132676790
309055467
400993574
514067120
277395363
428646004
299202825
522042761
303587284
23525651
23855961
100490800
433467651
15989936
238994551
320927233
229922307
267830688
70549595
481337300
349904782
300637804
236241808
143850629
152957300
160885363
233055879
468659017
280845248
18036530
123262884
101408000
307804471
379468742
535419228
263114487
496007994
436499972
223460020
43887269
143338348
85154870
434331566
258712578
360386784
213098771
366270203
206095412
418349147
231984993
273337013
503500094
178461788
139257947
434920195
347837749
498271231
147605699
91976988
176150944
83314742
256424702
171005330
303228776
291701943
8866961
316114747
500846490
244315256
95466105
492939705
396951843
113098755
280454522
41990558
396850329
422947636
482513299
443749736
81971187
130352965
178846911
46928123
11154296
87746773
314007468
73808689
518927401
339363116
283831389
374835209
510323906
34425573
153559637
330393709
510383001
530218541
338349368
49835407
517326385
511597560
75959693
85059510
454182116
345917019
278777665
146328250
236176341
297030520
502942101
406101463
398538401
530199883
161088743
152433055
339423201
397787413
256731217
194112213
329729913
84471192
451955715
382693314
244373252
532280611
494028312
310931950
99924912
497456846
96403018
115694406
58145952
417202470
529877235
241540283
471110136
257969254
108669412
529362614
113897162
444682095
249432032
110981242
332316266
480712238
435593730
368211420
402639475
26587506
241474133
211810052
288906123
330113725
348560856
151826744
417928750
479988822
524389224
154347855
385675287
536447000
158489015
404589922
297642282
114756534
445045331
455743450
481978129
291623872
267701584
525839563
415960929
402371290
248331530
379593934
71355576
419611752
352761290
468303010
410332328
321637497
240162799
36786015
287122194
173464992
239392159
96114724
302622248
17956416
378412305
505796708
10107400
6609284
341473935
104658448
295109607
9886016
35706939
453536748
488418171
12139905
311199571
30364928
172384117
141548627
87121163
458408782
256349213
183138295
440710198
140510908
73891806
261145078
42128324
189405724
136263846
69678480
106460522
532945891
135389650
113208252
250186404
186629968
449414979
196939497
6588432
139888960
374954322
189509358
302517014
504107592
179121858
528651814
194573657
136198939
193268152
493910575
87694913
527461698
493373321
425294142
323632541
129076044
243393869
407731891
458482326
101855284
222129868
253483296
425802461
184001952
441485308
336564776
1464897
185175546
213082336
425467928
32869046
420065393
440544553
519025782
124756188
485288494
202272554
80905916
28585607
218523692
49827669
35441954
236041782
167765656
249060167
198352752
459602842
253433971
215270666
250320930
135360808
106262504
210620596
255975967
474624748
473505338
163361831
52182447
497573533
403468408
323179078
124313381
382229346
417475490
436539848
515730458
281198514
128599835
337966560
246139027
325045189
342736718
213925077
368636322
402249400
157932367
304509206
139931043
474752837
265184191
110826861
508231390
381840242
27969392
168567402
157085177
83293230
373369837
94401208
79460963
98758868
249579733
248991627
424016116
460179329
509551629
389395219
498584906
153657148
36580603
241516225
361890655
463139736
260044780
50981488
37478326
169917778
246212395
89331029
479736790
245616092
386402881
235662586
189864312
155177909
209874829
40483026
512971999
44500212
234816172
241584433
263312657
363747029
363842021
203103098
29792496
155549482
194003833
293670085
421731892
292742741
516990778
496270410
348736689
203420873
74000048
294426084
445848884
268478586
372419808
199503264
88434690
431137890
452332701
402947369
472762008
496941751
423041676
288041193
428184147
320026812
324240490
244463411
156265569
22616100
200769011
468329196
340744342
376397360
219143301
31986716
449372043
225339049
59839349
139568977
103328486
334613742
417612594
323765561
261382331
41236308
161233571
446940430
216393300
361243376
236611079
46149798
191394426
341313651
30486958
343109527
71894195
45074157
133275011
133434273
332063039
266071966
320717741
171476672
490973182
182619995
161523452
428217003
447964624
351286772
481897245
394437948
45017113
415928380
476375605
344145833
137907890
505141627
143266862
516552
40353382
461438024
196703526
4987419
15552599
158787168
317027141
245764884
287531858
72021804
101164566
390025354
299690651
476696871
62055004
319025104
336771781
279093500
18860135
66930501
360792571
76599961
470609627
373910495
142565675
426439342
230353205
53530428
356975517
114824748
272330949
418647310
168627811
393462574
80981740
511441270
288537791
412610900
89983682
430300425
454108273
342990538
272154827
370048606
295358703
513070143
409686586
137608572
288950248
15943268
486873088
29868318
450111751
202380743
372273137
261711528
190782937
345451092
49734810
65309356
13132680
120323669
33452514
460754872
509596739
350160162
267817918
431602250
235534362
423901667
262536747
85388983
155490387
446444873
141886244
461615320
219104835
252648774
151860719
406747047
71198485
198562708
194202198
74021282
100569833
27022547
492226467
477932465
250691005
346840781
431737459
221435823
226542976
412448127
3763789
238591950
284289963
156095970
255460622
347378783
306927607
107651369
414727656
347681987
68327428
82006048
516703142
67044854
32817024
286194123
84507534
169959519
411367652
524465811
428505538
179794795
428225294
66789263
239445450
427558260
41570735
520423908
465546546
424492219
303453972
106085475
113387168
26962045
199259647
226635993
220101268
382632610
92198814
474303499
11889553
517820817
60915897
237668072
404128395
236890106
474462032
468609036
223794613
399804825
1356710
84746928
193217095
231556714
456190750
246932230
322292661
156261554
205279880
88373349
469769812
477358459
422277224
204935244
330797461
10262910
292821926
533237539
475174853
401540503
123018969
399343781
137826124
390143305
231393752
339116274
384153242
332970562
332731717
183183964
431765358
200413799
306428763
418643594
374765994
165495562
269273556
424609692
247050593
449995756
461764532
152321512
467816888
217806046
176846277
244482311
254537298
305985809
277442928
161095921
173064415
346826067
372714903
436454831
145104850
338610673
19274162
478301755
525225988
170711135
229766137
335651045
287851144
432379666
120913324
95122996
233619680
102498247
147761741
107745158
492183408
285530369
445134535
453054726
522094350
444476222
56896335
322445127
382849082
395282037
260191056
508413523
476442393
527648738
464038680
489938796
65747791
214202559
189362920
132075644
295061077
296560178
311280213
133902989
206292311
64876117
523367169
482709101
77746530
211428013
147746458
269279883
446543393
47295711
55546649
192685275
495637752
410105222
252037670
372605457
135667654
345326176
161357460
498405801
382653630
347766421
72268469
516510041
111171093
218929344
198974865
254392192
106255360
119339684
5225703
310738282
276934560
10399724
42207207
76782489
306441260
446736192
12054768
528890752
56442024
490996296
143678480
80362321
120203176
71957667
82810780
323013189
215344812
518736499
485636534
512301056
308694767
223553037
529261759
50872665
73553694
203418006
416974854
415943518
177950669
346530263
411804938
200496432
43189172
106953194
167806435
489498328
386634812
341115446
107871213
120210146
514413888
471001063
111126492
440074239
300527271
414615521
229130492
437302514
224205343
501929032
512961398
69958280
517584190
64908297
40236383
76963914
277531571
33641233
7891714
70652510
281997240
44211198
311744412
469030587
236290489
2156777
43080820
369482501
78365510
311194861
520074225
30945667
66639561
367518393
177654733
470863517
293403416
37530263
135560894
61584104
256300810
186120258
296015507
433705888
384423634
270395778
490437214
518381762
373833797
289383529
371365411
347805520
202655508
376818382
239892674
120311296
422017571
276522153
276721105
94562591
349922259
156926291
239133930
132475736
386185481
27636678
348733929
149811906
106413286
261858324
66489973
260310350
388601468
515714270
226381790
177389893
34166877
340141597
377412357
384969968
470204185
398255160
448442795
536174131
451070094
399749709
30304708
123397074
242782398
167024398
50407013
174564099
70739463
246271203
525639991
10724306
78780092
162005073
108469777
383969336
536142126
117960925
506562939
435420787
455616673
70717381
165466949
107273973
426095937
525017896
430630784
317877191
440513606
520536974
49702489
154997597
12228560
158938363
525023418
352016832
300252858
322746668
348404782
531589760
273684373
133812771
354822176
260256875
511005126
532081607
45121937
191529621
129275059
239811845
4174768
405389281
144544833
42404544
226050364
277630777
306792177
466922230
227875669
58321885
321996800
217136221
506500579
26050809
445198086
116095656
277504622
302624717
11597618
478541292
62035921
302612134
224581450
18809849
50542552
78729671
19582209
284979475
2515218
485919547
181205663
212465658
323956030
7372031
199910592
451948710
155040261
68848970
269032842
24918007
272100863
167649749
164542226
86975260
281078276
27095311
448279018
35160460
202996270
37302274
341282860
6452713
154237905
99126081
7469793
108430323
371062371
355814824
321633568
270740919
404661527
365062575
395257724
527777419
231343389
31536411
88722688
314027425
116309678
107990570
439205324
535804068
455492360
3924607
447137390
453633110
4939041
23065373
354228210
426552948
446930371
134164282
428215493
93218614
465172931
498787670
195729941
297494314
26283735
48183610
399503357
313233785
162788030
530617941
224557675
296883737
394460003
504188876
494866573
61947167
232988177
344132716
465190049
486594193
244732894
269646918
243743432
449231159
175766905
231085212
437908384
341844273
351495365
507026694
504041108
508990949
130302229
530546105
310956750
498368680
49783777
370550971
19299176
27089433
352637191
495512504
388529236
246074244
377027196
467951159
332064102
218960402
1281309
133024401
315965556
73886843
129387694
389781787
65732058
396968452
489384528
453234875
48032688
248094925
338633128
135535343
226172460
144851381
526920329
292145772
211176762
329278001
286575634
108224932
439807088
273910079
111061682
111440081
136680166
91398095
431754362
128536091
292024401
355002969
413888852
328241124
89646494
322415594
128357633
487879928
264202560
210455695
284846594
19831679
461572927
414173468
88573385
484353304
51332909
338229344
430111464
487994031
28883467
433632575
178213829
307986419
196635495
17626868
360122387
417950549
229090306
284656094
303666550
420344233
167433037
67598803
268512808
493394358
275669884
183522076
185406411
361891556
77542607
212882243
185936212
130847435
161892115
257938660
414482824
99477672
490070774
247588063
284512796
216383718
191498369
324215760
294305441
398200045
114757181
94844199
141783699
31917070
349605013
530792618
110240924
329553161
328017321
103957353
392584644
376405133
11700754
182712396
530129263
293608744
194137296
226284924
275033646
270260142
19318465
76896440
358591422
163804511
73849679
401798204
503811619
341714097
302013328
445864963
100589518
57981264
18209597
533200241
431469116
507361714
138149987
500043233
263590600
440976104
178587803
65368665
272371688
128628532
339382161
399952079
18204887
379055916
480047731
407931383
100925051
224533822
414161223
488143768
446038876
220340155
479404546
263428355
188370488
187882639
364369169
455692863
166089212
135583674
397814284
200849181
526908215
280210622
276813354
213309010
95118116
425509219
194537930
436764336
343258154
16853296
483336810
120113778
273936198
472823492
333420974
34134230
232466933
36166399
522039902
161754111
12809869
167434541
465698790
315064893
231854693
313225991
329005497
485252906
522509328
447813604
173692660
4949715
158558274
206695058
444693406
224243701
453259226
16715663
397692244
353018902
444770209
441490406
195446699
211648098
201450389
451220532
505025382
122406756
141381487
447838922
28294956
437894695
378734268
173386528
188383592
486471850
245057971
142208070
207915597
502932117
428434590
96427710
8441914
496953093
241993658
57769664
2340691
218170044
263988407
214062825
385013831
332848656
506931732
87359377
326149869
212794906
260407828
485394288
229690402
385375467
280585894
267002732
144028351
353774615
126664385
89731376
48807143
493474927
57635391
506565627
416027652
17181803
375865840
256475859
205856437
458533198
402638450
417180627
283791302
455276655
106417020
492236397
329942367
248868291
69331027
248153595
42256855
129342842
157252416
224965345
244949541
76137198
169297481
260127001
265578288
227846112
319486943
233109864
95407865
344332124
489619412
259597562
311603642
491978883
467943412
249744893
408218588
320903255
516212983
168999816
367812707
411078776
398781543
331360596
293642798
426592708
477702928
368957871
196552950
170979600
407281946
465917366
315139377
2881192
482713101
18016821
129131847
318272791
98800612
460801993
196701831
278980584
433215678
134767176
353955739
134683275
241843608
198776410
117754687
51878958
124474862
420634114
202371173
257719736
57024930
333474988
254219913
503071268
380715831
397496192
380513387
312780995
18860001
105537481
334644680
313134473
425169660
154211771
341442309
270973131
157393427
162133724
442128161
514850529
386464819
188535096
212255243
307590199
144865461
157921464
257943788
529480416
423898421
285476489
422106826
216093948
133655527
413005118
31030896
261525612
362023251
321753530
384691957
518922316
317362969
297142572
56141660
61751414
309002283
331084200
403286734
237296928
328187095
381945816
379975092
309447019
264626595
425874769
50811153
295849684
163395259
447031263
190173974
202406836
52468554
288074630
469933080
74521191
316141589
95406463
36394197
266740815
16957765
369006286
184339503
302685081
213065623
448237177
501902568
155242934
336907761
432178508
210348531
60749764
161590488
82313314
397699834
510280751
460261633
135021862
366819513
19043569
368569084
502526596
168688493
230649300
342522029
431655677
316248731
5500800
195379535
528158483
487915732
140493184
162156051
390235347
71098584
305506092
310108656
60574533
13157059
251032492
522375342
530800039
54328622
364264009
211005273
327794053
47944511
180218612
266476320
251223210
507597324
197535555
514034663
524595573
503532090
85286828
227806032
24634317
208800828
415290209
234843900
399166600
8357762
168218264
349135399
46486876
232909128
234583931
518755011
214019447
276027841
354073052
443313275
357213103
329330793
96778643
432417789
506592635
288433255
323276763
263325064
120193608
322049102
246743260
64672839
512799664
101141691
299920223
184208942
23839157
378983561
380252239
259038135
432581294
147900595
6300851
308772313
16331999
74631472
55616267
213766697
472785077
77086395
148967545
296596566
374810881
178431763
83837537
143392418
153416122
270182637
178703610
163910306
90103722
53336857
491369210
79632338
534354470
484394845
362422564
110860261
313368998
455740743
4834312
14661996
74842529
317652184
482523153
295210472
507864399
500551783
63629920
183068938
311977623
174397081
354799998
300600982
167429619
507628984
347350180
61484760
59418054
232392573
507336734
85986154
534518798
144285169
467552460
262066949
236881756
308663670
34483352
468291487
77043307
469407904
472054983
473268245
307853703
170623725
469695305
279504298
200749237
200224183
324083528
508161882
400033966
231896617
110118770
106286268
508556845
262626572
368946005
494175917
422076175
497039391
45737053
488536787
190334603
398370831
490334121
460617360
443280625
203453292
149925836
128732742
458848498
248520637
254877270
282412929
307380013
158381907
437791574
484861245
54915210
131561569
186453907
495279836
293889084
254395
427103895
402894215
30347917
268166696
368219447
421822989
478020841
357994392
130940745
387831189
317807584
446885643
415787400
251410232
475484410
506845209
535856763
375098261
22875351
330565132
1943923
455132315
459230363
77756105
87432908
371106600
341741182
171902868
226664539
27079650
511489985
129315324
192084855
169128150
297818238
431641760
365961425
444111136
264487058
153725160
385239148
369567267
495563078
287476867
532447921
85744204
396649960
344355563
508000266
375455463
228472843
205243959
112317717
227502737
413377942
322816135
255273612
364582196
311011933
182419868
364267949
455976868
265239496
85706879
449948559
389277962
173066053
105170268
133043289
184627912
315762366
15192006
452367394
492143766
237108217
302073718
496814125
170361172
520100101
463289318
27088174
335074544
297060792
434397253
443604570
253508548
399780714
12200957
98724792
49455074
217527248
446302112
154186267
488615753
472876066
229106140
164611133
314429441
494639902
157711491
529480625
223048416
185372947
188096327
404228243
454130272
240058652
58064824
229574865
471227460
23858625
275477158
501213331
458561144
186484216
140509396
251985712
336989851
216593177
129678741
158622948
279448235
39105436
228766894
446130369
97058369
415577970
193105406
40129980
148043290
23375507
135516984
155884321
448181631
399827008
449183680
238039373
489143147
111865188
359691981
363824160
387855664
297036887
316251673
394590680
279438921
4889281
518153229
22791226
467376005
35270480
306136403
316986976
535281309
272859344
125671880
245392775
306047093
514209287
497922548
158493855
214624032
176430324
231141195
71528370
44167049
145592336
214705685
435871774
79094175
33787188
100429643
228964835
528409613
411010348
177497552
70149373
241732118
288844066
21213255
338636393
158505185
480725094
48338695
378022623
71413898
191313748
182517914
469789253
106442186
430018577
357075531
499775649
189824871
465272670
384998967
230284378
470010990
474312708
516820982
406384923
498390503
420872938
166766430
309595072
252142540
408786229
147471913
130248767
188333349
332714667
6739578
317191903
378996664
483964073
259265726
500965717
484098991
442918166
118321516
509104821
299758371
492014158
108971292
400833578
468405526
319129934
348748830
325144164
249578301
273629823
486428454
346754018
357855645
257162040
372051690
152267320
452541729
363570045
266094050
27772425
474726277
353351198
441887102
536226739
152892731
201767280
536353393
420103974
8955979
179678243
476981265
115824519
24786117
219750758
330939602
295851683
118138215
120374683
284610402
392258883
96165909
122778744
364752865
244237343
349091920
207493503
17820412
487741041
227788701
53782842
505720831
158153566
339275111
387476854
194952579
243678255
3026569
493109182
225221418
278241642
212405644
154434003
181514506
411803283
74384639
290886412
327588110
354912155
386373471
325578521
415870081
173272202
187724928
127906967
35067661
147143401
132619223
259552800
500885570
403175689
235816520
439756290
49630607
294958941
370157331
486701697
202733208
159208848
312005977
253403016
155511973
494011316
517319025
30166525
21030975
97866438
389742071
426268384
510292174
501542443
19781550
126400699
386280663
160187672
120786561
226907920
372841424
232092358
182572669
436079549
379115479
101860680
369854597
308166795
52070145
110376951
205700177
301861770
48545807
23587930
109754073
206377033
214103524
505629608
277992897
329090009
248187641
283307560
327934396
131137490
404427875
416074798
249937809
112118687
440075319
189652380
210927613
161695329
79683852
11856167
242558280
446115458
213172623
3495396
427796027
6785212
442080649
195546984
416016557
414618583
88985966
84257506
178955607
24759564
286907649
447146745
310048753
402595607
456063380
448614961
4889306
263712943
229974356
173064171
40270215
260309911
255090985
308130114
391620009
66255603
75594390
48985298
319971667
5217471
344660666
171580735
136299654
368694074
423367809
227537639
445590125
287232804
214012836
86719491
311839307
335730917
497323863
15610078
344151538
157188805
518856936
304195621
361189947
202378795
124594303
524457923
144060367
229589455
136966638
154218958
440337987
414351536
181472964
69153077
259829792
487443827
46747653
314346438
138698710
486721842
345898401
15079621
366886340
534442498
129486659
108156316
509450748
433006942
341626473
267453379
312069953
149947392
121473846
325835687
46159457
533019566
98373563
481328204
503030393
43173947
204098086
281081475
216016489
264817289
210995463
430360378
304439371
473810415
70706953
314994834
447004602
333663695
71179501
365545579
131662811
461194820
234674946
232401193
120839515
253350061
472412292
308325478
261588274
405804111
3239942
394114494
231795465
280617067
230142667
81214999
167248465
273011868
402280618
529380223
190748014
37464595
348126639
284654823
57703191
310662702
399660732
121367030
64127343
126229947
204426817
413522712
131543894
142116650
346681677
91466627
254240164
271641004
87848655
396055015
103547655
433385853
306104605
512593715
371761231
145111739
497671871
64613564
420737993
262210554
43224734
375540294
28787681
477372176
454132571
512396876
264757839
527665414
456390044
90522701
34871255
321203596
1518556
363961658
83135152
188386795
354885394
271328016
441038767
435624876
224495316
279758933
135662316
185914080
388319090
26018680
369088051
409488578
67430736
278009915
185608850
367544527
155476582
233697967
467659966
496109981
40153100
255757353
397465968
60383984
169254976
431223432
292952682
360427717
247845461
297579478
58324226
305339033
108238361
221062709
497248261
385816440
94636857
312863634
161234822
519022233
257007357
134909883
16911587
19506349
279178763
174677639
237832284
309992397
105288905
296544309
514996705
1293138
473122215
516932066
141390674
387822895
223256517
523839884
225089584
164127796
21016227
409922865
6874439
439812257
472895702
313299220
171357102
188110095
184269451
384409517
285819771
48804628
532623891
428417376
370237099
324867449
355195740
169724869
317530960
34868897
324114302
198480648
465103549
491903919
385108824
482019316
458897689
466897623
505395422
230745041
495539104
399071752
273616851
152589482
24470212
71066322
192519616
73070544
248665907
132924350
188060122
63574571
310112031
378459516
6214424
424602230
405158695
530691548
205258295
76981321
332093889
141693648
527922677
458025867
11116601
235885610
534727003
423607968
272664600
31969188
415006419
234184362
165911948
246677306
305407633
269830136
391630816
189203456
85359597
486975911
162797039
517025998
414767620
422667191
185174808
188476019
360340932
240889227
108186029
120775690
72303456
241345526
324531464
165126009
357360269
276758555
78606537
401870821
304762536
224768606
292138652
401682229
168774618
12410397
477554971
296426303
302651655
286915903
293764594
228483031
112538453
386771919
240378396
372198768
21924966
518215906
26944790
454255340
293160611
214283571
176864696
470675929
368951744
325403179
399217115
395210568
517635718
262569688
244816077
162188716
109643757
103285222
219098990
228426024
73659458
121843838
496254129
56642329
64977099
62551760
173257554
159706050
510563396
391686968
11918032
158772215
22739540
127111549
384295810
525944812
244983351
368056582
17950517
229196517
279964760
317574736
46869139
418516434
392340546
339467157
373906215
230142537
248677427
144214327
142140883
380968392
455444020
368441732
457369447
334720680
31824698
161438188
471521084
109793189
74405278
397548013
477880621
315967770
274646357
424263784
362127551
450227758
529095622
432173071
113947646
469895184
446769929
253989704
437838507
395926709
309790799
319105975
522840463
408399808
505669645
54101321
128072936
474996820
370841811
139134079
72664086
76842934
452317308
84536641
62272279
381885447
184098228
91601974
376164050
160380190
232846704
380094504
251059114
205599469
79428190
337496119
209881490
245038753
465789490
348893531
296788172
129060086
272286441
456600501
297218964
334613578
32462135
136153166
394078469
469267725
44644200
9373845
330614828
202884178
363243029
480609042
224430158
210015064
519379381
517872350
357751894
162506057
54722905
32388768
153757626
255877914
95625790
378030498
479508914
144816666
438937306
404812558
371896759
301350897
87481919
457549845
226869734
293587961
375157819
181796834
348336287
359669288
479060429
79753702
131280562
410021891
320281172
401728073
50679656
348410075
362361011
423597597
57809598
37283534
67732498
328627788
497965704
353327062
209301638
119137807
320263875
41427132
458135575
432794907
472738280
374491146
519308140
51043090
251909622
50048799
107372514
52615813
102680047
115750181
359441275
351847516
120086172
107750448
79043201
402505792
57669185
435088844
531637980
113400707
135504314
412813275
531227245
31903970
312100194
157507186
106725841
509718004
361696584
501083787
184812191
364258761
285756024
298924477
62320392
110672861
37698523
437124186
316572134
78179110
63446493
522807891
455152036
58910725
182953381
236908282
347240599
517295441
354857162
91047906
407343058
12144326
381095804
495925679
303705340
131233192
462647968
251043708
179030288
478636722
257144792
530592915
456126272
471339167
451560928
466569013
68418119
358298982
29126278
352054620
338053409
148226053
453662926
340023902
74173944
37151223
321212518
495629490
47593864
276013684
10751482
525340079
346143518
372266607
119248156
39380154
275291944
458983563
208697768
442487668
343837942
299260901
442203710
113758073
222753185
58913271
487648562
186129055
288618288
118922596
33494107
407285906
42825691
139534525
435599057
536740793
290934183
7355896
169299190
498705050
413915554
394867125
145695389
126141006
464470137
376271247
345668163
270561475
353765434
261801614
77143745
405589323
324077501
238013748
393934213
385552042
258387450
345443472
165273701
459879535
188049727
229510959
102910585
284157740
455196711
207237875
375243423
102953701
496340933
148636410
466005285
328947914
367570708
188367339
476803508
153909038
17352979
321231891
248403933
28602489
210694999
291357987
61776235
43383383
27851708
138594632
326697221
325962558
63234160
257749555
220797943
121643344
519061470
377934632
227776754
395297702
443065508
473394699
210494020
309281632
299103397
110713113
350860711
261129354
469708932
101856432
10306726
177249915
219349577
8870720
514872529
22183518
421670735
345764806
283548335
458640178
531527713
307879132
11111049
184487483
480020440
520630076
28118338
389592662
33804628
513285192
281824375
405783457
242577370
56402497
223344568
139659444
431918388
143580142
84385067
247715465
298588729
345475827
283750872
277289324
383233458
86169494
288643270
307511476
506486001
188949210
333270012
123541084
258146118
123616238
91994892
491532900
153067293
66074988
515741577
43135751
121189050
413021375
22937760
176089234
338546620
215883352
417052287
41859783
37223511
406876195
167990969
476673303
262974728
330084962
264179950
511198090
366951457
469835171
342478269
71129068
253253510
321508169
506079991
90319321
274619865
109001367
78833916
471002924
90113104
310866810
526476310
486363350
455692261
131835132
366240723
70185387
177614235
298255723
254997857
198725197
119350005
403712972
227027306
518049508
417126079
261981044
395250292
90777354
299951259
52393656
277407347
17371367
80926367
24588298
221793904
92292585
320469504
380396646
91258183
506890060
396526819
395870942
332766616
510114422
66746196
209635080
319800224
337739238
468346575
133787157
334776614
361421609
54711280
209077068
374126667
178812395
58586589
229398366
287170102
60119550
154295049
240936539
109963699
128445407
472082228
108509797
10020046
479282378
366988
391813256
77363976
399475551
253182661
500797448
407623123
1191699
181295559
332860589
10270240
448671412
331559503
277983099
66469052
145931240
528458966
198165036
58681132
486389454
389795204
49409485
111837756
114297641
137306051
465808112
241682083
72789838
377440984
509046284
184527465
79137558
145175815
529370845
1839969
211508180
271278573
64115364
3887761
231274836
78554867
318173227
366326357
280159035
44501513
7041304
427667941
178336328
413826597
236941512
447625280
494596490
226165121
178829591
416616483
196978514
375185880
524553182
247286650
144730339
375209570
369756048
211688080
199218546
526561079
261904076
280159118
118839569
114263781
145958774
129926226
308412722
464395003
227745611
341159152
106960046
191492468
361745832
185715047
484556886
489526593
355010992
392947560
473393366
265157234
387422361
99889731
251626065
120622713
2924438
455679535
284308535
235615728
180158920
275792322
441203492
172755780
192184524
431095700
276838416
268172048
408364286
155276318
418019980
380728976
459037955
456550636
388014865
357188822
178069683
21101855
12538846
358594288
241923242
346912559
85536878
225901257
527863051
218057025
78956013
344082810
11680219
375165220
183212764
463292084
453357839
86103272
283739445
22794162
168588814
43149583
202699684
163296844
296980905
51322902
389127213
283158461
412595344
360690818
105304866
349725473
302008263
394843151
340127614
90417591
346505860
122086757
328190141
477684069
434091401
286821965
152042356
84805765
227596044
301603803
299742454
436006444
81404668
275421709
90658830
381255234
59759321
247816214
496007758
254320552
38931795
81939289
399881900
115471807
6706711
107304740
170853946
471221479
283644582
213203209
11363550
462219394
19269009
498493582
237708087
446507446
316632905
133688235
463222684
218257119
499396315
389258755
460750097
214535525
296721553
299330331
507695507
193236663
467251536
167949562
426274232
104926263
10078321
496930476
36369932
32987854
272194689
114531342
138204630
401981942
425582625
375930304
92339552
396750444
384623878
41817672
270339481
515750228
37580171
219296
331921418
430729996
203984900
507729864
26741558
25380076
228146258
233163653
178097957
348286365
474359864
426073789
176758527
254383813
341860708
83059574
138003693
512610190
334429241
30726987
320529010
435505100
50260899
204814156
12292946
153882887
521230639
39951996
367701764
195040304
327672097
112142405
488870935
438080100
172926579
149485575
139121434
48813386
383259211
473919157
372422143
271506592
470761470
528940511
439435813
276401794
229943333
380674687
474549478
529081004
18593732
184869083
413106651
196936224
168228467
265784500
210868809
455537983
267320195
449612261
180038062
369531026
146123552
360689207
265291448
148443457
474665079
291358955
52527659
395417421
480731227
310315952
285537507
146401066
330452373
389742106
19539636
259764030
362042339
298017554
319548828
110238609
49816072
512653934
499143633
274306402
374839412
369247962
320502080
78303726
139364249
513100304
470471141
406018163
198710164
160370478
70314804
356419232
202656835
483555227
146616490
33014744
402593566
45948389
351054210
224987542
284304572
128298971
519006729
155167350
320715007
405558220
20562826
190793576
231330914
439853341
275916071
75187699
187573581
85307608
137302386
83344218
191540897
65706289
246426492
134343851
289032048
42650676
178592017
476812081
136711812
211863935
308156893
325500225
15997520
105990984
32085397
442200754
174222761
53606786
216695331
39824491
113608663
258222506
122631423
526562124
45603672
12660724
124238539
325558763
397671395
452815504
160952025
261655063
334481862
157103629
447081870
128596896
156170222
346118685
451282822
286884126
351522738
103709489
316091745
176406021
522061334
163226856
197114527
116098046
472614671
474941837
235246762
190786125
277665340
10497362
388480341
360136479
21755005
355294954
431144209
72808439
420517017
135248163
262390659
378647919
445216866
434156133
105476826
365108837
257531632
53084114
355608258
238867859
13720692
265579568
106453820
189632715
53360492
200590208
164286073
283972142
90850430
516803075
228901461
524524717
17833208
499824064
119258926
193746864
338119311
70214333
111860181
29473549
53879614
215588815
461414733
210615777
277064442
419639634
366679182
81457783
44560059
25335010
360352095
66403364
173577171
126180794
445094795
389394481
329411757
208207094
497903742
200093555
251335160
374970090
157194647
71187468
71921032
45108035
10462888
407475860
504433608
514632860
21881891
121037140
148541736
339006721
395399841
353719534
354589426
278095218
223356988
200732684
363867839
534560616
301598030
397768486
190551927
443797181
445649365
14751597
189846044
220551402
76401010
499744450
185821050
32194999
11167101
517007912
66275661
509648337
424804343
445796795
97566963
350335277
228920357
211164113
340438002
235140156
528892924
206222175
255289238
236239654
66413021
101065605
314700389
392944156
427163482
338672289
396783198
378464683
379581520
22652190
190515277
446921801
352046326
290524750
256870592
535009848
414223959
244568220
170990658
58096175
479863272
348168088
242336269
13689577
238316572
394685853
515525418
174676489
482799973
370684997
340595022
72803009
435775609
364428729
165939574
442740650
413943333
93422816
287001100
511757781
111049631
82819366
71697499
214798177
68255466
12583971
163818065
187707512
315643759
60409596
306795756
123137561
472828195
460731838
501783104
462304195
108184563
226357375
136076295
225614687
116801931
190600145
276928022
333323996
488584625
527309983
266339158
499206353
501179319
484375751
339220867
360788743
141535030
184511677
182441891
337572609
502030236
462873909
468057093
68470541
112896064
330257342
491746415
489072614
280901833
273505488
472339488
494048440
10150234
273838625
348357432
171072487
315453244
276760744
503786737
285150156
24890208
507407132
520430981
238464348
268394133
205178868
417200690
346409126
421808167
461100666
372393611
417622107
445566700
399798062
357383792
506241393
209065384
10036414
500188903
459246818
231669414
66595431
39236931
151869526
87915270
475410253
532690918
35863402
496315754
2901446
165058058
226787975
253543242
416456
145896131
353824465
51805513
523547214
505115964
32213392
523958051
267366005
78807145
336908967
468866911
96425660
391907060
147054875
85247127
148989723
485163994
343491660
372838883
32273740
161815031
505061464
356668402
463201015
483063210
498786162
387725360
419780204
344020907
441300091
124503321
105011722
235448711
141501660
318633093
473831158
510340558
504465985
227382795
353298504
473423693
527986526
362102574
515338923
9752652
491159322
115956901
127225076
367940487
194660365
512545780
61168682
260860442
223706780
333480410
297533784
76984020
310029582
33771867
266267728
5343734
136968877
138955026
7440017
308563256
328836607
188924989
190801855
354405946
515834233
61955933
145946419
66584762
254563684
478603146
285996203
304881574
50706925
230139070
343664134
80189082
250881516
30779323
368268080
221455392
421073797
74799334
287856576
204739815
275177109
234738450
183166217
212054876
424934550
446022174
504713911
428059363
161268811
515998642
269508377
311188000
383618292
457341131
142084351
148892242
462027324
355415588
998506
199181884
157236509
78963841
393339972
201846602
50663849
441521915
436768676
119558056
132203039
124955391
244929721
496591855
185230892
21224007
394395417
102554456
98282283
127311211
348249176
485203131
311717800
507931947
519215860
392302779
351971739
177499646
355611539
286892952
309671637
63173005
453667365
173504493
403450272
213581650
427782791
54366836
208936438
485566876
15656171
140091754
35053569
128882908
5016629
436596367
120242043
332343856
146635164
119661549
216063658
219299165
173308884
267991524
446679661
149668893
352713525
300350992
47802320
474316469
504446606
527052424
222039477
74069334
71303080
341643549
76919176
74520764
53273494
34758468
495824897
532454910
467678777
411968257
434491107
403640254
338870342
98517347
35688124
51469729
394120380
89712103
120239075
137383805
277268028
51546057
502772590
294669632
111019742
520339408
244881908
326070625
378081338
524560057
317207958
178663562
318543429
270018452
256969557
227936243
39237834
247838748
201472434
230943954
247028789
15902667
484027099
3084897
255023570
312510000
460666375
321584515
179104298
73333903
96287863
396889301
348005024
84556263
191676676
197849340
349956732
361490892
119944883
141516728
528836205
294437227
171290443
235788957
505704679
137677134
260663894
129108606
66114217
179663079
249352250
90636925
47688860
152964109
77683598
359206264
237520565
512598193
82831691
160928466
217599348
283061011
296585418
4378678
440036475
125952782
107709627
326356872
262049562
187029431
271375784
490329980
153882143
408419054
134529399
222771234
273459397
291585868
394606467
283657569
216330382
169484960
59593866
454313837
327492766
392412255
12713176
454990853
411911375
405690447
216951681
400343814
46277837
333842563
471529283
290564332
288985910
244152769
262125598
164424678
18221303
461063053
469924
357037155
287128303
354845154
492121718
113517441
213557800
412353478
361904857
284547093
399413925
135753753
154165014
119012308
88225068
340925891
96284812
225140132
350725914
200022720
202287967
55988974
355693396
165380834
67449352
352268450
250010818
320504316
237085993
143468156
13027883
119895272
140872892
385883500
163253613
314442188
430049235
150981807
148334958
212746909
160246587
460129236
92980470
226665558
126251449
219868304
306913473
362172157
141920202
248831609
487677873
439100789
513022429
65208720
387020843
405595463
292070565
190176018
85842266
154702571
486413329
455689041
128031960
91748412
121339769
292048987
48474651
355066641
161357167
288930336
281979501
75513094
468432201
85049454
410731863
534846750
515617360
320762421
474868788
422856203
387625265
502656621
169001018
341976491
340044682
191110337
187486217
464533873
276027248
210846191
296309386
344498533
149595091
479664736
430297295
449864854
32084984
289051978
504707590
218843856
34276340
484614314
423301495
348815050
94078986
313844896
295699536
241983404
146532832
268796322
98943779
522615287
248821216
455160492
183906460
105063366
328597024
31224105
66870011
119907575
132590833
226108613
99194890
280167147
44517958
532414985
19252595
512668474
415842900
211020625
446199120
255614396
139762923
298071191
104047476
480791156
451240459
312144278
381275148
432390282
81419279
465361313
312853120
241530112
53970947
387204585
273302253
107999478
402005772
457149786
208821879
150033703
134301410
518920314
300839359
161511126
72346290
285283475
188840152
29272981
29023036
449176258
137171146
446609030
517330526
126567859
241002724
98725812
236857844
520531728
352404837
349022712
531038027
164572422
274008542
130474748
485491358
500739541
339269020
391185093
14758464
238762514
286132488
168243242
171715290
214877475
311411488
204298522
1219957
100207927
149494696
121348125
473688003
191910692
232257013
362085315
120750267
238661956
207109574
27123232
154386801
181849970
108239941
287457923
502180343
533068134
256846072
473727475
138950562
350125083
77873314
22987734
311617276
65516494
210631911
358844877
81970889
31375637
359890613
80377470
115381789
125436382
223374297
130194251
226163319
16128030
417286858
460944046
498878711
429100935
237382168
523423042
348179799
445750046
452788668
321872076
391580154
135425109
62466341
294308028
8070272
310798008
39704711
171188252
249289199
157137269
394082222
156054941
183248717
473717338
302025144
283049552
534169621
288423268
278396831
219554742
379050989
76115923
346177423
324138036
335535974
219926999
60582454
492212690
506774545
216375024
97714411
119958254
800405
187560719
384496732
498123581
140269452
409682791
192078884
414590590
346244824
480689201
444611189
375274461
10638178
48429612
62687084
395265221
403139489
436341652
291184756
313070281
264248587
328056512
279140280
336458810
351245242
492948606
298451127
44412627
497120205
519586582
123034945
453578371
229617187
16261314
274375156
205868039
458421182
246437202
220594778
321808541
358156259
73663023
510143308
292391743
185747982
382990276
479586934
116559999
419479683
199554536
425387877
77012241
53389772
225406925
35542724
250046328
61207229
464171330
124703966
123347334
331569847
466035746
481206506
208582979
35446703
161924742
350445354
272888855
144136354
413232633
149382954
232287220
321420449
63584003
170208079
271300493
395505103
189571484
344758449
217521502
259269219
382376740
233082882
469483259
33591437
317694541
78977184
132724902
363849872
255047134
391323312
133941480
155941016
255047035
379291937
230143313
324019260
339618148
439216574
245496886
491500904
378524593
247864011
460835
518316325
462818822
351478544
221375751
265119150
514607592
100512698
284978162
338275885
261816843
319461517
261513009
337249643
483347855
371080244
131836071
172283932
238736101
89915812
512229877
2119418
282670786
272159001
128287092
476165253
437131231
169743936
182162305
22262044
16292098
78754357
506600636
212673210
17489039
509324664
403499341
356961448
422126110
131788532
357330464
447877748
426387171
194368113
270448269
9556216
67435560
222360983
517681593
50849304
421667353
264382998
422492856
172598232
126462164
216780021
518293073
236719532
405723068
359013831
400073003
181874843
418919646
472660506
338734227
118207910
179699347
141686920
363598745
116850877
27348505
234425706
213025690
36558650
54475751
128333181
287873098
441689857
154359475
187484780
7660336
270195572
144724854
173344787
427198905
467737004
486301967
122713498
175706143
450584966
38246770
515294666
71823329
242669484
207105447
279183603
351702569
260114174
198062591
331516794
459029600
333074948
311642674
5695965
57235855
208328494
154131694
489466908
375154909
125024074
329892896
148912674
50759941
286732612
134014811
266514815
390451502
322460061
487682265
103486128
393205291
114099300
183694960
138732807
219549553
390331305
448587930
370465768
524075436
101763732
295017843
405881723
520348451
73156264
421447914
432811615
421147262
230588191
66714411
508860316
459844163
363147483
169256944
352658184
342882348
159153984
476374468
504342023
121012585
308997347
270809976
524530344
118620258
433811994
505938399
103312562
302210910
197045995
201681490
373463884
163275238
188647753
456308763
353272247
324511466
260604799
530515550
161980683
98658171
79501605
281207913
80139143
193080320
224735595
57795605
480940199
53183598
373303063
516608320
341697651
92427716
529046449
419756712
124260294
374981032
48541175
86213770
251443880
230803477
41252897
322313948
374013472
460379869
183117217
471100705
34863970
309669318
237739823
269087744
437492145
229690560
276632801
532052167
42394758
162948235
479986618
462120472
5214708
170266890
270700326
468552980
30707819
385710124
393964766
442322373
721283
273339905
391097209
115177469
160366800
152102258
100340264
273763180
401061246
50559898
347618971
173503460
346259751
260864486
530203661
361495849
234188300
380772046
321039193
166464078
135227996
405547342
265694760
298013043
384581273
435299359
173023335
167598833
340655897
55181305
469243816
532208060
461143944
377191496
158214213
354128444
252183145
234920626
237583809
104827755
303693099
371365367
295025730
80695666
146275100
356795039
59234429
444605275
324213764
514079360
519959802
144628140
363059318
407954825
451330462
12594005
496537866
133199949
523435287
492259084
85798278
138047602
348337185
46582883
84337844
135458894
385224503
443951651
389824842
303057187
505715112
398430052
180033320
190884025
76855360
91705050
358466721
313539337
501911869
299478914
419823999
396247368
429056902
49687828
226454470
349555203
200852554
401905521
383968201
105388028
14958160
343167456
191090949
285567677
517506024
530428000
404532621
350590832
356662228
394495416
167585411
302374584
39050688
349171200
94103073
110817497
216346876
320238137
290865228
227858923
500764071
225058256
480540708
126933266
66394399
415294986
339971495
11034769
433914517
310355782
465844504
264801725
443001590
159516302
206855509
271115298
242028245
358857619
324716893
497339315
155935474
121165454
90628475
376301060
336465767
58585292
121173216
105504387
128202698
100780336
420475990
313489146
462266260
70567610
401121221
511527003
486019639
519102130
454112630
138910072
251281402
32912744
6092500
181647773
241650367
455627940
235679677
214437142
45599002
64398418
231887460
279441068
495550679
257037950
451283483
51812191
407775839
206329947
402985969
310955109
388975116
111735985
313921295
109068342
21922796
116653744
447225134
4512924
529767240
5036874
501669115
301626575
374396783
244535469
271721599
123467364
268861633
435891886
10568211
499074619
33577373
68986049
239354214
167729086
27271500
52818038
430340614
154817340
393442253
268533875
78112323
133487967
44804338
22415618
428853080
354644983
149041349
231930786
420492931
47018892
258926192
324307518
200265512
324832615
303456402
274747091
414399399
161874541
283282146
22137338
4379712
337002342
390563095
277083784
347285388
67024657
138293584
526910097
202662132
531655212
522962568
499124658
96338810
31197194
315606120
150142517
440785437
463382245
447686546
139241736
61952001
306865454
300429450
37351073
161149179
40659954
252900794
449594437
410532660
265217114
72898712
113438049
97075314
266197521
138627581
461177171
219034075
176025161
47214390
500604646
113874428
23630893
333407964
303766746
423577772
123805450
393794740
8077485
120005397
222544804
289721148
443726980
343663544
357054294
75775738
132776438
503585123
137713744
166723953
355874391
434103921
107561667
151390160
95922549
34863007
350815316
507746495
243928078
48151668
333896975
135234469
229061057
491163529
523397782
45690463
315487933
389696897
44132356
124904830
7769172
475811991
280389333
74938764
339514640
520080232
192623143
467669166
366270065
348006701
54246165
233362692
286959503
93979964
25875763
283961762
211504120
96580129
235491844
397031370
479323649
262856030
33519280
15199399
115466740
33937127
214354147
314310858
35047583
528552615
78150106
220645905
458621301
355004303
273051768
383178895
287671311
496784759
137695493
158768299
238398542
162713919
459280998
208106915
116775444
257397393
124772190
121074506
126309551
58476416
173724841
75683975
416764770
36357380
8470438
467299403
373158567
272164365
320263309
189254784
335899596
248656787
132245261
15388312
444389218
504310040
376362690
107785009
63499093
467290739
64337120
280617698
507830976
533941979
155663186
90141358
261742786
55193677
8089807
513392348
419930981
352868754
11297524
72022257
86516014
86620376
59933655
276958297
416153906
260598909
273067540
114937673
201711734
51681500
375433622
285817656
453821903
308508559
425119444
224447068
118148077
45260714
431136171
491991735
437030324
319655515
77285673
320705146
83322132
318948644
15908990
401606215
300590844
378755463
144782805
411293645
476031652
303846912
197968023
178665269
515639463
279131186
500055345
430081681
94456293
43425944
534653982
285175629
380989555
389960241
523104811
209769474
28470388
222926284
141943814
315738810
231507329
30897609
403545354
301072327
414612958
7114126
496910441
259231233
151390141
514629446
421755775
283835728
508045410
463931307
405133510
332932342
460905249
165075959
308754984
354367124
24454469
432450826
165847863
317440019
414944542
68564174
311674539
342479280
198969154
503541695
78680195
88777897
361683159
497756100
354286910
15575137
71271571
475682113
128004842
411333168
201321067
222574775
532481541
106910775
9982425
490612355
129529402
410728282
351469615
38105515
397357429
341049788
462936227
312414936
105701070
522004662
19631117
494770505
237643125
467285204
286292602
285979010
140502339
101883578
477125608
118917953
194253501
349673174
261084276
105302572
147149289
460826839
179076034
295324122
6941114
314689321
127669528
111713970
27492625
241365610
374149651
506700953
125726482
78186868
461546192
454752681
97946417
311860349
423901240
27343981
409087099
170248967
421129486
377262605
34709748
37811866
97322773
368338357
534945301
56674417
521832231
366593907
197641744
387592636
371245291
189326386
513528360
524070858
331697277
103587139
303272612
262628751
470537968
139584789
527675391
431923038
472025653
363751826
1350376
68764046
243849013
286358784
122390990
239112437
215545448
366391647
404485321
290363210
100785091
466827379
195288777
469271012
210218544
49018022
290009164
101015410
417472036
308642189
475176591
336747386
138038398
482724421
121837441
384449143
251175394
75611486
243223675
272748914
74421664
200993104
363621047
262519338
427978669
519359490
318365665
201346719
412705413
78952945
297529179
297668462
207847902
158827784
196559401
202473986
229122012
61335216
282672360
481036005
383582592
3829795
217570606
240714458
407012622
127682910
422369862
336978573
400655662
295065263
487528032
455971712
443989307
65852626
124776194
102562299
152852365
57224149
127391717
484064356
80681910
388690611
534656548
138569539
426838021
93749671
352205872
120308347
345007069
386745146
478207766
249729348
382643754
266829781
233013340
333211714
186891269
526218733
106654220
123586494
141904375
419337424
156202513
335839055
136324280
11342688
104354548
19162120
131235301
506550518
97357793
99201874
110412512
489420108
514669167
444811008
92778390
288472721
429165941
38579800
16943423
5692444
4897840
296630597
449125594
523009020
350772902
259249870
126844004
449207929
495143027
518382628
27012675
39607412
529397359
90483968
442959920
277690348
4961511
360090445
208073117
452582142
400194730
312684131
177859883
149938175
397432989
401359511
59404360
280262102
375900075
80721872
364521844
89663662
136191377
7900366
385738306
162655705
404660190
148691400
59299904
342636344
60607945
409271433
265151185
119217660
24656476
18743765
391646342
398276566
129643342
33087969
417547597
50081457
438927598
262936717
252538333
430899039
408869810
428501038
123727209
238453664
265665471
123215499
496539468
341311831
112823313
8438280
293133985
195327146
293077512
493971490
199317778
224230751
414788554
102966852
282784380
417631903
489475294
135599478
194785182
38772545
349496585
263970302
345441788
28283080
213240008
114327648
435714219
37511815
274501500
98747576
224995321
319936334
466684915
248920928
341059944
207603267
234954401
444001951
494529190
375459704
359803969
245618468
365685968
88237715
355951441
148391101
264659118
216521603
177926760
220825536
90393517
394997814
126945394
199802977
335337889
414092400
180191736
29794087
120798760
71676263
215444305
44521828
161949266
228936737
45715683
109774099
464157892
312507133
191503895
251818961
99393146
34700818
473432407
488841463
278683003
294170706
85129298
88083258
310587105
299290184
79766052
431313078
445962346
91485042
527878750
186162684
387333226
124766117
135479002
474414623
376166045
37061707
153877778
37339854
165356544
306817302
18480543
335369986
102433849
284595123
343729679
176922395
62017183
150093574
68476664
478072261
19744198
262978553
337620146
278325178
382926767
377680405
198681727
480652511
480026691
217886859
315345328
103424889
403842120
405159282
273127127
440364388
369083444
199694512
170550639
292232796
113448903
44722449
285916106
100592966
381619924
459891750
480364102
184412255
8124471
382067828
176349203
82542593
443051902
418981886
386926357
90314154
305533084
492914266
334640976
62646608
21802638
44745875
401356806
194561748
482561826
423225764
90451197
439147322
14027041
101371319
77496664
460405078
461414871
296947261
126214319
23322875
512101786
58713119
136528845
313542453
352178944
149782081
470061090
498478024
58152570
230784443
33352410
395100164
513073479
418239859
110481857
296979958
403986442
23754967
1828073
456872873
235761415
422228855
380624719
125794659
208949689
28014330
210477171
174752535
374946072
117673863
324663333
525734195
238429017
206455563
384066467
528464117
279730937
371896335
334301114
184440446
531339929
481442476
449169942
240688267
306103748
456955217
386773463
195572424
143852657
270703027
183257594
358309826
244340704
348533283
291653930
403539888
165449966
260237329
286021014
231923635
383835036
165926043
334127396
201975198
63145616
499051410
237550697
351690028
57786331
316791839
314812853
308676581
483759849
65837642
80089742
116714168
289175330
78159957
522870536
68438130
472021329
523707392
452674720
471127913
198239870
525515767
487677577
345934204
274474422
438387428
209236862
480284070
20349633
53685631
432757569
342450483
88046692
17441982
117318505
186617957
4287562
503463130
340576255
245091476
57090431
198442051
510271595
398310639
356254066
38082875
458252221
175365026
94757990
222074473
134486225
244933366
462251443
328748735
12969216
154640141
466805420
418466902
310432176
118136173
528503862
478332357
418952639
49229527
141740919
262761373
286842247
148957392
292470506
470600455
418620457
336404864
173091006
23830821
210995870
131307753
21831166
471824094
141192983
64484348
332365226
179640745
100587307
128361657
226016433
274310995
514227778
477519491
431465768
314538564
87141639
105912904
24840410
375856829
328095419
471495442
408746354
275837615
389645451
233232929
326280592
99470778
382288948
210625864
362264228
315140992
318457223
254680619
54817852
295819332
198448350
418536298
515799041
393777816
11581613
451013193
431610157
501491282
526930707
107858385
234381697
62738290
157596150
516686670
289615967
347305963
120401550
241653113
82746252
321015822
447533255
147536031
104721696
375231578
487602786
493960440
177359478
152296699
402036356
403949849
52548558
185239453
305948833
291645710
293503812
405201181
329505552
92018086
511756174
382538430
99864647
487139810
509966737
71065914
88738792
237304034
149063850
193722328
106028885
19153134
64392195
406167763
381648631
351933891
332512604
23287840
73749701
475059605
528422350
389270221
55929841
266453343
20706806
157337094
119775556
352201911
491381790
121589119
452316469
141897923
379414481
139126302
112570229
513148151
300993641
420757480
221566896
517604268
237698903
177252929
9498903
280320026
110637858
252935288
223025520
149106253
501586385
511758459
369363493
163710220
328902650
497923460
207858266
513184193
132377615
302428043
403516214
470617623
102889560
88714902
76580673
61043898
29985813
4156788
162024091
516456854
95290247
83673173
486573073
521341222
59195854
358512441
310443207
512446898
229702745
439990084
244456965
41834691
374195231
330301707
78421079
79770468
446048643
374015656
477877145
204613043
34774053
306686813
225112917
338007281
518549660
97667012
138387387
289424426
44674790
122675039
174827061
180537103
66653339
281119462
496700965
178200953
171579800
244983902
460821384
73856386
142687808
345184446
239532870
415886277
529125780
87121826
509066457
404066714
448063712
389250881
173713047
125311352
508358900
353720365
89600483
229632427
473027998
404997087
74769195
321605776
441587709
28342199
32069770
275679216
161469411
84574286
178402580
528585675
410639292
209175424
89371529
411284105
233655475
502346833
303660574
5764804
354157882
534504006
15689168
463272692
497901304
1647817
324410052
74002771
151341448
502148027
208104078
445706329
121817492
487282165
317182649
304748308
182445074
484108686
405098917
169295889
510540443
91120243
3006474
409257255
123595684
144347170
491364614
15034895
427051466
264564730
82546532
195311621
7008597
382216019
285858444
523319206
112498811
450795554
320250641
7569874
62007795
118823483
435419809
6714833
43938116
425799309
225005863
191652382
54667902
327981499
465370580
129376654
316871284
368181776
60135929
56937280
145117832
307579593
359137373
390792164
263751331
266711457
319458123
40459301
1848278
276018641
191941456
205538800
75005488
337739225
341179854
463016539
292765487
46609075
7457437
480315244
375806686
418766537
213239751
251729581
467437848
237242516
435748647
401042427
288888383
210512459
467405952
111060966
328596380
2371437
203511810
6103584
80942043
118594139
326684514
233024984
408768998
52996653
310938014
392877602
199210973
28447202
277476581
452169633
485634101
58352763
244426155
166525078
3446735
305907467
219976693
529070642
279455713
79456299
377685218
82337200
223552088
229565843
402687503
9418393
307689168
509186797
264542505
53804448
215289657
202830428
273888558
416769219
370427484
294956405
105733552
274906327
444082985
120038614
196101739
241851
301472339
469337353
458751444
390103141
202470358
252266938
150268264
378441186
309090695
304561107
25723800
106192098
27258800
327567083
406655750
80200345
364933307
363456647
446346217
423118236
108680834
284912934
8367506
365241624
252936721
237731297
243408283
32273779
417107482
337075156
92234989
387002513
310136290
447901645
390746459
308721445
34484524
79814250
202569375
64088733
196028968
28272467
100950438
433268729
483450216
355632400
286490716
395352106
224593701
430794734
311833404
268635072
174903073
249791880
401129242
6271154
521141192
385833138
105795720
502941071
81960821
381913357
8234726
3955898
245690948
505880484
496846882
482482315
89500289
227058343
58607149
374660398
35339181
354247239
450326556
184814035
350495877
413453491
150712573
233867107
44486139
43978112
55541116
377461160
32442231
47034589
326599569
20754229
438788194
187938319
396900769
474514936
403789772
288947013
142783369
313528931
84880949
410360983
158456418
330778459
251405641
303334621
41205366
338447137
459339145
126627657
171791256
64005937
156857597
180868824
494362915
149633203
99148676
474348141
409310263
51739165
49981583
472958498
157768617
476387399
347056548
349725390
182062555
80960400
495212176
322945936
506118800
58442685
365488407
84479019
510910041
465585792
199811523
251799305
121701631
438108618
394078573
180936312
274739127
34118959
116719726
242917998
234746143
237006088
129677498
68188026
261681331
368156918
303593047
278577991
94060705
219569516
513235549
212773013
434663411
421364000
420333698
533374784
150803788
395631680
361287265
37092402
436275080
27045983
373872133
186744889
478831603
453627779
168191055
34934295
398217024
528971401
170288184
438557962
187806086
306865641
41770572
9811089
102980183
151788922
177537917
340544859
171068619
336198444
373035389
329594499
293063350
225176199
329950384
214037116
140197349
519550469
214492854
68717515
111253635
451072850
79930801
257272721
218779533
71864943
236078385
42863269
80147485
381676113
127659237
307091804
277559494
438886411
432107872
414851192
138001840
45905438
394568506
2236743
289549557
212151814
85616436
389241338
486279023
16597594
421080655
444278498
459425015
73225283
433052146
181035214
514928218
470341560
378533563
65354178
218461163
516187897
268390193
428104828
501356492
59166586
53809988
274593069
165738719
262412251
321342455
350332247
361814969
211556297
369442007
139964506
280033260
258559429
224428295
403356532
336310460
91152431
471331022
124790795
100932183
57763253
237769845
294645690
75126772
526083367
205093561
96866564
249518771
45780182
309481633
311034738
461773831
443047547
351286254
349175608
512729763
221748756
495014331
241741757
320937411
405292533
54293717
529159596
3712510
502635663
177364612
400290753
43607621
281078032
249534648
289394213
231840808
392503696
60256916
26948537
326209111
195973062
160014209
66193321
387943900
11432290
231356899
459907892
181076174
395782465
202871982
501603093
307546476
192361683
14503615
347245061
225311450
183603301
519910420
471627362
528057224
439975472
462998975
319670008
153538343
302285639
171560030
297916086
42728107
365596681
273692589
329667675
37187922
461387218
420406033
181627949
340561931
233950615
291105494
417027420
303300236
507184565
42193562
200388331
302138268
474701783
340964156
394959482
177207703
63740847
523469589
531853525
213968879
143143819
370094677
266628646
257507063
241490179
305070485
235939799
404861064
219427520
355200027
484477982
423499013
523071752
10921865
520341752
265008553
160823092
301627230
179677959
354531045
141625865
378507304
466249282
199771365
217861310
452148470
343492448
395942797
233073405
496775436
5176170
307437006
139428534
190094482
52017905
499473109
88899025
330623149
525496717
150010946
348169416
33672068
480784126
400896388
174163893
434186115
175529949
476982330
174294838
319511493
217906922
314031152
78542629
461905184
148435665
176154191
137929915
296344736
386006434
357287531
416245196
464896123
349179353
31459547
502961562
258161154
159393674
198043577
270759974
464676773
50425255
239804855
113360918
183645206
82273225
528980990
473351525
407124286
71276185
367881263
82665092
118592391
470472686
317188981
260654923
158494932
89106635
206150951
158212905
178912496
391877764
359427376
210542635
465742729
462925761
290654880
433449707
100371741
336375700
369046087
62525224
167785734
532511776
192356995
124022641
86909871
71693832
435027965
198599181
440181688
442649192
210286735
226393796
202737125
294604984
514697975
465023049
67372474
465798575
503139978
239951624
253337243
480247860
86704013
429426073
397842415
307599464
42756472
307790501
309013170
388118980
27389335
183424197
480586082
132942485
30698904
374335418
139763978
232007324
288937036
462710883
477530930
7848811
513598461
381316750
317904296
46309695
141460032
394446752
20473546
244667899
329312652
37537683
487316628
331022660
9449669
394180839
514237868
448440559
288805569
529384423
417563847
169894287
190169205
488085132
366229650
281113413
511708128
418668147
40472087
439719972
351514757
364019217
362390635
99252912
514707191
18189180
235867611
521910749
310915899
169266314
429235242
302669187
305465740
485100360
82077987
89594877
92455513
150534727
337789347
233528525
160639953
186288659
316191225
397988871
188555816
36083666
298210686
351909494
526008783
341630957
49470098
172862147
516087904
69090222
77813730
339871488
484174492
86464682
225820770
136428823
406929979
524701340
219895724
447076848
296303000
227929988
309014014
411779201
1618489
139489608
167795521
440731223
269584934
397602852
444303848
246966563
509556600
283035484
66829344
360480883
333784384
225737412
211652499
427869803
368379541
429748798
190182909
99257313
88321447
198515302
61236371
112205103
211839687
252700450
436237165
300519953
452736520
225167361
250896992
106532392
193422303
383498611
417074783
18248627
355791
404457693
488553624
81824416
46759017
182011821
101263978
268691478
452115970
428153976
85808087
279371678
156966254
208023989
248474953
191987808
173121203
131296161
242369899
386287677
534842872
306200942
462709637
376842073
222941710
119119740
92262608
59088957
161752889
457062674
152275243
342904050
399431379
450567857
343222508
121485815
130100234
33196598
362021719
196881207
189681202
208015207
170507808
248990994
166093285
71830408
313517180
520872237
267295179
206285897
117211575
72437090
389461069
79415618
389751620
192323395
203546686
24785066
148645922
443250153
414261388
122841992
304304261
282679543
217125549
463973165
497237150
161025583
224973978
413295916
71782945
498032834
84157274
236170787
330167977
155678019
404982605
295599760
124577496
163497240
125304025
34822905
378324540
457781536
353980917
65092272
67359766
447296107
363814083
453510525
466886922
226693480
135686666
88229624
226596287
423305525
254504543
483750023
280394067
497435273
41282972
331006052
527890597
294172545
437268986
104340800
24215978
82283519
180649276
299351753
417234855
476764030
78618022
461167042
295783356
83524211
445955418
15908458
12756213
35807160
252413814
372250833
259414769
361625568
139818863
180338888
524485565
88577153
112633513
468840492
193861276
453957460
426791062
443732094
340389910
165325164
408777255
506042858
422141065
55513741
295080667
503579427
151633918
199543103
172135666
43796549
139592450
167747769
337926673
440212793
391076018
75467935
485479207
124741770
206125681
97337727
299375267
265179531
306689044
47604418
424821893
32905208
319522539
395785639
45712490
342086425
252435360
124442083
26422526
254105118
107680850
1024402
7002676
46919240
453164084
139304396
511567990
254157711
353355581
524054563
445240410
176327027
500206064
281023906
484841909
301764970
151497046
415957314
344976409
432266135
244264753
189387392
207155357
349240927
223750955
121749022
130904567
340746780
519666646
265612618
238457055
481940951
421098700
250189114
126741736
181694342
247738430
362399072
355978970
476880237
363516716
33875550
455548379
322874363
395329064
348465989
2282031
535120352
404553779
469961565
350581240
329631597
196402202
173431349
345788307
358143270
341617701
437403640
30641708
528811795
277877305
82942064
159020442
271927466
83561631
450308513
529273647
176720744
52459937
205285326
37561223
198319539
292010741
323011484
105248801
15105370
103048632
461177946
143556644
156260612
233414866
478441163
201056668
501578726
421601610
451274691
3038457
317609578
423352673
167560783
277347857
144980008
38495784
29163526
81936299
367546989
339045550
7224057
331017340
272613102
466998892
103609386
15657206
83183998
501173724
303475646
269290132
113749668
236848797
375330857
329580370
278617131
466494085
113759329
385488622
514275846
219884959
383200627
215537842
24713561
345865068
153560970
469198008
95196276
392122233
261498182
169725619
71102383
25788316
131624628
513997231
344187798
178711462
469561452
445542498
193536465
245006707
114083345
473071135
282237226
362078632
103060
312262591
8007680
505450491
211118559
169050411
56484257
506733663
141159160
434846771
405335402
321560642
336419490
111113420
224110781
151525906
192828550
107563548
350077681
485841928
183632120
452793386
155935862
462152373
150963542
31638665
124909590
437390647
264259307
405414260
49198673
311300199
448321888
33908997
482068215
74709975
247507827
234916027
233009958
5679434
12538622
155673474
68464119
259960928
420048405
333407070
297420337
317814033
535353951
512298806
5708308
353956727
512253443
7207921
421740163
257771294
195132776
519587557
373313254
375988161
433731310
440095640
259537218
434963855
277411544
426302099
241117120
366621211
256467807
83543920
43778929
35719552
274803809
256820790
157412915
408155727
391203169
475920843
312656233
117961197
185857326
485517733
500373959
89136770
279084422
209253614
303163338
196933485
488208455
13352823
43107444
233759706
363904395
179502919
344516030
247476286
341340552
258875878
178938909
332183378
332535508
167906323
531050028
224955053
81003204
374154162
419452460
139325032
181421526
177911603
455070524
105101627
319401705
420557392
427810497
514454614
39434727
416036618
350699062
338420571
313700614
420507163
226505779
92105505
498253635
267904042
151675988
71354283
136009832
66690383
200559801
506169950
324176728
64194459
178031486
104364512
382411141
369935093
151503351
58408586
138725418
497016442
94293597
139758508
374556505
128211234
271951236
156045071
156239204
234133226
178652583
184655218
488411905
466018116
329162155
516139839
421872625
7148686
246767991
301864804
268473394
387343182
130410424
293545989
506423933
152664317
458093681
500041402
423646205
181488178
303423848
15017015
398107181
294699446
120455149
487184919
267797432
48897026
26628524
396015474
422008293
16508219
106349830
534532718
340309602
323798391
535578148
49165224
260399186
103137071
509800070
14536332
284746192
11401168
453839648
518076914
423370849
147980763
257979765
528523767
63902124
441307856
254503142
433183808
496179192
12329850
269527644
262749178
316703870
283263599
153398524
96710505
142915960
476750969
47834256
23913752
505394244
419846148
391974746
370921757
207312455
413985069
158067915
471975143
70044515
85293216
524833032
338492239
216497782
449942351
139600388
264072446
516504742
235033380
235018773
131902922
64450429
455015629
435857216
192551013
134692660
54917868
362209141
4688033
209156149
474001033
195322863
176203454
501997537
439427920
35416827
304971772
504707883
259358322
400929727
58442006
117224907
300938255
395884122
532886504
279938811
507867272
531865813
508194365
263281165
340514890
501193806
497039965
235489777
484338491
211526762
496586888
455832835
450818003
95871363
31999361
210349057
459907956
159703356
144747480
476599361
267457707
420553296
272937098
157865615
121078106
516963033
507686090
450286586
115427274
94296856
443145313
343953717
213838352
442090920
92746394
251217643
89100255
376020800
291310381
239232881
370778681
251547107
46088615
410863604
230086470
62428045
366297318
312570005
173775355
49950038
54324670
386884527
95606887
78717287
43030035
420071393
109407345
326137247
129783938
257440525
109608311
252227537
376483409
344008966
166979681
231912090
144265352
111396946
487714607
520512725
361807713
420749990
290020566
45969041
309485990
271101700
417729548
183065896
287328226
184424416
212374997
481146163
1485467
484854226
282022056
268387417
360437188
3795333
155252295
162724577
43630705
318559052
20973127
386873045
69589372
275767567
96199710
27880568
460863661
263985317
304580465
332410125
498842250
456173191
178498227
360020374
270835847
16822922
215835044
406933079
205391425
218106401
437685757
138827976
187465798
827458
197712898
511181948
276811895
285082295
313896087
245687178
183368738
259372634
446070499
311993130
364116961
166870233
514567642
449247962
533813834
405057679
347588983
217494069
331400510
487654127
331224590
380548322
157471100
295429286
412252675
420072252
363407476
378474592
493696652
68928747
54153880
1658769
316794309
278068899
311601019
167018719
340987339
286249312
227579392
6605522
182828179
486949256
115512365
461260595
411278648
123127888
480774035
236842038
172900632
115024950
216981020
202404685
294300280
364158518
206857289
241859401
76763925
303858081
408359919
224000807
354024189
75431518
499718337
348519972
184052100
412832978
166284302
331491108
62397569
145034160
