518933068
385753610
125988974
194905307
202802734
145604406
35448458
205313245
190926396
429462878
228844781
506817667
337175651
120030789
142637322
25355595
288428631
298464026
441748034
49046055
351377900
372008578
445515876
388552201
478288359
439957320
496289376
529799203
119769824
483378749
442635259
446201824
489464570
494215232
151564982
121915437
292288517
99205084
299264298
53892774
9257956
315761011
195058354
308199987
518186601
136048271
191122990
245804218
346012646
406020003
140999125
87668243
223447872
451405475
154257367
291558123
193512232
331930862
184869952
373373716
12691738
216947919
168327200
244502470
54185237
388758658
163721648
203405120
443186834
508154802
104777392
212124421
489877962
145096736
529676978
248978725
358457150
425596629
398651908
389396923
140679476
448293359
238581484
450676815
273369736
348647459
195806532
495056613
478498821
36575608
351618863
140606448
10874985
397362208
206383955
66447123
435882196
345694084
244717288
177814814
28719572
135542900
162603094
370712497
474136437
62182363
212100505
98280328
387782208
43610330
119282716
94130981
331870652
88798280
165126084
464900251
190393695
493268316
302496111
148441439
375983146
396129115
419282596
24411614
364808763
337011241
400469696
88286925
135890309
27147302
424816532
224063920
148421972
13464058
98097751
534700120
207540126
414071157
91137804
126030275
312809778
317687213
170129724
202792964
21518428
205263210
354149825
391207266
511855081
244695799
17100720
316839246
279142436
384632185
236861187
380884847
14832530
452332976
462090458
425992529
387789890
295987869
67066503
385390772
321464421
229839517
78219666
513193390
194601417
399048507
427060808
399164197
406833580
382144285
84268671
264524811
456566686
140481718
123462078
454489875
236554642
231543473
513745387
14513342
106118261
79967783
480143816
36682827
28318004
46094026
94616951
532958232
177889377
40957815
218783077
460630267
158363201
436747011
199634769
49317783
123226228
24784587
281928981
492512858
186368049
438836169
169786904
355022653
264495798
522507721
510511137
413981990
237315994
205231746
178732026
27390555
227305974
368465324
300369901
194181454
59882076
481395757
204200749
71345967
147629981
122676909
171637592
303829456
177889521
248625272
478416026
397131755
304321196
254867418
489231676
199186042
64671017
428655289
85044846
236349988
46738532
325562168
348298188
85720668
102396230
506457434
366156132
501234895
473040422
429836473
299531326
151128094
292176594
510666103
296105890
32051660
97233580
399230011
232387197
489637665
80022766
262579493
428548742
79328175
308545704
465589366
331885360
482066254
303900402
478853619
47221117
26401446
246744574
54782391
448808076
21632862
382159785
319627007
476120189
22135079
201445420
476312896
39185062
515274064
460658609
429453304
289750357
99322643
310652688
411676214
133932528
372928233
496841884
126778624
153441715
153620454
316967202
254056568
74217839
445780173
27126877
499348272
305834986
58012259
429683679
513040732
534614529
124530275
375209500
409146455
256012346
445003013
57171532
496594639
306971608
83986364
342817891
390753974
136534552
168558687
57692795
30712483
464774500
226149245
23685778
322930880
148019038
302516157
123484227
313372223
520787222
257748392
103783549
508758196
295615046
486378526
362697455
46395329
270203119
473820642
7444543
188068882
142563596
116697630
283744555
73232686
296798298
364896884
187400225
467415386
104842425
208721856
107307850
524988288
499217588
9201382
200736129
314470906
406539021
103776381
270106756
465280351
312695405
150577632
438705526
285234499
535681679
119182918
280705997
312550661
156132767
372045369
51895984
42139257
186927689
468931264
197470673
276982183
450847973
402379028
322041140
358266877
290309709
258006466
211110426
212406527
272417780
450565423
150637670
128437145
92442850
12076097
452407890
531366609
224485336
450157576
180289373
152991445
250658205
242036079
464408681
238756513
66730842
134718151
514540541
102064285
4450566
61875960
263084626
125633879
406751176
432883988
474378305
33228233
465943857
468647953
245402049
390737
282680299
66714590
184979036
364898162
4213790
483264651
90661614
243751603
373455670
89259038
162315399
144500314
13976896
11935248
357431675
129602274
263352014
449423322
178966832
104534081
65736023
276763879
56335534
299567897
371367028
509103376
156133513
158591757
488111326
427219837
204007131
6943694
204432094
482363792
282875538
529514968
57709565
245004874
70780051
172614495
74352705
218792201
465596387
97465915
151452319
452300675
355668
171274
342285853
408723566
278442230
50580957
249089506
454674963
277952246
124608939
493758548
425929244
187007019
325406154
129249954
50126149
234319437
7664756
296642565
15661144
36047542
90066238
15757785
286736842
335066093
168589135
288830613
97903295
215771510
9264825
372776868
420523002
328133541
326223220
282620431
313680151
358039708
3951643
465523233
30539549
44074186
352658160
314473178
36867135
471589242
391984688
340330710
455563783
363182978
401941940
236024368
235163718
169402304
168448387
256116131
269181669
31313491
284314422
372578061
341751695
327480946
166664491
342058177
109801320
517642328
255500245
200636165
98936425
478314581
69791025
37950021
62268598
272276553
92797849
225238035
349832525
193591795
337480970
506374257
383987725
331351754
167968589
138210718
506659933
83045744
472677734
247652149
125891795
397800435
268683888
273893074
193032673
350309732
396128694
411633337
264816980
529413819
387425868
319703843
142197493
133626190
371263793
489728708
289177515
491928906
532433865
345748337
493821528
516670428
296358490
414353437
343390594
300920319
173537180
245009252
327282804
374983812
237850453
154453665
322729589
477632246
520278697
473851313
267582209
418651625
268265663
452927247
504876966
19277358
195639691
205467668
452278793
196234611
140377093
429183707
143992751
76379262
288154070
112399480
92213003
18126711
204349217
152007677
151859036
237053489
187726626
326089445
520760162
406039732
128283955
93016746
267828556
130626657
469878258
201689827
5322838
332123955
490983600
204878288
392338193
252732504
377890125
72392055
341289659
89454000
61795160
417141394
511333323
449841184
134187311
433805420
252035419
508312223
225039759
524878470
497595899
118370333
28145995
413968823
110866376
459803266
455072213
420432587
47902913
302082485
20995802
343790785
366595933
129962548
55421315
29700866
529250712
324630869
304930212
39131023
76972970
392638979
212653608
352064150
410492072
147518089
439180877
160034895
239273581
203495201
63965518
56100987
227348047
250709513
109628998
191133826
456757422
486348321
437980381
488255340
121541402
434542187
489508332
248063053
503337042
239791221
55949120
28110986
437388663
533749453
28776316
341533677
358782569
491755007
398696140
501805353
520629907
170247844
476288572
370502684
105579999
273317925
91503598
252232680
157886038
428703276
188684256
388215423
517556467
298116335
460495283
488624219
27469788
41541703
117117826
5009768
89932373
88444453
117749878
285572366
334693897
489252559
88726839
510132072
75563082
115302085
396513345
294597646
447112509
135632980
410223241
476322000
174037622
141031451
63680918
518303741
440010429
387174871
244662524
161921526
454132286
395040230
248333921
294893057
181652492
98221186
104262482
387450576
222269193
247553192
264837649
410631426
176650988
456065095
53500394
369024449
414629053
347610654
487466099
391904048
5881726
281399259
56836291
291626724
206476706
223521430
369301343
155101578
7001455
400344045
54724348
77667223
266333071
89361695
123627001
337328953
459557248
54641435
325291953
450705237
12230709
290812065
516079768
170893988
334013002
340236954
514406798
199634749
482358911
214955562
191886
330363077
334118506
83305329
129851376
131479820
98718308
207464067
53461435
454881551
460630457
15999131
133305920
406203504
262011192
427287951
173283513
170819618
239529845
203627122
205325742
193308351
419566310
81293728
366936443
156281284
108859446
235908304
80542805
187268011
351857506
176905688
413879589
151469489
415140425
92945767
100187162
400321173
111200048
268832396
193827267
471572152
433798140
235535067
203594045
470994818
257774983
31608815
365366441
114647749
343956649
127578381
277107799
199951043
265093633
489279047
221814347
295961683
509623570
385080284
421828690
9042506
458830227
487232002
520638623
442289350
229488992
101320385
82492394
440069677
73780419
286166407
133776859
348667335
306234060
411509721
75086402
533134163
11511562
384681240
465620168
141599411
414038279
477149491
279506350
166764763
81297196
180626595
249648881
489998637
514262522
345831120
196070904
193232008
264668798
497041329
401840354
341930025
408996587
455050720
402361166
457834718
118772553
68120514
388318643
518946039
66628759
164997770
27857404
34814802
371444735
114602236
151759407
516326136
3124296
502151891
326844332
451616948
316221706
506353025
135370886
132648232
217835030
22402750
394426144
247988611
312336678
174497886
260896966
393354264
149528809
40570043
5306393
200367639
508375948
456112145
213776540
19771598
123857206
258689203
105976969
155416414
295686863
66220633
204658756
335584971
416522430
431597586
332049293
130848698
261164293
351538882
518007091
411447101
53530729
484586788
241920897
168538801
330675542
20041470
97293945
243540483
7930077
252159181
136564137
359828823
368660502
196015753
132884961
254231402
185523345
265728191
375237440
145251264
49385548
369677050
146556609
231464087
382283807
244315120
119194211
304423528
320293640
335681728
94356118
71561900
308718430
460002679
288746440
462008160
299030447
468210413
267805106
58138892
188096731
384428500
46993452
53642751
321560992
37778951
222541601
71614842
90898160
412304631
303885801
494057184
82821337
411083973
248075117
109587970
306981861
