407173525
197387708
53129255
530220465
177700357
284076834
129928292
405661857
217681671
348291583
103239841
146372927
334018398
219245502
122455640
517126853
2269745
336177473
334929586
36733191
122859675
208896738
255425256
462193560
300821027
334303015
184879003
260985762
454764295
388334547
99528716
444912284
296285926
47619692
508098797
312760443
122395050
196785863
7495184
59291081
128619848
265907304
478271163
399241075
211955154
267392276
140346409
135203770
449015695
51556198
56922129
216679866
84217670
518628465
47133175
222395564
104443916
313464340
324925249
322435210
260591180
418958413
347501304
361326403
361213906
446995859
216199164
40280433
325717467
213050372
385806587
269030889
318545532
154816497
322226890
299677213
232685183
329706688
526358190
273089562
364576072
173512283
58340755
188923545
138433293
280519171
180477859
330425196
108930517
419156406
226100022
525591679
398386329
177548166
24302867
212800813
435086719
255567217
465598693
458802778
515071281
161011246
302966092
137758199
56506963
146285057
63417388
332376737
288636077
364683695
40518655
536461856
411888922
56853580
314007220
342197075
92714650
450038572
142275463
322728087
337265517
371017808
455782337
222846325
431817933
5223961
197025399
459548027
36185349
136426498
212391836
227953371
326713896
465453295
338464671
53223511
422254556
375331748
52157895
203601797
287024215
281428339
416499522
454216521
368317095
175587036
263594587
33469138
226188764
502685177
251587169
132632001
41781222
129475578
77632947
11870109
339417348
287435026
520767090
74323897
321022870
183753677
136169910
7559747
123315974
341382550
130110880
521411448
531336815
118205943
455922949
532987457
379360450
147008003
260465265
458097900
51092894
143286696
530089962
372125751
238067810
501114115
404986846
405364422
277508823
416122764
353864651
162598096
261876678
164041555
158198553
360607882
485142987
235254084
359797572
373066243
463475259
217033246
436862323
8790632
253168490
205700678
523891902
411906638
369409498
505996155
80086480
289640020
282789977
93105600
160305338
360724148
329324191
361230090
419307903
63137111
67455619
61622760
338248775
238219483
30935259
250510377
253545393
107821046
248599230
366605075
56117672
34639724
228890533
169623701
128489992
288391872
15371102
129366805
211324985
361157405
196985338
309963481
211162080
428624136
289029540
131831508
436254362
110719000
267490984
183563808
44767153
195284589
514837081
314782208
181333813
279582022
36819252
357196623
4271775
33737926
397386695
114043750
232977687
144981372
91871003
85129770
186785204
500389505
198208129
60939925
341506396
138283736
13013045
14492532
469582845
390450026
509303461
336072932
209694590
302766692
264200536
521024079
215222485
264448073
323097687
282683890
185754449
83804003
253596307
465116086
394918666
244285743
210167830
135573779
32676602
136980038
442740815
445619365
170412659
431444218
352508790
247862407
167095530
184187637
161543453
110410423
167209572
388886055
392862721
170668358
339159314
150008307
358408238
231939344
389243714
463550356
92886495
196800069
76741188
260352871
385814031
69422811
70223616
235342218
492999208
520513567
160447661
40611011
325575916
131121205
496616848
409406228
488068760
365835584
341796512
297563763
33693264
3459976
81523942
72731554
265637017
166480296
183405178
175143689
32957815
248341408
444371788
412568936
40624335
509050521
127823999
148881504
472257032
471375262
405730108
346423667
225810479
502300717
127988949
212454490
255769587
151009689
436643657
383298348
451152274
162212354
273050446
480852696
217079616
188045434
461896512
376297557
128553697
420337658
79644984
95514037
60418382
460064533
344804272
41664841
386692848
136042474
137137013
508402429
505570458
461123146
373154457
193424016
468428803
152051378
29040756
235364379
420912910
158995630
120093123
524455974
452997616
346340728
255201124
346240815
298522988
397494510
412067868
332540138
111348585
495884859
215896982
498448644
235033820
56450517
279278425
354530840
4701989
201026279
125273142
74891081
210333829
98365421
459616882
461803272
241047789
334367558
375405422
173210858
148324644
498072764
93277504
161921589
307464283
246610203
63306809
325904645
322179212
346887593
207385255
36943670
494168422
509203540
412552268
305042615
94050597
92507372
362917085
421835104
27603211
280667771
115428286
351994255
55748308
283808931
202424832
37505537
223910084
416643099
118546706
293497198
53216554
263255993
67949225
187863688
222531997
468019636
517016627
415189499
300181564
317369613
366217842
523552554
276601032
295002349
476652019
410666051
307695808
425172087
47150329
469486456
522886321
449515834
79016060
195237417
337169461
92430885
141681011
302288228
530855068
340069249
356371225
181828924
383404993
185821392
472118927
326210037
61351860
253587059
16999850
502287743
281663428
132064351
83150981
384534061
535381456
372015234
60788455
156000030
465468515
480540131
413486349
193079115
279138615
273163732
247629857
117299140
138884181
146705020
333953312
17147295
75096802
291461727
73180864
398098511
444272275
249105914
340811551
212060684
410786019
525210828
353597100
533948068
149629760
11834141
500995678
270171432
370362892
57437319
447708367
122057088
486995620
196820373
299034015
344558947
483135687
379429662
329682974
462306307
249179128
192417755
336711438
153676233
319765089
243002697
190964319
473601244
344664910
529915903
40712433
316728810
335029058
263954121
378869492
37198363
22485956
150102920
311266897
112233081
24745600
229349075
218180234
398270522
358577997
186175786
258566106
358269344
519267640
230604718
47714590
179559639
433208150
261253029
265961765
519910139
80190406
138498290
342344298
495152996
450078702
209825603
141024360
178669195
309501887
458737421
392414960
243335799
380201245
75634222
521927605
121757318
2665869
236087760
56792275
386272522
384715944
46521005
209247966
328407198
361572547
177735072
513428638
306550756
422423191
461985226
305879190
390994476
60919041
50219193
126966821
103396519
208299255
122843776
341760347
519077880
445344849
525768467
516203436
76467821
42701910
452839256
162728921
359595972
385235843
306841383
452428343
354200069
35149014
420181867
344716218
227170131
313340059
179226661
532478250
352636671
115753264
13290953
11133280
258886543
32724403
191196091
490661271
402006705
507654529
493667694
290994816
524154589
169976442
106010616
114771798
267990786
151515303
376548918
417990317
387575726
313114994
335753948
40862147
7678752
63083873
148029434
271255692
486857295
477276529
113295081
429003734
170193563
447602871
255812085
336042938
223753929
340198948
286243014
51134816
256096623
306653494
273290223
396126024
343682616
391210519
272935803
477915643
227287684
305116085
356846324
26347149
411568505
243481960
503607502
446330861
32642546
429652457
56468191
369559886
123855686
471981970
135788244
324949865
106653480
198027049
40053793
473469254
88462471
272451763
43629680
369361003
164744370
243565902
347536480
527727419
192116567
260732391
425619005
74222813
100617362
161007068
152742337
519373259
258470096
80956723
230604302
82249763
87817859
226478107
114644223
31250028
103925438
283490060
49883744
60544419
39267281
380046949
308479490
526483754
462188709
20285726
367195351
142882384
195366201
201698583
159090744
199963247
235967061
253806375
10027485
373895266
16057510
405064656
485228890
398158903
100497735
145333433
87801795
366155006
517907102
318689855
71321635
321053951
375511531
465424268
341685183
166726727
419871545
354400324
8252663
188186643
231719936
363086919
492584954
425750695
288130581
92150091
301182019
439424267
137618937
375479442
120430154
311533748
410644246
41502165
418852086
50099358
273489743
384448668
481623896
535220925
223780333
317889681
56341581
203968613
212474561
202166523
31048300
263551599
283232907
79717571
284305098
178250800
334155499
80262857
187465791
215466449
413730540
399611123
38259294
468646205
367121206
405606945
69232211
427354767
386801221
493003472
345363456
475738427
300744235
29016202
60410381
24786867
367787405
241820569
379667921
411129009
298227463
493663172
383735400
192926217
252091211
126655681
433503254
229843819
217804678
234046299
233579014
429774386
511164048
236796819
27328241
326765142
492546623
438845374
15273852
403610053
10928485
371452590
421595960
325045392
353344915
78538276
99797683
359543865
215845553
228606376
514113155
66340199
170497457
257535773
215241607
490591941
247821434
518217522
532328401
409120383
447939317
497493705
308811872
388790280
80610082
119579737
11589317
312039803
464931750
79630067
155219477
375095520
180942054
471032192
487082122
263803907
330112896
272535545
134602399
238241033
175086326
475847866
507396250
409948444
457961612
227293524
462612413
312207672
501064842
505751953
60186366
322705093
1808544
128302515
511521090
143239200
472391193
241389750
201029651
144894161
409109703
337828655
505607708
288149685
268166557
97970335
278873472
472389628
184114197
376891034
239876371
132616182
211454446
536327703
379057873
249355160
449262623
353290751
211021242
526203632
11564929
76301143
352453903
336403025
187044745
122016219
250033641
466403250
303227788
292089244
429777421
437241668
79068031
185430918
325817353
202059697
315756572
362339779
277342243
110597769
118134816
409877633
63388572
350842771
404210587
376851411
502925066
469690734
54581123
269145269
396350272
295046753
184991237
149459225
293934502
355726704
167779076
414174490
255905215
64012645
330885026
113902338
22005981
123013066
147399698
179217842
162807626
492033657
184387599
60419200
402097304
203619802
127785015
472294375
213788233
81586669
489741513
5060618
62636648
357253285
486925245
166691438
307764237
20996953
520554944
440697913
523052142
142484190
324855124
99771253
61651425
397419192
187500671
513014883
380156476
459384024
93976256
58129448
447827019
290418230
280993218
394086521
174742948
370703391
239990366
519012579
73246003
45767543
454657124
63877117
108510030
404950917
256149476
236917701
486258131
132777963
292473417
102527129
66132360
201423899
376388457
176281005
49338652
372721767
137056357
511664404
370402125
41346216
503988556
18156100
220847201
355393422
313147154
55359287
419120496
416314660
205148227
243280176
150782194
213012200
477941600
290122137
460102235
463204755
76327539
116793102
352748044
318524744
309993406
343474641
116126984
118979888
512852872
269170713
203202603
468248543
179445100
340825110
335236605
16219482
88055694
9408412
440648346
57742896
400215947
503580666
361452259
208044355
356714445
295198123
218891016
220420275
210390943
71484776
432812163
421974541
527319098
139723730
86489030
116141361
188290572
434296081
84552070
509569743
83959596
112023910
4802984
251341931
3159319
116697335
193807275
101378584
335257127
232702822
171413568
417193159
26207636
283235218
273140101
14178053
239171924
229322596
150810183
32020396
29563680
317199189
402573086
279345452
268057354
158025221
431540609
167990528
38421687
127498893
367212558
77654285
527708722
126449058
536456378
98098850
480999087
189027238
264722934
76364389
184206909
488079153
248091532
278754005
281277663
47869994
159415033
312288241
411028567
309287863
126961830
229952860
282031299
494949534
287132984
365886869
132112322
213959988
358199685
242588007
36000965
140952026
319186419
200158012
472560724
225647485
199109467
363703073
327848229
116648021
536657401
304358026
49876986
197916125
253800240
215442768
78707663
438912514
217393127
49245213
336742926
222998526
520386942
327702656
435119544
516081688
446714038
221576607
98591767
305305979
331900821
379297615
377152061
462041758
464956784
377373246
200947163
222450999
375896049
501262219
287247282
365530478
420154863
438572994
4568018
534289175
283356532
151673785
178483869
406710905
417798052
476806019
257909098
298041826
19631828
392656796
91336348
519096369
388205258
179786473
245196148
103319619
256159434
416608343
352705778
152698712
214273828
246146002
1586022
318100905
363092515
517305346
10637346
65402264
362010134
404482225
261012127
260214410
137900714
339664407
28049288
32908816
385417782
318571322
508191716
117347917
122188901
374301973
176742234
216225969
239168551
67161590
273496937
313893855
303576883
340898599
422068640
480123938
529525295
451038768
62463187
519262130
193115400
466090265
109658243
90932368
378550114
327664512
183196257
245868116
11540692
208241732
394991156
269460217
55002101
510433192
132429937
10953246
168000398
386917476
17047012
489190666
532197180
185138586
483170810
282705494
46280254
494215690
16216628
77498298
524476340
371296046
461617654
339312479
9037111
523735363
74369524
430946489
24707318
457653518
214136860
359692500
502538039
122329592
359180779
156464588
387935428
448761957
208905195
157808695
254556867
132449943
131715958
89730279
24195152
65963110
54211596
459109371
206042425
476754292
335641110
18619604
420711144
307169808
121900929
203642210
361085964
516052331
360876406
254509718
262040699
119545283
154967982
282821464
411269492
506371325
252869318
37108669
287079059
266962976
321585861
340209651
478583751
445732011
536425374
177348739
8467348
347925226
86282731
386093044
280011109
198713688
59979121
392706685
344846432
154605670
275382090
158354218
142492421
201645047
15837022
184035320
182389261
461052991
86277724
177312740
104938828
344613685
475483606
54510377
80172353
510790520
314757100
280010971
525593705
252733761
283917229
345736921
508499000
289030691
275381671
92592132
281686712
138954056
28284138
23037305
247128792
171119111
14858023
530895167
95538694
295432135
259770249
379023319
367856050
389885777
419716841
372571061
223332090
368252261
200377074
447734093
111075011
153725450
377683160
64604393
106066297
415908239
282256808
176661836
249702964
22971319
165130416
389916067
25023815
409665813
307972580
139981363
151379429
475264517
257540257
253820464
122094375
65821517
79762357
449974913
135311358
146240017
160934953
391345541
372238445
405398729
165883878
441179893
171458680
512918805
241674462
479446628
330004651
453156250
280680131
24608587
239093250
24634332
233970375
254567710
248679325
55902825
213536956
328438883
413109972
526387423
63022906
86719707
219514504
240064318
462267907
264239078
458129832
428728984
311493795
4373736
314228087
89159577
67572200
392614191
443414378
26866971
427909559
522529636
400521175
67144470
110170531
64037683
300733441
525198298
117350246
401060487
505536068
124232830
312408786
469648982
152217584
426671625
350524645
412557925
361917283
120014806
364074385
414353321
411843573
131216525
360717309
427116834
298583113
256364254
79556666
140728638
469860903
419939915
181435889
66494365
414892353
512314806
463630131
211517427
328350292
421634234
497159979
272073572
98286661
262883870
437495366
190557441
490669985
385014695
118088758
444367494
473048473
340044859
212596625
29674662
26712512
53285923
297080536
74600866
519937451
61507618
327119569
6436786
365331288
237146389
117762351
69627386
25265165
104124042
237120777
104019579
113216537
526773276
480058656
353559127
273962086
362326818
375712243
155291361
259166868
28730348
230307562
159435613
413405572
14437633
309856122
264748348
497768726
278513235
467523180
525877394
49073113
464844187
145869923
444175160
219598720
83123611
434088232
102768711
167021885
311533960
107892953
124610330
157478982
80581201
405156503
310436609
502105012
411181628
165948760
522872913
332587103
467748854
282023898
201648380
207511866
48833342
170739822
467352812
130755380
463443722
365159876
202680314
380380963
376629014
518817979
468109281
303658371
216204487
136151707
489861351
285281268
106918863
390390153
374897709
371993668
225864967
47614667
434184219
212584712
510762191
387735149
101737876
135213797
386502073
472351615
8214654
25670118
129635084
48107924
42344270
304809258
486521827
325323815
235056004
337575568
153573888
365035819
96228430
70591035
525727339
107322390
113187131
145312119
25524531
345264310
168107876
246112205
89371869
316894855
284921710
175485827
104412693
323407767
395872086
30888514
248072335
343219777
161914777
412867264
459607252
435016361
195354318
487956215
326647458
9754630
51768168
218243521
431438791
18405087
491054284
336461895
200897112
241931835
142626490
277122175
508492219
12850152
214142593
353547944
248531118
53640539
211477094
345164260
487512843
490223057
102746397
128820504
29341091
480425494
176046927
164364208
201914189
55022811
263455714
183920852
293509118
447972573
507957553
160300173
380715403
287479894
76670841
212953899
150309236
94769570
475960694
196201842
336533482
225901059
53930302
107224305
433873743
172739438
521762246
87653256
412634097
470757782
264545900
240634986
163804439
439743278
144696886
1834050
48116694
181960653
337671226
117930637
239772517
535863199
476497565
413331908
421045374
393344542
370454044
34479869
301214154
114585535
359285703
254565016
57805469
274675971
278885032
467721591
322345952
356479423
486995148
450544754
319528442
279954899
123424042
26911834
117597323
499222780
188463455
279413947
401934190
345003629
130419304
223025143
20966027
144577902
249090705
391994553
94669665
378862530
181054656
190060933
176642732
494654513
442998981
64652963
478960224
212494639
533134542
405789831
460120352
157268340
174107115
97285174
406905707
438370104
181716247
529865481
319758692
197428003
210926340
122233539
494044806
472688706
188473006
148066918
170028073
409188940
328836452
460933369
111902193
285809649
109439044
259565616
447641245
55410698
314380569
466158444
286252168
533790591
61499988
368038705
436952762
389560117
96303952
455372585
322317746
48506574
360618215
276988413
244956961
456202874
153125163
117091708
189125268
371918642
502922217
124066911
34828942
473442861
136394804
299429981
220744014
300293938
292968154
111153867
190788389
322536134
337261104
469768424
412937538
141982953
400097594
87578292
367566262
492901205
19372546
413707426
443793754
264330740
311150672
387725778
209813540
348205712
337049189
393906375
11814183
494480570
277593433
299532735
480525591
223575897
59933680
274130508
120842108
53780059
45971462
206965602
429625205
269745473
323352596
64679365
398939893
108766988
358431558
345994827
275180921
462972990
207565236
123576342
393063270
456762839
51409552
107038224
101082106
15057993
333488727
313238762
307598216
12978952
278202440
164858663
245504305
433859104
117478587
513127099
451482673
357991234
5122856
160929608
11417644
278975890
515860277
237434158
214793948
344927186
28152965
81696153
470035085
393933753
369645628
290471616
536466515
309827353
23379610
440067722
420444211
365788417
130046725
185872164
207871601
293585066
189802440
285040580
57264253
204469984
91249274
381822647
385282069
114840667
223259191
17387415
69472912
495279282
524459781
268232240
131674945
59250652
182412894
296491821
30680397
363712887
40804914
111956844
295662989
280226732
14271093
473802215
489070645
490798927
158523690
32889933
516153015
104113956
126432044
106602635
404290754
223293260
477600153
203021936
158760441
392239603
302924605
16665338
206385843
515350620
277208779
49856617
175028147
40852847
164860246
333474578
182155627
225529620
237385617
461420031
357913899
248094454
235890152
532207278
452620113
337275746
310101154
498769343
443647417
176734250
428700190
231713328
171664415
436962586
471445536
105970584
383204690
512940364
444674165
159733408
212082918
47129870
418880766
347652991
512003993
347027664
162154001
107608968
376279130
224837385
235746660
513592062
76265652
460510583
317021557
260134274
411125729
469218144
106706437
50023650
440070711
32375737
49118633
51001966
480877843
247931309
218086498
200382213
392034236
291329296
266499156
118752087
361793251
242175950
426674105
529300997
516990587
316924920
118373430
356300236
316292007
92654614
426803581
231685540
56470030
465157340
24845629
205798178
298329578
129948939
198658833
308644343
206782439
364955629
373412485
509801596
25498994
363033340
217553480
91513295
388221243
349526849
349699195
457861363
233087555
520104289
69696242
528896900
137443527
177916530
282685760
110652418
457021793
65411935
481362209
46592138
430475473
160339941
491240597
335808887
527409636
267876199
189354810
496693909
484760970
113919141
43388169
177585963
305963221
213457457
499694201
432672701
513150729
409813892
512918717
463303234
266721252
242122179
39129127
405145856
379840120
358513904
135894910
339832536
387050216
266606616
15353407
308044430
355409220
120280219
291361230
497122509
262699224
441822419
322457146
234025557
111126598
220773745
27606751
277572154
48799379
204161412
59637334
295159017
7336574
536138523
17548305
297753209
326755750
2552355
164183298
3719827
103253874
48214898
312452716
46375012
92512704
25714304
98053949
409112833
26057684
455842925
327665136
170056590
529908000
55398895
445890032
377709102
153917951
337662153
9939219
428716492
285487118
418041874
415179593
486751277
523369351
359710123
340016403
447800552
48981703
358290742
155933988
119912510
318544481
110699008
490788855
157338625
195860684
390331553
378029123
127175715
277247451
166274222
18741297
110828895
202190703
24500436
239120451
44706835
368707345
117470224
323138073
518289060
214391231
452838502
425005131
308221628
385042887
241129450
6521046
279814529
369178180
334573871
50001878
194986693
217277860
288164361
311093882
26747968
333017006
442488525
127001959
261728160
231278520
409931202
234844601
220079868
96357961
140373403
404121146
314973235
309075415
503881073
338792520
421892989
279253320
53261658
205746869
427078029
161583254
321759316
26106255
406302349
337069564
170880476
192906728
508378413
346975193
449727223
1716216
485310964
33599063
187247794
517901604
218144121
404400165
230047183
483667112
281552642
259518545
392794620
6229433
96855871
418867998
505048277
431159796
168619731
480822571
168414480
256393353
491039062
200992729
251246300
133780145
468884548
152304135
343422125
173966738
477203120
229411607
364822569
126142940
510546131
353159253
343091851
500841065
306890160
239627813
409273764
369492526
209493115
479255061
394009681
431109405
179568251
484125760
226473663
199823937
500389569
366218388
534724859
30747816
278732023
487197285
315992036
316283828
515897813
416419509
136550035
115720759
284122411
213784843
106575174
79606219
153352111
125679281
67933892
105041158
522019904
187590640
87309583
444899276
389629611
533003270
159523702
374362660
16790188
73750839
274270052
23593093
484126530
190122940
251172219
103724711
493450631
265674038
302071957
235845644
331122994
167968872
243220631
90469181
65190390
127470413
140134511
355056591
247926107
155609478
123742832
456336028
238384798
462443478
41731154
472582784
161706197
1243462
449375751
193520402
534453039
520696417
290057483
118083142
218046608
101321745
324228542
522452396
115680417
435063125
448133326
459654634
175822429
347264559
514190157
462376202
401183145
65860696
370238483
523804863
68808242
387414140
91986093
326685533
458682074
456906260
278260026
331679421
83585510
453180
29466953
280009170
220843874
330046199
525384040
19699889
340431003
529656897
152268693
61467998
41835337
433384080
451705452
364635158
303925722
156649686
159905288
346072490
336652515
260918718
370018754
20620438
293529654
236012545
501398453
194453919
114936330
5389735
108084193
83532367
477077730
302111845
385606714
535878402
341737457
12695702
528778031
145392316
373077554
169845148
180375176
339460358
34224832
427002320
536731695
54435293
111613227
220286075
248872920
365973596
165503817
44080954
472018391
419244312
534263820
348343299
446307063
381839898
325001810
427161629
146106347
310737067
465141253
347537089
136903798
393640227
244708086
193560628
167590501
147379324
534215015
97045511
199866980
423977304
172062565
469051454
57382519
535118773
254436947
294233633
88803425
152729699
386720679
301716385
256502387
151008385
141745013
275558509
529919402
485615154
417270144
106628017
315333253
327060628
473347381
27491815
118240385
472056374
340280421
372968750
110132574
44044388
380993243
535175889
520496536
353000437
328928995
524937121
338876016
65269770
253789379
249693040
332341642
477310457
61237711
170541820
158185900
332372020
417634823
505599736
271740119
429968043
517249691
109040418
452781453
457630844
317565775
270105265
15604733
13212702
281486392
136847644
142022131
127621209
23116740
306221909
529431446
194879547
98441623
283245093
12482593
507997232
122441560
368312087
535689444
70917546
439339270
536701419
242759764
313435709
531264191
152624850
462666136
475500070
355316812
292895723
56923989
215957322
82076030
413881957
68582052
127591906
42282695
355233364
73767225
337468213
131389925
509319781
73934228
491880457
82881838
313816751
321732040
337811409
357099284
458773662
84575896
365756554
490926589
363409135
337010278
236785091
342353374
166862774
220885417
276324540
89417245
369474241
464091365
498253888
26454448
36407787
124752884
196995284
10577015
426943153
281239460
213721884
419443584
167718833
462243929
377024994
115843802
230130395
212607417
142321562
233608587
18164213
196184972
428160659
37055513
273292181
434147620
534495536
461460742
115814883
261255911
145977856
388204505
122711807
297034245
280546998
159508117
115271214
11755121
176124435
280453523
382728539
133407271
472289548
88627879
42995230
366668013
430180135
292004000
113767106
461062870
535526039
378258276
369500597
425441089
354535043
280341642
300368444
228832320
90210143
197248561
141280705
168545275
50645218
369284557
335748727
165082447
37228033
479824786
70580547
366234144
142614213
290225270
101730172
279603227
2938266
375882519
342101781
502141923
120412798
513886330
162925382
235399877
92184229
210308723
54602351
425738011
522043873
89494312
525822764
133798028
140207805
442418466
239868396
320364325
312118854
356716909
19491259
439106910
516129598
109335580
145470792
484528545
370233758
488539389
120266673
306675573
173508577
265924258
281857765
445456952
86847967
71996537
61881764
154503381
148859632
389047053
101943998
178136605
19912366
232678928
285820336
349882494
521598934
111266640
446992486
246512059
372335846
516397959
428831736
39198300
166530812
176505776
396327776
147002705
13985446
523918547
267708305
429223200
129026659
56684467
158478809
80122613
1158888
260560477
230880694
75672186
440902949
495888141
310641094
335500029
99320571
81894402
245628042
63191275
429873159
200900915
228293756
208042250
266510063
311221831
31256604
21667693
129993428
436775430
330928233
281645482
140051635
193486192
16998150
328415036
167867098
171692996
387669240
375510435
406470302
254073851
400127297
56637221
180023196
521266993
471068356
359234988
422520080
428187216
211610576
97636985
227022305
25742194
459621412
221109434
353261623
521162088
498706319
195350565
488749453
306442679
349429730
35087168
250935367
182778703
30793539
207959217
267554220
492299984
229344436
352688685
222418742
506099595
405845438
103218947
277157167
72247944
197160917
8881566
200995024
451640268
433933643
390333334
45959408
458493987
191444022
97179148
393423072
32848662
204983646
480984125
243773075
61054884
152201236
147595376
493908151
179823673
473646887
186861141
400701973
103572364
329242781
23110393
497015749
189194699
21888006
402730809
227277829
85512342
319025820
463396221
150187571
449394287
371546932
396182431
179747110
308069444
303460838
533884223
454101798
434265324
295211729
61913690
76300642
52300177
272864309
394230526
157679376
109671651
514728946
176300473
157898377
411971708
383541393
337481865
447297402
142228913
188133119
79998563
46532200
440438097
106522141
189185408
54333855
162601841
159919195
212942508
533416569
110379823
470073343
33167518
55657323
6212061
48458140
438262664
307213766
340006247
455254592
264492669
117496793
336024666
35550360
387930227
401071178
50775468
281160668
446845815
198885660
194908223
455363595
522372547
2115441
435233315
250895502
63614354
224971905
221856134
391538582
142813371
402517999
166993413
507495599
187891412
86942212
506825993
386276154
181734628
396240514
523352080
315754946
118817928
133469669
369101133
490283352
407098200
164165408
95225314
213207917
445961850
401158424
291593917
410517665
248074891
328650726
482624678
89886159
434219586
260881284
373681939
313822772
271400722
371858733
465205226
348744386
4469616
303937643
426871155
297211380
1342469
72878166
359322318
215167343
486084647
254993712
133231310
160632881
100891468
487303489
46179277
407181839
394237546
527643102
246535148
443822244
91940956
200295616
187824885
349435899
395532813
503603679
117453454
8924938
94628607
322749355
254142245
34641890
446915794
438885066
441951833
504579399
4905493
253970646
114733270
296047605
487864848
12352237
68961950
514139127
102164614
310137012
365566290
61198377
252672434
77962811
228322771
222743101
450919784
121754873
275239723
525687104
152649091
69031591
488814864
377384375
434435778
175481213
35525016
1232381
245998578
285922638
452626381
162341242
327557320
483872897
261535050
233758790
335395369
355448418
494936281
265947621
295732842
996302
78767039
390399075
305753123
246790879
281394449
367379420
28837017
501198459
459487171
446065387
260740841
345023891
163398615
388974094
139032528
79458820
511735315
107984106
389016598
80925595
481196703
224852785
488655811
10734265
137768424
500480236
138479048
44746660
361045366
458607916
58547515
455884923
422514599
237130621
416297501
341208951
407234110
333357198
444213245
365964839
89450530
294694904
292853564
469645812
485854975
51979167
368102302
224424983
86939066
380601316
341897141
489415017
244713017
25006837
409974353
297851209
42753907
365357654
212508597
379970823
124343834
228908513
19426339
121675826
186805815
318814525
369459622
15889969
458925553
202503301
144495828
227832565
142303379
449644157
15280567
322253515
203992087
373349866
176664165
150021739
423604646
50778601
496236563
488097938
281861919
261094503
201241025
480534100
486172509
174894113
213618204
237986338
196782320
474374501
11775575
396750855
491907016
94219400
295177249
496951337
12401716
222082007
79700978
257451398
356059276
290041969
483793249
153849852
158164461
238702661
9126211
209200890
113644284
179171553
113253487
39503466
526565342
35855076
915287
290789207
14343557
254420336
74135686
181350063
101328882
360457865
462208837
285383903
9191564
455971532
128014219
335502833
69430359
144706110
460343961
213814211
451439793
46751121
434551749
190532490
134778827
117054195
470309490
116780073
412907819
141811656
17117667
509022527
268711576
429790049
297656456
316952962
104254935
222404817
21800877
101842323
220717487
507737656
71161219
428309164
323734204
395873198
536197321
76508702
464395844
25937227
370384768
118299029
261564877
24941883
448082023
295821227
40933730
104057655
495052169
344236677
432070148
363869414
458179353
518584710
447047256
104279836
396682411
448296598
99177556
163744132
196194682
169735396
234047075
175182449
528344891
35004094
346615394
536490931
8750296
236154482
469831767
487751770
472056207
245212190
101550479
38997169
489241559
448196960
445277180
307441109
127518218
180656833
278052588
84210028
103188164
178805468
99847778
511593867
262083130
19644415
386455157
45107017
418860859
325779590
164777817
506161139
403901596
524584152
227024410
155969182
60364235
10940707
236550649
153227951
256326040
441193540
35495876
207246152
25104286
303644648
104909210
95523986
24757545
343458431
304956583
133555324
221481411
100384783
493782048
302370563
242867786
150517094
141969876
388822553
179317347
257709989
511963230
75424561
89522590
131150762
286844241
463544696
222575763
85581160
487039905
494099874
78037308
1274580
172386521
476137326
412547205
203363421
151454580
150150055
23063161
383984747
445744990
477213882
58419434
209427916
280120178
274712072
440384623
361204684
514051219
124550742
476129640
253321536
264855501
210516087
434276316
307419509
102564585
354471252
232385218
217559105
446603443
511720824
521400523
459081949
131539160
9678892
385724637
344757909
325110730
130212972
147324202
439294743
174702708
256667588
453334737
222323106
71110106
474048990
71833481
13092901
331936386
19585594
427975396
191561880
532827129
226739377
524730546
47633029
463570079
165359621
41993554
407198530
229449982
502379473
382732934
281065983
175959914
448104881
407286428
494403284
238831287
63462819
151604384
386748874
403839307
260031856
186041938
51353363
207490400
377920234
141499899
334804925
212283482
519351520
45185757
7649984
262676564
254369549
468006266
324647215
247758724
525257712
518924788
94535546
397977404
485721896
488215860
4331419
24079657
112165247
118537183
434837851
129210868
529439778
489884658
478240522
98815070
189550850
277710832
384221157
350803252
54035811
143789957
92356936
83281423
351372530
118971902
299415078
221753434
536755574
93595943
365309271
59001300
145733839
332721911
197447555
225963306
119564565
372522194
480865117
165778169
127214244
216873986
79285858
426331396
183660553
516963927
376699943
353541644
416133892
323003982
450941757
9346340
11747876
147413066
413367967
180503640
255344906
370944275
5994731
388154583
383569128
278407185
393394131
315214634
362996383
383842615
47566113
275706222
21281052
354099509
170514952
344318902
322738848
472308928
12356392
467343445
438777868
193616341
90877301
207262986
446611570
288141724
5669040
337580944
118754470
335710892
401628961
224145323
40187445
236275328
388360811
313223165
306232731
431633590
191360899
455711326
20376440
510910006
279897322
320480712
60371602
199102784
67973391
34184636
313403637
100955933
198830636
147714450
447058680
27452666
427031122
227206383
245475885
58937954
256019572
208367030
308468785
265757351
270325629
278592896
14266990
270077047
206544653
259873762
423149991
381176620
384065647
449341949
93728123
358895129
362087596
369551809
91779893
325160925
288104427
460054047
240424046
85939367
535494677
415084616
216064801
135897938
475379435
312639117
405387849
237931376
2913637
298047373
474146758
142789882
244227167
522970023
449314177
25538455
375964974
73434399
185017884
343273081
426872819
47355954
315677300
242583279
13843312
104863683
474166861
475275147
436752114
56881521
6958362
150749349
227049697
502191535
514391208
147422389
522865086
93109281
137585551
114596118
243823791
164685040
391587966
133798610
491119084
404736357
488092079
99495418
507865954
37535808
321521141
417732830
528657761
178968226
266254409
427046953
305564805
53906513
99303745
490004925
237045479
59745253
101691832
198239642
413331281
104937654
6581200
124802006
385213106
314762946
226134942
264708308
330737585
310148256
375638719
193178987
449290081
402935569
413218756
448591309
77712389
360586676
494513721
25315391
285712184
516382555
238024913
373765222
157446030
35645203
285831125
520112981
7982542
478116627
354345432
176898391
41106478
201007568
254249540
249606583
150448069
169880777
505370336
104230266
117103726
154831114
444082481
254271427
306243719
46420445
324828605
523899504
29595826
333727153
118220835
471783170
381259892
234289153
360421249
293843382
156539773
41120475
179972118
150563600
218043292
423791854
432005742
335351250
153336679
357752440
401496202
191562366
137384734
259154072
345534298
96412739
17011975
276812084
255705973
247986030
385809678
121372964
349414000
121880829
460409595
216322204
33241968
315449573
241628952
319590597
518462229
131628537
294518760
511915567
18356104
209302938
237147393
348424563
380225644
265955988
289146480
274877327
258593807
140831659
509455181
252178575
139027966
77747332
196187665
290288233
375374690
435295645
74988970
52508383
486829477
13598229
273527267
324746105
413856038
374382500
149198552
165259267
366853333
200893745
132111396
383834396
330152279
90738360
113370539
57663699
299133485
410183594
150368650
209785196
492821240
535258797
439172315
210821589
436340834
364086402
235423709
47388223
14425818
419817209
162307962
503785102
286236290
74801062
255764759
208888839
227414729
357849113
180535061
95769291
156582275
241161965
10781447
509050267
163935970
417679419
394445654
299427283
402586722
427220405
449942743
157914572
150824832
22313812
119369061
200106834
205271748
13290308
512670137
3103198
120754631
44193219
321500989
362584965
296981653
491113079
405563934
336964063
220536152
273669564
263051361
299312621
373525178
519785736
124663580
445462235
351043201
272622573
323632898
500616349
482801790
530787597
325119588
118966096
524274560
168034082
39596407
68497117
160799002
432413934
243289916
118602310
491654483
120710742
172910292
375474042
60339724
112094352
464071076
306179368
113496619
343046580
288799615
54445070
402169572
172924577
440868083
127649233
390963978
320703130
446411747
437945634
391154053
238256580
504588067
492720898
189522819
1807700
245442754
504012768
417958415
218674336
109308940
107555656
433924678
475789608
491279813
93087813
182262109
526504269
484301524
59607636
70148154
59366432
371751738
346087500
103338182
29431131
56936458
74213858
395245370
167411966
383864677
460336647
128008976
358491483
193072417
49631996
140773808
47075931
414383652
373697442
372815723
369385567
291804797
365313148
507050860
91358748
498967830
244406115
519828660
351391044
481094703
19219253
55855029
250951016
341494654
115594258
25100749
211063015
470541617
405249618
381366034
92084190
195809118
290741923
344479090
61627347
256840058
283543560
158962522
172737308
377625229
148485682
277357006
296741847
442234938
425857485
338323125
250214562
245287080
330029773
311075110
505933937
45613404
368274898
80523476
404834688
528219222
515821214
198818848
135122034
221990114
289271982
8225536
186249191
221565693
516517784
142353873
331775039
492076033
362912179
120172904
298762976
358699013
272320872
86287384
204888219
224925918
81936399
330213558
155046832
396941601
294587196
355436898
83509736
101858437
226503947
291627155
124632525
394938585
374386564
451167938
263282876
224686164
71455421
101331882
82020193
97826226
305716316
503240753
498073745
8541956
453244068
120703430
504078385
192235929
251362799
258820407
507664703
16339785
445670831
168209908
200447580
54967894
56794023
209581903
527906805
54907448
48462263
489930321
64408844
504605170
421903672
211485008
433269220
22757901
422251750
165655180
379624790
501068302
164204670
294116083
256094042
385631235
246300971
485098766
84551658
279913314
7897505
19996856
167062371
197614089
513239765
62649053
1220905
432025142
439684354
496330216
335597812
368190248
134603802
334250896
421041797
422780809
409534522
104792275
308937552
239840024
182491343
109020790
484194224
456945860
334022144
73343454
495181993
79423766
479002458
334488220
309590250
297350903
493711703
388454742
396722712
64835545
290337879
411204378
343703328
17918143
527296357
392869092
45034160
94150446
138467552
406346504
271328520
95650795
23430883
389081947
131937101
95009494
36430555
135775546
41728871
322980203
61851605
154275939
441593640
534481438
499326406
91157088
486731182
379963563
338465246
508243972
344805309
479556834
136531765
250636510
416149873
243330418
36708176
412183862
65964479
333456468
54471830
489641289
377918738
158063859
164899975
162121691
380227101
264645356
283741840
199860823
137770133
132530538
77470425
362071345
264957636
347154235
535991974
33833554
158142666
113596433
151274140
303872191
194075286
447985342
462152609
254143600
83778845
42719940
441832872
253868415
303509253
118929911
244744010
384307283
103461529
429844846
482564877
144024308
11951413
225123047
468506269
133503658
397312963
335570061
31538663
396548231
463573564
383723108
169100434
227020756
329706696
130628377
186769552
350758967
401421025
265686154
39357116
85606697
193336032
88785653
53481910
125925035
26775694
123927036
283565340
8088620
265721047
65575662
2318593
168319318
114178455
374897745
529272605
526699351
528973773
513518757
486034413
260087038
348725503
463042768
14249971
113230678
159068253
234405255
239608504
265875006
303092408
102364688
277901103
282486022
402894870
424948269
13523833
263100238
328643029
460058257
119655811
216461479
506291893
371453922
461376719
156640687
90583240
197338984
199315484
465110212
437604719
150836182
36927200
340234502
48301072
148836915
508824212
279302412
511382167
401285795
263474232
810484
410131040
409216736
83473679
453436648
80773926
304410773
333478057
143167380
430307341
228189733
477005524
248632347
519583403
278774363
512063242
139180732
377513296
292839107
182259974
149105135
20028382
364113586
408819817
32610901
291229967
97849422
216869906
490159229
505613952
400054633
514916995
522393386
48995827
267805027
233536112
417607437
429688400
407343730
163335651
511351927
131170566
207553599
353971475
444823106
517460787
473811718
211675019
69777670
168110219
363833327
366886078
261944676
454113400
507338286
408663739
304877914
271661327
501193526
491711603
403501219
227571451
326214301
366789656
302580940
427605274
215356979
335151780
243844736
165727846
53235624
149772245
469177845
184468752
73558284
51231341
215080744
422091766
440964297
56424909
187474243
282798812
452986980
198999393
419864913
325402316
371686373
400318347
363360875
380522418
76317923
74877177
467340017
452136222
515852621
482605283
169418309
87720882
474332982
478359910
417860677
417206719
443986819
461065467
294072588
266277627
248686672
181392435
18027492
523030954
234368611
400140226
366190184
189933898
358657809
227419918
364507673
70456889
532717491
26878236
60474962
220170398
138481611
138119043
326790084
243469672
266472719
293456542
227689929
250158705
53911016
203958316
307550418
188886787
245858016
475535949
449672179
248433248
464237893
508139701
184563732
100913597
73201822
457310883
272431260
322049871
143352753
33954663
278828514
86091337
271792586
177750067
227259222
458748820
174226421
361144135
314674176
127674073
80823773
67760653
318295577
488562709
426441466
257121049
85196263
279946215
536583819
376485444
217584401
144983362
426506588
521014523
463879765
400265246
511040860
1034216
114738858
209319997
321941912
105767978
478111225
243860806
148115861
343659582
490257331
456524801
56217384
294382702
228409854
103768444
407027664
138301842
468751119
465638364
84428488
243464243
132777667
135499616
494341152
504627773
479683832
226304926
142833556
312777021
200214863
195408269
489462458
317841482
146823670
471427961
505653533
214606058
26455179
15593636
353017884
270699135
9377079
162148910
343994397
8968332
532323861
268096684
432978771
268289577
218760421
371074466
18682752
87109993
85483399
294346882
332200197
40257139
490782618
33478344
141614326
282987327
131973276
435447216
152275370
342902501
124714263
90301845
413113026
161927572
531743758
225981052
513504773
215104717
38312042
440984965
423364900
340814194
298903446
288222061
325290693
349389029
464308921
161280067
352198895
95445385
67612576
68251121
304178540
179437706
395754738
255747295
159052397
407045843
415707449
235507623
73449275
23083556
319516053
264306573
162053168
361663689
202368791
117771531
13298273
100247700
211106216
178191456
165233031
367798497
344831624
209357708
20191384
46025279
501084102
112070368
230351331
226768861
184912018
521888161
311251895
386517419
66009083
287047923
120320604
469423932
531920828
493191357
155336812
38256668
161935011
110148687
484244273
74286109
326346943
520796175
187077119
144669503
76880803
457423095
3826412
43943817
346368737
5926257
85648876
100972398
238863892
346063575
251340950
346733270
439578693
60524867
204380712
267175658
2834795
321348809
266550055
497459089
278459985
282657267
244543956
302810371
286276309
401976808
373490244
303475781
113702064
175215557
268537762
463474991
107786314
204171707
412024115
348822836
345865753
17396179
411433080
160107208
91817428
499495190
246289229
521286322
248268793
337249712
473167459
143924536
298786802
127654795
365813452
377887951
24246304
492165845
6679957
77887586
418976703
400077581
449995642
12077039
405076065
159538700
109296366
366687542
509711350
433479564
146197136
30824817
76533849
238149755
321961745
323906587
134206999
422178079
45340350
438450305
444848529
535307394
259417447
73840867
38112931
261268582
283163487
129069307
371593601
285438668
13881313
399250601
198242597
148145160
202269807
263836758
477182327
113988282
404077777
460003859
410474043
268113421
231519901
255244878
43035149
251215400
489076842
363228615
388265658
520054443
362143535
131662627
345851097
187693745
473586320
193720562
118456249
185632895
72264815
42000694
458407108
434192674
372329289
370208360
113647795
109306443
136570616
355932334
331067694
408117673
275750248
282257467
418281697
465334554
456163876
466094687
47506599
100396004
361751650
262757329
167202122
62774418
454039330
222407982
289080150
489240795
273084237
68740443
110272490
311717894
303046112
153936527
110106730
528174939
461301122
232707391
72161964
118482965
135008052
145763063
244060219
232379817
6802408
301707646
374826170
487564190
391247759
101220236
331796390
423858999
206378069
319256476
41007956
504853610
4140298
14348019
5143933
530616662
119593918
132194846
527835430
331992257
121771245
362648491
505020758
58835262
76648056
86405371
139449697
56726093
404487277
405933760
154182224
185852983
189980193
41297124
170878000
434394515
534263120
269195550
50123094
152051596
164173563
530009337
76390902
415823400
472343631
402853349
446895601
228086251
363484829
499889521
91524579
77037265
86667884
228478528
289509241
177637214
466527958
516055555
211247867
365111686
179829473
436428887
283518439
87163863
433477630
161609857
104703350
117363987
503354188
270674934
457293192
86299441
81132106
86972144
113703290
370306141
505267333
159413152
368628447
345032602
390346090
456087359
180952644
211558513
356333646
230920709
95045659
276738958
488605439
205398555
61122796
200483326
82400230
489292199
331979762
484763747
379575219
488890241
114650467
309586943
204953676
515696204
295673890
382931804
415139341
2997669
232189841
200874792
329022618
379427160
17773284
174642118
504578717
435795041
528144265
245315535
214725910
145986059
527950054
131841850
90638996
376719170
113384098
217467764
434110289
248343797
513529832
464008517
473798607
372467371
370163711
240294782
469260133
305284989
276243948
209994736
362778001
477609579
136988321
393588109
163478820
472737806
106163669
476743609
524095224
188213518
32283208
268125099
90665212
382471606
102676975
367554712
205294372
90812578
324429130
235542246
476858454
130052746
306686294
208048263
62419348
72645654
1464270
476727175
154179319
166643699
343639247
304484979
478400914
372827107
501254838
252609425
296661070
79931541
283771233
528704517
484077782
249404578
62105029
384595730
74395985
262510628
338435877
41498701
384507883
185874016
369765802
507454129
234648699
271003118
275715270
306406945
53654532
70683560
130975621
359822425
61244843
367535723
217920178
126293610
236721389
417526862
402998513
385351052
51369362
142270844
95946804
264189722
67842121
475606968
226595830
442508019
201538967
50067862
252263382
140831126
504110518
185491459
469639483
144385052
332302421
149855222
12675516
192382826
16333900
189138014
455672318
527845277
70054334
416936059
122864193
266153505
297692631
56261064
459004416
259942113
439201946
435047509
90831988
314320058
139479205
237342749
443355611
408265860
102087526
354371881
115075490
152397725
365350707
449195519
291729394
464286919
417235216
58812391
466163736
400683672
387524505
47843198
243147654
48184408
187291757
199590440
72977800
97970525
226391756
383414971
121956168
268458241
186655698
472785847
88692237
36009783
77734319
365493517
469389171
297934361
345282151
527473595
526555272
151570884
376256527
489914215
371003247
437864575
452747935
264331192
488067661
526608547
376561131
101655710
377126164
160832975
417612211
145810156
494091636
432666228
490222226
259370231
38966496
92263409
512826377
6002247
399134454
511193233
449476133
444413514
103554329
375814549
34787291
502426265
164488117
472660850
9051172
212934835
290629999
500587340
61224183
204267295
494894952
358693312
220058148
10791605
350768125
322026874
479385214
424074445
147073808
477385598
506205703
131876654
423603329
97017695
455393839
127211174
11557300
5453140
388619395
193467888
17285990
152335668
13084683
424453130
379586607
122552338
230256153
298565509
287737802
114446921
97607620
24340927
182356063
62749389
138665730
361190407
145795900
63425919
497632075
439115292
212857862
326023314
264046918
254576135
254018400
401944018
284280657
212479938
37467665
401394288
468935235
130118168
225716107
188126970
111174695
13438075
274096561
20608851
397739939
367732244
171980418
168613772
170470467
83343079
377103213
143956499
242158513
83723065
182171584
214044476
193941337
5825757
172383083
215637946
494778921
285473624
143736614
503571655
95329178
157021645
468572601
37448234
77371196
275383397
106474240
349636797
399036927
64210490
18045564
380354545
300031651
363806363
283128246
47773982
487276853
375692880
44111501
191118723
496258210
464777638
339589038
186018401
106341231
419034886
369321562
512691466
1038035
83628505
96572090
159631478
317566181
468714860
342384527
525557841
57664264
305451019
75610306
115778322
47120826
489670672
195427460
179493848
66599555
320330805
144855309
438482722
220043319
257971984
58262178
765615
231881355
318745235
496667341
484656610
142117544
515098136
42735653
390740677
469280293
252964657
269011460
112806326
385836087
291652508
7444508
203563644
298526378
375899308
457989031
232669346
323789324
464163226
107521637
359205218
505308984
220587785
52535263
176296264
157385653
385330297
520010869
276553833
152035418
436339718
388862194
266578535
41652355
44073833
378903436
277700338
94313915
35400438
99273818
404531861
77894226
249185903
146519474
423653955
259668764
254563482
34291720
37732630
64329348
324959927
48738479
447750881
186790485
430816060
433845205
336346042
346236573
302931643
320561908
289823990
240973137
176523293
269277316
144639239
236759051
465775721
277160828
277927844
210806493
8892947
313541100
508157762
331629015
353781540
295310770
475452954
366524840
41598559
113342616
454720816
266909054
331116050
475474259
93977755
323055188
308679164
325644405
102917236
35291341
28551300
514820516
330516442
318286283
521523452
92908874
402128464
335350247
102046134
166953425
261562745
502482509
346791325
330476809
127626674
319560260
151248724
112097889
34435791
226348852
63900030
3454343
205577483
225074903
406560550
816372
21700004
334009151
304559132
95963844
461454583
424233008
473885891
152780151
96273161
448648989
280937196
502256895
211941099
240924687
494139634
322996611
536296580
375032166
250651155
477305246
215442602
235615590
298631685
12010268
163001022
187477973
481368633
88701395
301955336
118471196
529689790
39797726
5319045
43918535
115295471
357873831
151743359
187614116
482624032
100388217
221543552
116876665
425199679
47107703
229021750
331373495
20073869
222736992
415122588
384013475
476282161
340299045
193699210
414130787
335810045
81816042
140672427
69728505
83013597
381147652
431514468
54017971
418010499
401630707
475861166
443727497
284643848
132561337
389956069
176731790
476249941
201477704
535778591
208965430
57732704
374037343
514241950
466927302
74837262
307369476
226608070
512415920
193039693
264822991
520068845
378750094
474019270
271800312
201743150
346316327
213173581
185169521
388814740
238713307
24724944
438004817
291050377
459593762
317669217
360109923
314183601
4397675
43813005
23602877
115764121
533469242
173275825
175207872
284631650
3273841
362541326
323578717
274318684
453272569
452204246
28495141
116249202
405831358
409845142
406211620
270456085
192113255
482598495
1055811
308093394
415810191
96339812
263171832
406950249
337555315
453391479
91918085
479076518
281800637
79233859
73236451
297614586
118977571
362082092
480479491
83739369
3046418
377224276
206221198
51411912
149826054
204072147
239278776
320169533
149245948
206143069
112352017
468836032
9134006
409066281
255804404
308085475
435172776
99136597
15657710
73135979
517457146
117882182
2000744
447375982
501353481
388574510
334456185
353625058
133366708
520229196
88104021
465054515
66756346
137256763
468412298
262136864
21864371
22702580
407751406
411311164
339020813
5942921
54981062
293137782
442686479
505354497
99399169
491470354
126251204
43268689
321227080
265044222
453892030
476495465
111230734
57795358
171352466
488275405
234618956
420294166
25952966
304098732
106098823
1964995
488181553
122325824
25793019
463604933
427312455
50291955
314552156
423044908
205812675
16384246
39337166
234048198
462640131
156845169
26767089
113422009
31912574
130544292
78350682
46912903
229431212
292783095
323817186
10872
455645645
124545867
402475737
353901630
479355448
42656903
91726327
530505480
160785987
430690616
152563693
227848289
49239867
243095676
25359716
150792957
405625814
20625830
471595106
457149574
400496714
222222733
151835683
356955859
109635654
442552938
212701130
143918562
276249474
292275522
309095766
460616519
339458768
231593608
84344806
303473418
339846535
323381911
353464941
462525163
1242739
208068966
75532690
80197676
457902530
165186037
256878766
251283443
299031546
468567352
264694024
215169810
26247984
450803589
63963787
414170616
56741589
441964247
458825628
284270048
78370561
165816988
172721036
134968084
71955239
63379989
175993385
221664529
329198010
136893772
369164498
331693364
98300857
523351915
478252368
341883277
287993938
430846335
509951454
178881127
464518525
456078991
510637587
18246700
335527824
246651398
380027436
450051840
297213597
324928368
151067216
535100305
489258484
292114817
213411082
188023173
270595459
33713223
24142134
116435158
98289200
489788914
248388864
314430433
133029240
300647849
195239079
170118807
212059063
500139415
1557560
226146001
18378409
106634408
212032774
232991763
182218260
404413502
123557926
255781980
230460780
518756807
450633629
224798670
398222860
33138559
190357941
520937504
289415510
493619427
188365078
306722890
253252736
402408618
233059145
18774158
369607560
415113940
121499093
251568076
182685091
186598209
348919399
478116677
423609708
451593917
64532028
452380257
60141874
304518398
507724679
101344551
331827745
433841372
144540239
455259341
247543751
458833625
125041138
366600048
69089056
257831152
36658514
382229184
527438426
31678886
18651320
164729443
235428478
477280399
79277575
437543119
530793269
196157300
40970979
495223828
12446948
345726738
489168067
457512281
265247616
45846492
295972237
226136760
145743322
166079401
502213313
305483160
159097632
456387079
249460645
190966769
532361958
205512514
98058323
77259980
394571908
50050311
59590373
85663239
226543926
142529755
317020576
400039452
335565423
228707952
377933946
325578461
111682633
377369928
246527775
21876912
10676102
354604023
492797953
239064493
270791329
494576587
220069466
315268670
534028171
398499414
119875395
505330113
420542672
390807098
378645866
63076391
394060779
261799127
87187267
222804344
188024941
164311855
329564703
461606557
145728096
395595964
56423543
10035205
248439296
151274222
499651331
420680923
226250812
269092336
438107536
400899588
449267341
120435548
54553701
213058604
317106020
124655156
284882641
185495602
377666957
282669925
197604048
497473079
57516321
366521370
126562080
152595227
331140195
174846486
397782365
484717468
127584830
229692319
525475331
435433063
382273929
485553454
29172916
438756850
164720817
504845556
503342936
461389723
323736670
118513493
263142639
150138573
329500027
227019522
347558915
153058749
178301200
353140982
484986419
407971823
114463125
213231580
398567894
64646206
297979744
175244542
533399442
232532764
408258531
398676039
21649801
91420160
151013043
144340393
508650814
374891632
156682961
350235507
418875811
408435594
303548129
441834552
482792300
203034305
70634969
262131965
69902326
429852705
393104281
310180898
47175042
99419989
336354727
473408891
211559024
176205858
163696547
163064099
494076145
117057853
442311359
368299946
523179841
508861695
180390993
122951125
298729365
52422790
266391419
388818937
377555714
442491091
251723809
288667100
522104714
476920246
464057437
453908336
60410804
169603716
209530816
279591593
13369520
201449808
334511426
167587385
354850210
70105504
388310396
471151846
183952951
41867074
195072450
496058242
258872445
355318341
284522036
445640242
97365445
429571642
23051342
431966358
366913629
170527382
345322299
461447411
243629279
33755086
466933952
134589260
63236177
240916951
49508278
175801779
286091367
48567744
108802277
89977601
450606663
191062077
256589454
93189249
29373476
225860712
207870265
275397048
4643
309940454
473192918
440689476
246987219
258706090
345667413
495903505
499001346
216221424
262556536
350391444
292819716
301163400
519290434
233393096
495840535
341239833
226440810
389075496
80684816
225428787
42550155
321081524
102214485
197389294
251174033
348639485
359295669
417547851
52653852
279668307
533767767
443121759
344033901
198102524
192460477
303786719
423484716
406336482
500676900
509037782
484555588
215481150
521470915
487572542
290271167
368812168
365711463
412486710
515699932
14782058
222939587
514962834
372172281
425320759
357551416
94992551
293042084
49206735
523025133
477286565
501101139
402091243
121233630
275503278
155060434
390249397
505024579
101491310
485735545
327315206
200022007
69909540
433759762
414017652
302810216
501617165
469939441
300094127
524993978
127662446
210667951
81997185
186172565
362805464
259802669
510521410
355766830
198094679
246932418
524775586
32832689
327201053
144850702
295365383
314440087
172869587
466163367
338287907
438937442
97342312
822363
375072362
358132869
431315834
58191621
524690629
189536594
112297998
148042325
508840533
318278878
434243700
405682409
151545909
425391597
114086602
294782280
531785831
472192594
17909915
380570497
16516985
121625138
63189961
434481066
186669294
128589890
316012145
532759196
18989053
422815604
378586929
344224238
262760915
90286955
121505079
279125044
407139164
412882501
376344049
180240396
349480593
110511697
290636392
73564059
316956566
412732570
94240998
92210614
165101417
223194242
54712281
14793856
73662941
432922960
470827385
92217272
205364800
230439066
114437921
208020065
379088207
469022532
433181566
242002521
426110995
10324445
486837997
24671493
435927566
375656972
26046163
12558538
79743180
507315529
55020268
312843337
134616342
77040069
94105664
498506977
498385462
265151834
488510216
174770180
168039366
452085139
504795838
240039471
9791886
125319014
108241488
5582820
535419208
71026365
386876537
190102177
248369641
212407783
445550728
413317456
523226787
444729103
529969323
340738383
96357753
266911001
478187475
54778312
191964691
523339380
250800207
47410430
191424096
186661911
410643334
399470603
26970608
342410084
483896976
19207206
409639186
248342143
422140840
509708560
196979381
153471857
476029067
497023967
477871324
210730463
154416061
17725856
462829984
148984317
4771446
523690286
466380792
328145043
19004527
497292074
33476233
512108970
315334100
239341610
454098267
85295675
123517268
333650987
223017045
76839717
396522788
475962012
215569873
284369825
25735821
481849822
173081758
69475603
213645113
268142368
131568275
60924450
497552191
328542274
65610917
58698827
229010756
382385555
491651846
298894943
368912975
501625731
157763030
88591923
98961793
472677745
482034983
363320142
39985264
52241301
156177909
276541799
498436706
175592850
234403104
392000743
6287772
12357202
351474064
184312763
408712530
242086741
313364835
141043618
529672893
94651501
198096478
171266180
8675305
124469386
464074996
227694518
415224607
394696172
61732480
261847885
359164840
28480218
115387949
251810519
465391471
114908415
5380623
192791274
156415982
440532227
534477493
146484950
165251814
45724943
88030650
403663056
80247789
16417951
317678042
207093639
428963049
431036233
178656635
497549550
173182175
131367206
367310139
334570133
249213401
113668529
490510566
474614504
206177397
299740055
44256555
406269056
490837679
263035189
352557386
118994970
431135318
148905294
320288305
468596161
309208479
153342485
221936693
464452331
178643280
420128822
143025825
343526264
499747078
448398457
437566698
182872349
256652054
33533455
193822227
184061042
17875287
418954256
306086501
326582390
363962361
54204378
219523434
338840658
283499297
248886624
420305734
79511631
508706507
121314358
182243512
379992027
327974097
184517291
130884884
345372291
328958139
140546871
431315433
445069288
432800433
320534036
399058216
308192771
2442672
357765104
198608003
159089683
187185731
74371037
175369601
417923384
218918564
262430125
250771995
250492777
130987676
368364419
106746902
91745963
11983697
299536273
490615359
419697596
12653494
498882594
454221845
236202290
113918670
373516247
305118062
196452318
374160796
289317081
70297
483503251
18801308
312143644
348772778
348979534
154052072
322188870
79297333
502472907
28267431
57287333
491703800
494109610
164213050
162747771
217127555
129481099
142072692
532248839
430197175
369470351
130103621
521288958
379549874
111634970
188262127
98714627
69781427
346871542
337195687
389331122
189334999
465955979
384336975
197212350
410792574
34182936
356535076
351440635
150606674
177625667
499850418
42485324
41599367
289901083
147105874
274241558
516050143
504714684
426973066
90034090
400472080
355930659
421775062
120721488
124051768
384082611
221433710
102479502
128552248
140649598
201641432
365427585
146340637
102601667
472502655
149687215
164706551
120545034
368768362
390896996
253835510
412330676
15587995
106338349
413828017
234264371
62312113
473987554
375570101
361541264
360557796
106086085
321287847
377450203
75658577
33269497
231118912
200831851
55323300
420706916
443737410
67468217
72475415
342420050
59843827
237989445
492130534
65284641
277879559
278119684
97410001
532002245
494234064
285450570
149478136
167192182
296117678
257540616
100556905
37839309
413565887
267532560
350184271
213702527
235675473
150075178
317675494
236022138
81156260
71942652
505132913
122951364
78234766
462061934
327277364
387775061
333955527
400203068
23331577
143449176
517860806
269825283
192266926
63082330
289189135
164907316
296383569
288598746
336667275
242939813
188933989
528033305
404592164
266262172
111650067
500897416
514350605
289387972
355767199
524001301
285951692
82123670
497976243
409741584
111921554
230190739
393480408
307606907
277443434
285320416
321514241
64093410
407124744
151708998
513344711
367598508
316657864
464593385
348920704
137774874
533486377
77025351
318891639
84708156
44588616
270289065
458153561
139431156
160051355
141076139
31362387
352802440
300459582
293427330
168113980
245397634
331051485
262538358
223411795
99866872
246390368
439401588
416774732
370346551
309234142
21639462
470692030
528626281
194312381
424303954
320777607
413268673
229125708
50107437
353575483
356490980
208055183
173540423
175204597
285110787
132916857
535999711
62751914
363122511
257608926
138543889
46087248
31357236
529847659
179966503
218550047
448085750
174911195
120017604
470331394
430919135
520447050
245449661
129218950
266790844
288282225
264469682
218420731
286478428
8819126
342777625
433901611
302209918
337269644
205611960
382265375
103968922
185146967
116523165
313638373
416878
236864933
411649007
139887113
170295222
67976180
176974425
175958808
117601201
376340750
127175227
464455079
512833583
211030332
166886677
473044533
435234464
14870824
256296549
285047037
383759647
198049559
422934942
362701783
477234923
94877423
26828178
233597524
290738673
34738694
432364188
264236983
49979361
88546547
231038478
126204148
153226749
440591798
266036758
491255844
308299572
57242468
24819938
217966634
107286937
526375722
82634636
326566807
432798181
98717296
32304410
202072337
86482983
526293547
255755634
492947056
99604111
411576309
314003677
534665173
212165081
280696568
398847951
431304187
472495692
374073984
355972581
168427236
387729404
189425523
393844594
413539113
109216287
6469032
94539686
463882678
178254512
3190513
437916759
300416557
41988807
331173317
479907790
403993128
259221040
70947911
99207303
312843971
49128891
297308968
455693761
228733592
172877435
396168658
156611976
469995066
176279775
286739022
322362916
503822202
265590081
456756908
138125150
312151627
511105979
202923914
361646103
354323787
164430693
432806571
282906560
253310036
294475263
491518587
240905225
233367032
493888430
425219094
127699291
356703958
336606926
477494747
294629632
425024807
313136881
403882323
247611240
156415717
390572746
127178970
57887663
458587489
505847513
265908549
53852697
246711839
112662236
526418604
397065913
352383741
399180071
376244426
349301321
364442456
329905780
194090658
29174567
401915835
66274051
273722415
321038092
516583011
400969730
397270389
64669053
16632597
423488457
517459143
200362095
146461563
157002143
171906378
150353013
256632927
381926450
280676162
292242260
327789201
309426751
264539170
52118772
87711467
400618731
10900452
348906655
211308311
244315378
67236099
224789860
503134067
491981029
357400607
228832445
443061892
136712369
519603331
446247262
359999229
274986535
41015912
366395880
94265931
467952296
473574614
25250037
74511709
525470897
908006
373873713
297718196
483469779
484994009
434968488
208854023
363171453
463607251
24292288
133283103
253854114
132912991
75454216
87611123
514285872
214294025
38624638
289848065
208648324
219708307
51296255
241226315
117837155
134603129
194023419
55809619
114236754
505990343
65643131
60205623
297180024
308219449
515534033
50416862
6323694
16082661
53520973
29502685
46256161
60753635
511039668
166100991
472894130
82597226
273300273
299886785
198254264
192362050
484909262
208253797
341824925
138827920
187153327
246003844
291958560
284532340
230216788
183323453
58569978
156726216
12758190
432539045
91854617
493092123
510815433
95791560
261996098
353295254
456088837
144524707
436499456
350343017
526617635
445483644
82485915
186113181
408631242
401834447
444668113
319778529
159458841
170962557
439744134
368900707
296756722
139673433
404685067
318749198
386146823
471022460
284805376
224316321
158572595
515482853
156771381
498757591
82451071
242495253
322746302
465726025
48119830
183164744
346468010
148746627
497535463
389288330
519245610
186752006
8164053
291996753
303021336
460807290
21094316
322873815
536147624
161808931
249009812
441201429
272094604
36667479
441019488
86926014
105863226
514259868
119678946
100013098
172922124
156526997
84794911
297457098
356283352
268074044
486018022
291933989
205617899
511942589
446982659
175632958
121543723
124819131
154769398
60912984
386096247
380024385
44699517
164938057
257307467
165446220
295619621
218947867
64484232
400235403
122496279
315409925
233963405
291561826
159481226
164117256
383093183
247146161
533408485
25614368
200971895
273964272
357475870
195644445
295857650
343765778
262221972
423106129
413774713
241833237
115409955
106789854
249221131
214621230
424632684
35238038
400241006
3582304
520176685
16315844
336401050
474452934
312263855
169519697
143414588
447843331
261438844
78162102
310999432
108015093
45638856
505551487
272210285
376388812
124359060
234480528
270777109
425820219
98103513
404303884
102569890
158040976
302999
145255430
117702766
421066012
210056983
61449055
247114840
255299441
434388601
523008561
58703580
135570214
139826175
147685459
252159573
106984098
117389004
195426040
180773228
182639446
261612717
180661970
243423602
83973859
30655282
495835394
307138346
113589747
258760698
153615872
282771320
119050765
59195098
468324688
437590839
339370394
274813628
42330556
486405973
307726070
352361733
221626492
337850869
429168334
266423886
240542241
518998605
251606714
160082873
70056932
53637131
408476349
405546066
193270286
205641408
435111080
172293317
411262051
139767828
365923928
19956184
155435780
248998573
524514608
263876556
479135465
519340433
52085732
309476340
76385339
277885570
24802931
213783942
355271756
226862311
332570309
43412773
257766837
479157902
287353130
458117441
55404021
369180289
355887588
172757597
192951552
103381741
516696670
74498117
344030706
400645609
63847635
289132170
402494442
325601598
434902432
412567380
480358996
242687261
326184162
137628339
459900683
191562527
509672518
388145185
64738792
88007967
288887191
351793593
366607232
221593517
191463403
346692988
258710886
241654505
12494701
394769599
509372439
271377319
350878535
460870288
302567602
513985740
536451144
101575043
180429107
491941759
469308433
256853003
120670984
321610234
215954228
436639384
138149801
283740973
192470227
115176486
179486640
393816153
513792755
184587888
211058622
58756273
89825461
208395944
485209375
332384214
386940188
298473568
518109303
215185163
55866895
469698797
330867565
365333782
274258308
54479411
466454728
473398542
95361894
445313728
325604898
365252476
341670138
474826431
311590926
159825009
150133440
190086945
196954589
393346917
174896201
248368128
363889151
137650650
429465044
155703989
460936535
106227317
173431442
33503419
209668540
126864407
70906972
139827580
295886359
325611339
409453186
59614600
20275639
464085423
313425415
213622271
293775169
19558685
384108238
148276079
302658503
526150622
288374369
358963808
212448459
276870979
519616252
337071213
285143814
342009091
321999668
187944514
306273287
100539596
32933894
374188474
264700198
359189766
329818279
198876896
185985555
436723890
235182234
301230524
349576532
80011053
443958650
179338611
427435086
453857352
411913161
221717562
215821483
215786068
361791820
137271829
84648306
497925134
299718802
336453245
249916529
437853962
126093526
33017131
33715153
296618866
117067917
437293851
77658581
238560855
44151051
423715241
14866405
158626110
128949655
189414998
21085905
78280941
510787115
67543740
292607882
392285852
449771553
33297201
525537313
330399291
510733360
529596228
132202154
360404
492810063
71559484
1728544
470563886
338079934
251423613
515223727
472913122
167033820
408823757
298377469
429308022
333882361
456298776
484952426
114879860
210239389
223431571
522799987
478108936
98037251
160425369
215526161
364365577
293090546
205940192
347588759
495943838
256883736
342681951
37876305
475337410
318756250
432018252
19501164
305755383
83119746
137771156
475641167
158017873
191211170
145686565
127082719
196288857
80311437
449643741
406959777
82801745
261832489
129237401
328847869
291444974
396804751
182976775
465186529
491851647
511656642
377826257
531842429
367217017
148289632
358806966
309438419
24342141
268517393
473595827
63110105
62814565
114592826
82401062
55213384
526165179
437523821
319821399
277160815
320519791
23572180
121057523
116441568
510661031
15485330
397286547
367668301
354824168
215747424
126054294
26312219
290910398
157985475
175489223
300769262
260019028
115711695
456375311
113120894
95929762
430827927
359796393
375112967
53281055
261199732
448216589
304793606
186116998
331152131
484785542
457244904
185315025
38120894
200170661
429220356
105479270
233538818
232289182
253121500
253701027
366092545
494895345
481298851
214794724
283288335
442725686
471535657
21571512
322317957
332817925
125085874
378757549
377330346
137175638
155950250
312371111
173426582
534199420
109976024
88214452
365251354
339182356
107778817
89070046
44574591
487720299
230566104
351300735
113929144
38746287
412525732
429019992
489517708
64683469
142653403
474974963
134212588
449392913
291544934
488910313
66077765
486059208
197014562
505107039
495575920
2583099
368176606
225260922
312048352
386012236
327317089
429534671
305944411
313625116
146776677
299227379
40689979
391453556
93841660
357665583
164359410
118333325
46514916
392988376
202798457
198194008
313898216
477851591
32355614
481375805
446911498
62375092
323625566
26181150
70594280
90778982
249419439
442544224
52154913
429319552
369186982
375959837
81280241
66622744
520000000
508926315
21011213
224210198
391112579
99917464
248082046
176189066
123722294
337289778
89421547
525206820
291424572
457016200
60692095
471788234
272744035
536831177
528991181
312289064
418837378
355901905
144590550
441126833
282889415
223706152
239323125
106175782
110777848
344579151
193195544
59890820
318905857
249333375
167775500
347656211
193835836
12987001
195007621
46723764
361865913
65525760
286513445
531003658
124121543
476662201
341550201
355836328
525901190
23357476
345014609
118350837
180542851
173697140
478116126
414234505
406007867
283292185
482029817
506638883
454145785
451282702
465009280
453379360
230962541
353099506
476973461
86291810
445247604
234612471
57377808
532840691
45996421
203385565
267282795
33031099
393381265
482616757
85915711
411599457
498105124
146058544
132621732
208749289
388595886
77877607
259039649
204510304
101491702
24260264
265937648
213602345
252450758
372351979
129353009
260579786
533607343
204858722
513577540
321552029
473902985
190178838
67150860
229996727
400377512
252586375
168256386
82619256
358226121
407697648
156797300
153983869
394068578
8262082
39598595
18261781
293624867
163408157
227267362
375002144
512418583
530175737
489905812
156143723
37474551
382484623
117263555
310193363
438441177
22317325
34569383
347267607
92573787
313970023
201528050
371137945
15218210
42433625
285365949
58432622
319738065
440309707
365689741
348793189
475382430
383965012
63096391
193913830
76910052
228564639
306091200
9277952
377408151
4954019
268381067
110755636
485093683
407685151
434824564
8907218
357321654
74871213
306097584
76103121
408304913
488489672
80315681
134141135
173325655
332852813
242411648
318362171
308356055
359459268
430666271
1565195
183725652
146087924
269225746
432634725
150861132
252875902
479360424
320857544
445112853
139477249
280751502
503905997
181540511
155006445
81476385
499161137
281618818
356970333
17074102
297665929
36405888
364602460
517574587
179046241
6877022
77488454
8486490
260320122
40815895
361347129
399548830
354522978
368421895
255573367
82908338
468454219
519170221
318743511
376980695
42143031
354407118
275018028
352811041
217506556
59303066
92025074
505830681
129466203
526325318
378796524
502912074
436700352
304062359
175427667
501182753
409479642
51151970
379756193
273024532
354045635
460613082
243457646
418015822
327217166
168235965
426759456
192840448
464784983
438291512
429984887
455911887
505356189
98971331
426652694
442686740
138493138
222652058
12915312
115578978
54547904
456359404
226191259
189022065
215471496
505332156
247306594
474927852
272251465
374124562
121758543
319140350
2607470
191464901
45531651
365754006
205216153
173243259
456386219
224148638
226716775
464339100
472206868
175376750
8128884
108544514
25203727
386266671
500004545
527866677
393201821
190695361
22941493
14147435
155101189
273184223
155513433
536668319
503744076
402996131
299919040
409297939
504255961
43835372
446908412
66057521
495979075
39542913
453058783
246187954
10176202
140167204
531908484
200971406
56070080
56104992
61696716
472190457
329289314
77302274
63565299
219050129
253036096
370994577
18788355
236617426
133506122
380257084
231948516
304729873
194720827
97787336
267922534
452579767
385493642
1775697
187467602
174866230
91753726
91290351
524203060
35156413
59116113
163764918
19867660
455367489
337995925
98231526
422622695
498678965
83413592
47077890
2793627
341387462
485045442
323674811
122616828
523946662
449103824
492922275
127413487
498553507
210608830
146471304
263157410
137459753
183400100
431164570
275553868
493439562
111425070
215911416
235474642
480535908
143265413
431922007
49905322
14071258
444915998
240152580
12261715
336181885
438325548
357140768
466149624
405731328
467889460
256610498
33291861
421120830
4701159
377751379
12373984
413809543
174139964
509869490
285104812
189528867
212551004
73185599
392538566
197073556
49243612
423342532
106121240
363095336
241900317
249106812
498413085
155450639
55572054
317667225
499414016
225667602
450847672
99104297
499320579
246067252
164215902
191447331
378515056
254911061
530731723
480757217
48919743
65396078
525500343
490884011
520494232
488502700
388902315
412829310
143618931
277657142
214135367
231462568
301829741
372415087
230741967
368396550
99131782
336432685
311626396
500869836
188821571
274850761
273134749
164762205
496298089
531264215
476771038
179091739
80120133
44938125
105421653
507405242
68400590
505430955
481761795
204067873
178206487
296657042
146119436
25946703
417115057
438264575
534989365
226184140
289670278
424994886
327864681
323813913
343239618
184744882
322374548
401514587
532931496
356963440
212001703
197725302
161785340
164761809
524357214
419166269
534929802
486837329
163523071
116924369
194918084
138887573
505829399
416702491
464316856
526125133
409151031
288157493
491094768
329929051
511614002
115370023
201081350
121694143
359472210
348264665
19663055
239529297
462661864
181295536
268650554
218494776
299714030
392537659
10682449
410035011
281278471
323283778
381469425
363041303
375064496
411758574
520785292
532056854
115029080
105418985
119356766
372569850
197261144
430720923
302993555
160441598
3978923
447684244
75561747
148405072
465046570
49511540
345102604
257192831
500716974
300622557
294668828
196092392
237594286
429851911
199291896
94828816
318326156
139028420
315360976
514520882
306395733
151667280
466641851
374784898
189791871
311164501
159510097
489407195
211173814
12452879
434841991
292490993
515199853
332050746
153407271
348182724
49124500
85051332
168602153
57444395
87655152
97345994
404249475
51038851
104967754
79580338
244866302
490371764
90723760
121088175
64251129
68765087
365856640
426262317
40410266
514815422
376576689
50503979
212555019
335470472
304090357
223359211
294001355
438135828
343689600
76550963
156866798
128638655
316302738
251404750
283744137
135610554
419039378
37715483
78569170
453625692
77082827
464924355
150094721
249582378
446646038
98526452
21255389
447615189
306252507
113259923
190626979
260669049
150967010
256414825
150496035
172847073
369295840
513945646
249693823
505946051
254576154
204681491
102139388
173918221
247785875
99080850
267885205
308552243
483128823
489444692
414442819
445115093
197832404
342707600
6627639
139119849
500518307
219211877
12826585
114398251
25869090
286000943
309013270
117427245
385035540
7302399
9907460
398057740
459657681
227060741
340912814
283257035
517930278
440550307
31651117
129740888
334954903
294333097
356063023
489169532
465429956
182128117
26005618
184857223
69583417
275824920
111051317
410842693
354768250
349962297
398247118
396628270
511952434
254784368
301676758
362470948
51597991
758781
210604098
128540862
210133066
390225197
284540884
165913462
504482540
134772450
511040895
226810511
59249552
131004070
103522438
253251438
172744310
264284112
344025689
26766521
478098274
125802481
498448307
284978906
119471027
502800428
426617471
26553343
281593883
313985809
481602743
302500641
470704566
437698428
468100515
475159036
248260374
33225600
72352316
499555973
334405071
173894991
368608299
369091697
516927598
303031104
389777895
229462897
113014762
137891246
249871417
288947105
336047457
130469302
191838225
143277496
144106319
518165169
519250339
480702221
525657828
382831309
57297397
527256973
280279790
332673756
352327941
28453626
117532542
489727802
185246843
330035607
399410674
172404286
149396330
398614849
259368143
522286471
533252875
439751925
392107946
224930344
42188615
324864198
417676327
14406606
488165640
494607666
527964820
236204435
131674657
260091223
533115888
311551089
182819804
399941395
141065595
180561961
189984170
147358173
308350433
337677984
240091438
61899426
214912611
103657330
389125339
207069349
140022791
121821745
224870847
501017579
346104495
251359212
177953873
346956926
93215549
172337276
82314111
141440016
168489243
321585657
212662056
377374335
276141367
53502883
58649399
244819694
426500422
32462592
279401949
265379652
242242311
134828299
464694217
478453886
534663967
482850351
78754762
103429407
130689280
14137742
306458682
402716351
151901063
132542531
449584750
398909931
418805240
355125850
354012472
255854135
115260315
496935443
298901259
194504643
281681045
310289097
370511934
14970115
319381794
500471982
453965500
225761005
161352467
26081841
280521563
253176184
309710499
216631854
182120302
116222777
167153650
135511166
437375712
252327929
420344470
474561993
374617027
6878865
236585196
243608143
37945144
312933571
69759449
57834779
408126770
386715983
105871432
82990679
56853762
229618457
362669147
353607575
128853342
133959142
79143725
212230849
397863640
236389012
197860225
63948956
125846062
355172128
258234455
307678680
59615498
503809487
306840634
254142383
142146554
458214952
486219771
411999712
304568295
475645847
465638794
435819276
325978960
418781062
426790258
256362661
481439901
75774413
479468835
150514925
30972485
10765817
372308068
466098850
237332222
536771856
522954032
379352957
134270913
329195557
206137874
178906184
467358849
476169309
434787641
236593324
17650792
8137149
173938952
338451350
423704077
276382431
229051713
152697296
265154609
489344274
461933439
437121726
287627854
11285807
531707901
406388458
102526855
274194531
47296767
439195081
503598901
254039411
495824714
506218851
312363555
329340113
281516197
359085227
226196361
217799247
485504146
375628305
444857178
403049022
482473439
11603412
290727169
485613389
181879212
96067063
303213632
464262705
181861045
67802329
264027652
122579097
302422889
524204591
482087913
138106191
194253113
101674856
506387798
134330407
434898465
251706327
296833643
288014014
167126178
380497913
397747843
208955159
162911268
277359739
238704509
126830048
239496035
142748529
55258673
75715666
197358287
33467539
450841674
370921695
310757791
393759151
299151358
108044151
211184656
259235128
153745060
443872306
428504319
270055844
368764931
72397217
41602369
511875194
289680928
87638425
335401839
9058783
196723981
14446358
337111894
95870807
200628345
32775684
531570494
497279853
528255616
93463440
44068432
350670770
40662894
443351166
297371284
226804866
200324842
210783553
219756106
174491493
532407210
336859232
104067943
55537836
32235963
420457069
386370716
459342423
484653945
120627936
139735378
533938957
439260329
251651352
6681058
49805987
209190784
389527158
53176613
499837238
156639633
222958969
209908068
68409891
202129955
76883323
501805616
158263466
352387727
181631859
299811411
64434933
504752828
247094174
163631833
488978046
94036013
360233273
83549205
25976710
378813330
408029639
215478727
118624558
280401460
143003840
231656040
287028356
226711077
250540970
479590051
272175274
104404227
316994837
150908935
15703664
479431997
59240043
358007031
315651074
473939389
313401173
241704409
98350528
240319840
242254464
181418913
195245424
335692802
271611387
338157967
51484028
129160136
279805450
433656575
179246184
268409461
71595955
258316975
164393778
56260987
427624207
24401603
257020556
347443490
536509305
77715603
328019227
529817063
428759108
121993554
427698504
215238894
176849060
126490383
271555096
84151869
518356711
255133436
377894892
518846869
71070270
101348652
239844799
411718568
76966590
33208532
21296822
296747183
88403904
483880774
377626836
509063277
274237619
46295230
257204954
363466290
505115444
422831159
380969705
512360075
53618362
494213345
4523160
282302781
216555784
316158165
387461578
462856590
61057426
351102165
496717771
463101307
154596319
460553828
270590976
172352308
202876204
423242684
175836758
379653506
211778068
508895856
467586202
392932843
212013950
343015796
232914897
282841134
325662782
328443765
172953864
340478245
68056804
309951136
82975007
304798917
150839326
202661634
76264394
161710151
503882688
262431929
523316379
364621421
308283962
216868479
141556133
463844777
515389057
225195596
360029647
83337007
21532850
143172469
365303947
40380723
290462412
126713854
503753979
329734669
371062754
70322120
328605586
282879813
502005406
107456144
108195753
309011331
503374018
342294367
257060207
64440205
298528201
445458668
85742711
517624354
466014077
169492008
195996047
231670961
356071851
386366537
420296841
283433964
116637937
211107257
322193462
209512197
322337093
284866465
270015728
300099341
395918740
256145456
188427596
294264585
13624784
504959355
460354573
321890608
425378566
388702045
220302554
432210799
205518360
332327755
175908614
531626179
376463004
525359054
487018600
180586772
201921737
58279196
430537428
75335985
173152531
137899432
288222421
31100265
277982049
167240052
5543107
82442945
147242594
527876638
175232045
180507531
524402214
17604784
25466710
231236991
179203958
471616800
79610743
167286363
70995246
503641463
159235259
68591225
296173705
418466945
24502886
445675505
157529600
23208544
106515047
141871902
419430842
466090690
36234795
501425609
278091449
151584642
473988476
129855562
140456519
119709809
81232593
375348183
332180355
267536422
217076254
34580396
109965319
350422541
223826099
348341956
320877709
69851580
200514225
279518841
313754324
108203926
291806480
472708555
416975670
360763872
395943205
86159884
324524097
334307198
275285254
363107347
259168512
144141422
19777755
391279324
504350437
190855219
65902557
169809873
380864535
33063734
486352121
415716437
470118624
363569163
97875476
22820233
352262800
293849721
390423945
311456312
30770725
526348443
366574440
163592272
140000718
489342994
119318027
146381552
90682651
215427499
108282231
116874670
171472941
456022377
174274454
71327884
38865118
341452449
394410568
461275857
425233803
259092490
458264508
48876151
107075969
308974491
398517741
111483071
325774595
102435736
30507656
483813665
302707295
254322567
494942917
158372640
197988169
406852768
260806385
61771898
165911261
363158338
419622637
229241506
155375084
131652167
156004389
519456538
206675588
173354714
472491023
173388884
294541940
69043664
369195166
299621326
280365316
488603500
47425382
451409178
74101274
536382821
356011959
229019706
481969719
451390992
420245608
22374397
87440076
533786237
502577014
56425365
335953928
97302272
362558516
516712874
97810058
319715187
194154897
339301367
457178606
48269221
460916332
171848764
485130502
530214936
253467664
163507763
396998060
49916551
452081620
306141903
312648001
317084315
310577885
267438796
531943066
439915240
353213809
369186697
347997451
157957040
8620861
233414170
418674350
146612899
154022666
167690189
511719488
23431535
529732272
49442070
371592496
209711143
38650117
274039852
527443781
490196447
22190015
258613324
374152825
175429336
395443948
375516695
438256924
210767593
383520500
209423205
14076066
422024751
23762085
391389700
412193624
17400680
146430513
407364661
177851409
310193214
79350240
162931405
533248248
206363632
101707193
120708927
467284865
402102317
251652449
56580360
112417169
256775677
184514671
344476741
516038478
409531214
484888368
368676888
496790170
20041255
362067424
55227687
156992573
100893580
63043039
261303003
514451420
224897157
25701643
120453540
363440164
509620189
372011589
258041823
138863205
250153584
110307489
242613525
153864056
179490523
431554439
337845760
93141754
102181143
28896034
214717622
107572946
424002899
124851101
8180259
36859491
376156801
310102670
412512152
93616760
240738291
462995960
496188363
9338451
135183506
385704157
415180005
125743739
96767271
461651290
291115888
338608244
246171605
174887032
316392397
410884697
49867064
257619598
70745587
267420927
402060967
172245882
66816894
340375948
423138383
139138808
435344075
89456959
73358668
493146138
463347194
455838085
447820274
6354132
517871388
184132195
22979210
92532546
120161715
167164664
252678253
236084568
42818123
417204653
346750311
12604228
535198275
104390602
30333367
347900180
48520469
235352181
299981052
500218160
397313735
94397558
213565927
419081062
431269540
158066121
130374000
486700722
275122776
50233147
218055392
303034475
468710712
345934342
205852340
416224296
528651379
463861656
312190476
186621315
445690714
354184402
223225374
278150838
271523186
162317035
518289588
501227461
528753249
314115361
397138524
105955167
199968142
84200620
2589095
395036547
204923728
338121523
35429534
266332664
453213388
462527821
328975895
173094351
242174390
233626043
456348607
110523245
515566798
452477120
144382770
210780288
454430398
179435524
295985508
470320004
254574033
330136908
44407566
32635598
221852200
72940190
513918192
100223809
427762438
157014897
152721894
274723852
318296448
171491397
252930221
369799248
198374242
521379160
32743596
1175690
286225414
324105973
286326257
270228818
498897880
321889662
412303866
68986307
39304322
239081271
57249518
77035086
195097528
5620963
221768565
14780736
405148873
534163941
224953741
230681837
520087895
380077369
217133218
295796833
456210721
369802290
744963
95487572
170595906
522658820
495379446
57811924
321457495
10404206
108102193
372107179
150315444
107248888
50771035
190226171
166299001
171570618
496794225
263541120
485930022
160521094
109273413
205306380
441239090
413406629
214376178
502041599
415533656
374556524
461951075
453122773
364911693
114056109
504643775
464660344
74472022
429819489
258828602
11268199
108873849
155706974
471289946
214422067
231930784
99896390
459887735
515227021
352496965
1538647
110774353
434322834
399379064
25017652
276574670
476919321
481428000
115826985
90295563
182665221
33000253
148988082
256633313
326977364
460202407
496092711
378585027
432084357
1437964
111925146
370241739
290392385
460115342
33395238
254660225
305929679
20915890
273923409
36846545
367084679
74287234
458910083
161887230
57879074
126621882
410375674
421752354
363880595
128986146
4483726
97668744
261565993
103852991
319676181
514104950
322180307
326419907
252629289
284999244
227484370
136830238
68377675
511653558
482545443
533491263
215777853
195926901
382902974
232964178
105043053
168286703
530589796
253546629
313689212
105487797
8884297
249955569
491403228
31343707
16631939
503520919
202343582
263752537
104804571
413126751
326691671
368456828
404290618
5645035
257302169
393618412
38509903
10699413
282388000
109676239
6489839
120484605
285673245
449084107
531848674
119750492
398059165
449443628
112798689
288677659
18217274
453301862
291855560
523767592
345575268
356202045
491703666
265230135
502834737
466194443
459030121
101904847
182085644
141573412
362050279
420601815
348273510
527391351
398061108
527842466
214378964
422309497
177759533
274605471
33035768
488776930
505651056
507481518
131109098
260966504
442185243
294668134
89710915
2665102
228605890
255442105
404319688
7076005
336233311
54263682
89285569
464050966
353256788
42753487
428258958
361768454
63436240
399755079
309089870
112928364
144683120
210517105
313470711
83759275
190050014
305341068
253960967
171224391
144112148
487607662
472730713
344462644
118045124
473372447
238298001
299363351
327038430
149772197
397240485
113207197
534313050
38048136
358804569
424236468
146147730
30805544
95017564
504132048
449956846
192161206
172003245
425965156
357250509
321702080
447546300
263941827
427965680
425889043
498405941
507943919
188066571
257311805
124318536
187733801
179528120
527363862
112715841
515493690
10152728
58690826
175968080
125932587
128072943
284358021
375720023
74135117
291010563
441291758
474990298
290554857
202537821
143713465
204378026
472703179
120233945
499977349
477495037
308068583
43525573
512196132
68128809
466318568
460564812
501499388
493058256
255210537
251247859
140517692
41556433
92594850
345624804
470969900
192617491
67880271
295601452
267512445
270463183
99379968
358121441
35200972
373682929
337749287
218711810
112841752
263860197
351248967
403665097
61099002
468240142
59391536
443626616
182676836
350205846
387373706
240892239
468898237
273383363
511645061
343575639
13611780
436103078
526753615
67580729
29328079
145459233
211768719
515608680
457403608
298031457
76819104
230441472
28738920
270241547
83380010
220579808
9387266
169316154
159196924
205054305
490045883
72370988
13249480
372960275
515558758
158564931
287554285
425500721
271441520
120266331
93374456
255823731
271351125
527838511
450625754
73987871
12431991
529449655
338895161
247086346
53270352
130076234
120405301
142703
432990379
115099526
213403609
455540749
182731269
157224955
362160381
198589877
181252653
442528275
338619300
217202484
497930230
126459916
495165334
208775919
338919663
114113564
202919110
220723393
506724169
369097697
103901609
258986626
528432381
97297987
192927198
337199406
484318724
246693310
468871051
511053235
364644818
242159230
297077104
492651165
48561604
397063080
31678471
440305370
140572567
45308361
320341789
49576937
472729006
517892047
191574630
199145606
44167780
185315105
528097696
407717669
52499054
103182916
215759113
441003917
22851721
367741527
106386120
42766290
314838014
8030713
106342832
267327239
347655839
432911180
60312347
469799431
23401580
74286732
57155334
287349024
220436015
24822076
236022453
532937849
331024746
362458005
293748383
481298444
291769040
222750778
49621677
136333299
125387159
462832894
111466253
269156883
315461625
191670481
342698912
152833031
437858509
203532238
57777826
169481884
239761523
487292706
292541319
314207121
273138790
420323869
381900872
186299358
295897584
358006757
70358258
268818366
491885700
292827244
152476619
356549592
26429071
336570777
354390466
89381163
262503105
319001878
261651110
345793695
248053634
167294814
82740197
355534201
102320365
473948043
129572553
518181981
7543098
136953390
370558022
178815951
415325224
521357462
260676669
73756005
408890451
523196937
55159161
209040897
241869173
162318406
245910990
444509262
389441724
260028325
142715889
397152427
211773394
250860400
416964166
510152961
244728011
110020596
110660170
482730318
264746547
515613463
23943221
466237376
90489144
2683922
185740536
73429374
368266101
48666305
137087376
277282242
262153071
405724654
452291026
261469348
429054733
238926800
266651518
260484731
536055442
259272477
168452936
416039124
161233628
488867850
519643788
265609689
278524165
242041248
23371550
392682104
350850233
29054410
381832947
137323865
225934209
367738484
302672292
10758920
391038885
161027315
130306419
418024705
232095406
408186474
307925963
240167941
528477575
445472888
54437369
371418595
447112682
136410480
2914147
127668603
460666086
162372496
118337529
259919251
147149959
496378750
201316886
215161731
336043019
353218419
399136711
104609055
154686915
45593536
83420694
106257781
296388187
251795425
48918249
263791862
400271297
518853983
2693602
32283981
220285835
193609636
94547885
182067849
42959903
402313482
137375704
235362322
333376248
75398858
272259168
242169544
325680325
381767468
527169946
328902938
8335956
138221658
81793049
162399827
144738123
513348638
52924795
6699942
506992074
203381830
35464169
53394077
436593326
414705394
294743630
123113786
68750787
475073882
95812370
94425752
503442564
223728693
351309823
497179626
85547110
188877308
56701331
428458811
429336065
450236116
283721090
384018135
177274563
66048776
3359913
498223480
169395928
492411468
144534296
1391588
300526795
455492584
377640693
263142265
337203192
527043318
465452766
144708730
243636149
459142089
315238135
330535209
370113145
530281047
243008008
182472841
107138925
419092185
20680112
96161378
43905473
295776737
532735631
288700342
31832168
111856380
342220576
2607947
126183417
535041956
395037741
132897635
255545303
12279504
200131272
83720875
172743092
46350358
194832284
404112222
441445874
193001159
312249924
68399575
122470014
259526925
515338630
153855291
44377556
245858992
111979819
4336780
361053170
180133313
2705803
267116531
309798848
231620662
266686263
446209353
149082065
384733010
70892015
446228235
334195110
320432420
253946637
81965048
72704811
215133274
210212120
395709592
178646736
467132379
101416570
93277133
78632831
492871041
207351568
281930361
357416654
96955608
22486999
436688665
418190103
69822026
469015444
395812138
113101953
443365389
520900634
19762389
240425523
352283168
79325343
328458295
536520845
281173172
535265616
380561678
107866336
355298457
468720769
122606698
70904473
115332732
443348463
515716844
380735390
516523116
350817510
367772959
139799258
45130646
33016615
28914421
306774730
396378325
532737775
450266864
335652387
250016645
14662157
153163226
253237001
307629044
33826117
345845846
303417780
14395942
265549196
355049083
128394697
343245343
351401907
224365529
528307547
478901948
291730452
91854500
341924173
425891371
459490072
511946829
94951505
36919436
209226312
468324895
206913624
454914771
40942666
349018448
281873969
353742731
395982932
46706702
169737475
101605542
32125943
257735838
222695546
177040839
517363382
386451930
305973510
360481939
172877637
220419143
465061146
428050755
464681549
63206881
221669672
330431271
376335313
112246402
367709498
108437185
485433405
487623775
346249225
171479918
449194113
174780813
247199955
213702410
107229772
274490910
396696909
191985564
69421502
221359037
299951400
349748245
104030147
437813633
351664661
348057215
9633552
308335905
162524104
240577893
145526795
72656043
285291421
376216546
191146134
528671917
523282699
337649995
433409049
259582619
501396757
369641010
250255858
81004844
258873211
314202421
504553214
373803451
472843078
121131680
387408552
137262127
412113467
382203771
318932738
414172996
237587956
243900233
326232546
125002842
310098629
454123984
284513857
404589683
87213945
349316119
23898262
209431764
200869658
330081567
101590468
14249353
499372689
486732770
133092679
336308459
371996356
267230755
279113484
300631324
30016789
447357916
34417713
149038400
22117526
182620347
534311685
83551315
254851488
142119593
400209459
398397333
194331760
141082309
11858443
334236465
168313692
160969648
38291829
262332573
458366722
312232445
349199528
256300140
241934980
333124972
119819015
108137721
254097916
428705912
11197110
419335152
348487959
277425160
478146243
142844704
242412158
462002923
107646174
516741500
262256163
332264097
171543269
251482204
404993196
150065009
151648640
267521066
345869809
510995305
395887819
303778827
168024951
523107008
487701306
82961099
301033514
285055981
438410369
264877794
151729752
191388420
4502137
6038103
380061271
223577422
110974583
117874596
47021649
284063205
377388580
406425380
191270960
51509019
295114494
197573792
468370598
23848881
487535013
177222046
63591886
365437956
138240762
329487756
301720719
363890494
414525550
141139698
101023705
60125267
443410554
250795370
104199449
356975159
531616832
98159370
496403129
216805802
10350897
262637764
135098383
61400934
317357160
356822815
206948636
82872797
46712900
47596254
520064896
526601844
512927417
366958165
