    -9.80000      0.00000
    -9.40000      0.00000
    -9.00000      0.00000
    -8.60000      0.00000
    -8.20000      0.00000
    -7.80000      0.00000
    -7.40000      0.00000
    -7.00000      0.00000
    -6.60000      0.00000
    -6.20000      2.50000
    -5.80000      5.00000
    -5.40000     15.00000
    -5.00000     17.50000
    -4.60000     20.00000
    -4.20000     35.00000
    -3.80000     47.50000
    -3.40000     45.00000
    -3.00000     50.00000
    -2.60000     82.50000
    -2.20000     85.00000
    -1.80000    105.00000
    -1.40000     77.50000
    -1.00000     67.50000
    -0.60000     75.00000
    -0.20000     82.50000
     0.20000    100.00000
     0.60000     72.50000
     1.00000     87.50000
     1.40000    110.00000
     1.80000    107.50000
     2.20000     92.50000
     2.60000     52.50000
     3.00000     37.50000
     3.40000     45.00000
     3.80000     47.50000
     4.20000     30.00000
     4.60000     27.50000
     5.00000      7.50000
     5.40000     10.00000
     5.80000      0.00000
     6.20000      5.00000
     6.60000      0.00000
     7.00000      0.00000
     7.40000      0.00000
     7.80000      0.00000
     8.20000      0.00000
     8.60000      0.00000
     9.00000      0.00000
     9.40000      0.00000
     9.80000      0.00000
 after hadron evolution
    -9.80000      0.00000
    -9.40000      0.00000
    -9.00000      0.00000
    -8.60000      0.00000
    -8.20000      2.50000
    -7.80000      0.00000
    -7.40000      0.00000
    -7.00000      0.00000
    -6.60000      2.50000
    -6.20000      5.00000
    -5.80000     12.50000
    -5.40000     22.50000
    -5.00000     27.50000
    -4.60000     55.00000
    -4.20000     65.00000
    -3.80000     60.00000
    -3.40000     87.50000
    -3.00000    125.00000
    -2.60000    140.00000
    -2.20000    130.00000
    -1.80000    145.00000
    -1.40000    135.00000
    -1.00000    155.00000
    -0.60000    185.00000
    -0.20000    160.00000
     0.20000    160.00000
     0.60000    147.50000
     1.00000    160.00000
     1.40000    155.00000
     1.80000    145.00000
     2.20000    142.50000
     2.60000    112.50000
     3.00000     87.50000
     3.40000    100.00000
     3.80000     75.00000
     4.20000     52.50000
     4.60000     30.00000
     5.00000     27.50000
     5.40000     20.00000
     5.80000      5.00000
     6.20000      7.50000
     6.60000      2.50000
     7.00000      0.00000
     7.40000      0.00000
     7.80000      0.00000
     8.20000      0.00000
     8.60000      0.00000
     9.00000      0.00000
     9.40000      0.00000
     9.80000      0.00000
