450544372
363347519
460223624
115369059
132997107
336003604
36775540
98745241
289859730
369112816
407435292
53978857
207426949
156910159
248289811
228639601
342822056
315222313
515813762
192081481
129241758
48851603
192883395
492753034
108340008
505168096
409367562
474104171
8532534
160938781
73626214
404950998
290208934
83285225
337750045
48841817
329732854
209384840
464952200
430343420
260556581
266879048
18670730
321323703
491404402
257563983
439111780
494369605
13464896
117047560
117954265
181367207
448236053
218777560
196762960
19140939
511330518
376981326
202441483
375814351
400119960
39274330
151294943
315329220
31725612
483297349
328990137
341869823
422142716
284423157
535285670
291060501
49456543
514184699
202204073
59540233
417121356
184085367
21446250
32411920
113229993
172845896
185380157
169600600
43287154
133318325
115840417
210906812
6137381
80873753
297432436
57312142
191360184
190257839
73558410
161255636
428128956
137412635
233639161
489460764
237665484
29111768
151865416
271224638
187010300
35524544
477701997
59202030
217670716
346622728
348536813
318211788
248494017
116983702
24050209
92470182
122211463
42077197
3051401
279432411
254808131
95644807
436483023
127996304
17744061
354959081
434117721
13531578
391409730
299871069
484373680
75570867
12350284
156927981
383821672
433151606
495175129
328671790
160184158
249027156
372332545
62570522
58841626
26630501
106572402
508847759
168455463
87774608
340462960
164352356
19248993
442527655
172919009
30452679
437284966
467432837
463449578
340795911
164738363
422822743
188024276
40219862
261015681
517513522
449105577
528278281
122694451
45468279
262933110
452078498
321029658
460610635
266833681
287016038
96837676
408966406
108154011
285300347
140865710
160200477
347708126
320983409
229005020
210088408
435318466
258570345
496368221
51670510
244226156
472998772
513128797
70662150
236484825
211900663
62221337
381793287
272996769
198749414
134255406
248765903
291645834
289245995
473971153
156027476
30332544
278277208
360662204
91861882
375003570
103161295
154717893
232743396
377955294
498711600
133207914
101302497
103781826
112796158
237300921
279159384
458122632
221660906
489618913
500803357
372227335
439029751
211016884
121464041
113144386
535999059
457116720
260955718
270259855
350663905
316959188
337123349
51315226
114770586
2042911
161238738
456869958
374858557
398555625
196583625
329598898
108369869
123840827
229318709
363628389
275152409
313524223
173894537
448662163
373033009
304920591
17385745
300475649
466497397
406865338
126543450
182868705
385557924
43343547
293766134
156696889
288095505
316169282
456712199
96204122
489078790
143559615
177032714
193752239
491639092
321393100
118190197
492421631
122552219
7799677
295844523
517300236
115245748
112315828
287659596
168489295
71576680
383627133
43904488
41382367
61345941
282174484
427779737
42855427
333863105
455537227
492514938
12741593
332494778
314707664
31535474
263829530
433056907
108424177
268669914
322021786
206962618
237076513
220323664
413337193
177115221
232330386
341405123
425880460
405471678
269546465
254648494
125037457
211685679
400293984
160138911
28058820
133199312
351940944
421751659
219100482
260468056
126005263
463023428
447709203
355993064
62260241
2162868
339761860
110628397
332681587
258390938
517762139
307295181
245531614
457773422
276130406
122458605
111052304
255475307
484997941
75228371
50622477
362849429
299027431
475506954
354420111
179810511
299711526
115684156
114511521
330521212
414807659
20403285
314090130
41542631
204665089
60595916
470720997
491120860
416530707
388614149
307098707
80227576
315733752
191433972
494045468
165366392
515005311
244052277
389409893
121230198
280178526
19419236
80045499
200492789
98463940
102642826
199973785
157733718
341609774
105767929
18803219
206093224
216306959
236666958
23926249
201683775
18141829
304750358
412985646
516933939
220324427
250644007
61206008
457561515
282339383
334500368
254599581
252856055
52911310
512611922
141443653
424756903
429393209
475587540
326734752
476196192
133012383
310275192
38445314
400482505
510921707
142358483
327107231
406586074
468661594
122118657
446756099
161318010
138901252
122415995
507247711
457953227
88458042
405805096
107301611
210593733
380567242
359577798
315147039
379915035
283799104
11427554
254645779
484158665
445121381
8618472
197608439
505957872
354620134
172071845
180944571
180661487
112449475
520398290
78594894
42222516
44605294
65279343
383552973
144597867
4573009
416260333
236664512
131555507
219183720
334869084
463785241
64224545
406819955
116648403
61040682
190105131
84945114
101008675
272268943
427828087
213385924
425098865
232437490
414836207
365844891
75330902
385197220
639554
275976310
512809377
335723715
473405980
481286599
422748485
231907658
345570027
38428701
214429692
332837571
93201550
11726118
35877456
480669391
406435596
129826440
317855477
369255569
139166187
340057366
454104452
140735569
311656446
135874097
304490868
216108625
270782684
521011356
102457356
17536793
308023183
313663247
444280063
188515968
39879603
222146575
439406455
254362457
218282341
421912409
498148313
396923156
207998980
427388741
339809273
106952584
419823095
260133838
82897340
176673937
40197330
446740210
515425762
420552167
74323189
3820631
297039099
496195301
371929276
101526715
3760592
112092817
74583909
503897098
407770782
58620476
216816721
388821236
191181899
360308428
45179490
72882119
106904092
247015754
53202003
435461875
526368235
119799887
106376524
376816176
266083931
20725900
76446749
464845433
7827607
170145326
399743764
213406804
198934989
406414085
5326290
368946103
351008972
525954550
536514231
133117063
207798680
126085134
192783394
393549605
240986251
309661407
418281722
255478127
362723463
84955467
360939945
342700977
520169565
234898976
43733427
126678418
452131857
428236826
440553201
150812457
341862762
293865422
294118720
296485590
170219618
247211783
496596802
115633706
348490006
394173664
88192070
119687727
273356764
149981888
479249487
302996794
532298769
38491452
520988775
178637590
175536967
491960458
222301569
2692995
505916482
507244020
79833663
48726299
387739452
465700000
158202709
71306448
311625513
238682152
349300937
62398104
303985327
372483333
304206088
456093892
358827787
224099258
478725967
172407341
97488806
383797469
69896955
12391815
66514073
184605607
524328122
41314760
269058810
371212486
453066514
106712322
105760229
277146742
16789262
322823545
489494223
140059910
516879322
436467171
488838451
218883689
344495331
438899268
7339253
64549290
411977271
214445264
340361642
534835254
25352887
196697077
409347246
377791592
35788582
480537693
333478020
351865143
444037772
274239863
481756837
296616832
513969323
30772973
465913036
113564312
218899852
304411275
522193169
284908238
261376639
427084309
518945977
513164457
164455139
100905672
398923408
450500612
515491513
255234867
185493887
47810239
282057066
87227872
445142815
15766313
130029104
152129231
373897524
398097006
146269813
185964118
424892523
76375300
92907740
246285207
453851629
112734590
44009495
139653533
106255248
31579534
78970918
339423573
446920693
102709396
161387248
187007154
124227503
403611718
12312057
8957522
237989940
426367605
209414753
506295479
94366616
427077838
480845140
345926767
516399230
108812900
183571736
417068292
14556953
283519496
342621888
433039221
301209168
216585388
383563801
378896974
403967131
82351321
460642432
317289812
434575723
411055176
98168853
70779569
400334949
489616571
443385615
154157471
196024187
502803932
18204214
145117322
258819851
371255125
209638090
185410664
147348685
494022977
404456297
502921675
97799961
95325623
245675562
263615312
196592654
23809077
533251156
178822991
476143247
48764668
502182549
230860379
141148256
282851665
50526117
160209324
118431125
526882134
108235790
440458629
397179518
157759522
446541938
441412899
343593975
376727680
117760461
49173983
94443218
439205412
83272372
48923837
234441915
479171030
270488039
147244891
422298343
142297328
334339201
321082785
55819560
301153198
425991317
158079619
121063588
435858192
446247470
443153338
478274336
509716378
440567610
199190814
299379063
323130178
272351144
418867169
503668479
117673624
494763643
298784926
534630402
448517864
523186608
132434881
421261967
416523089
213741945
36563606
191705328
351580538
49682739
381934689
465500606
258937684
457435394
33844331
435304144
139273669
510501930
186299631
11977601
427627684
215682876
267595267
129085675
281285031
367207007
390158332
529582929
439453041
16153342
291320874
429744707
282889662
185656923
87167881
156264120
266719628
468295037
48949218
251222087
414973764
471380115
31384856
9470110
167157067
296833560
285730665
434624204
472885262
69077376
341840002
283430590
365100294
28951280
279290777
46827876
309024044
127129300
501548215
11985337
11480558
45973896
30611357
48849656
130911078
359732494
422300077
287171013
145957249
294534611
44425852
214652926
17866806
374324693
263503570
285889932
414077106
385431874
501329788
483004348
374642645
520364406
372424994
73036000
51432530
200492119
405827197
474270134
491465681
418449068
109542958
266399300
488590654
201061949
484762172
400038322
217894323
437705052
370731988
314889256
60735151
334944277
214842211
523768625
174246825
360300310
51009551
424455071
425471778
330225680
85297696
281841281
460299874
73564084
497724561
407625706
504177703
362789032
245593333
418831911
420390342
155201288
453859535
383570729
378456437
532051059
395340222
67732834
197455147
132023914
470616478
338952701
460708088
459136614
67763863
19133821
403134783
487830319
175451990
312626081
346115469
352517605
363311534
416811331
70125116
450523446
514856044
387776386
236210465
451157939
386601018
426990355
221620316
354806129
113848270
274496833
205519969
49587828
491253398
480666900
483778693
285770482
160611212
274905182
526651709
490143610
115381062
101998649
45441386
380355644
49422160
11568254
386568934
56392241
190699864
433549201
56381779
429124837
435590007
224415196
236608911
114051330
74598054
166124099
516654864
340016733
125944414
445305869
933816
253042141
413414995
10794463
208591694
491298925
451250599
480891135
387177661
90331666
4079061
274981614
107564988
220671954
34693402
63278025
337077657
70594550
469560215
56619216
511694086
324658052
352861688
432835620
277412584
227903135
197387214
186673541
226660669
126207155
375728058
275812700
367959965
367044554
35172252
508755358
243310720
248843850
340729977
461197057
318828667
163239696
433983066
89155694
410320395
514298600
174363008
366780446
393347053
179748124
215069209
20717591
92005494
515488233
486405329
44747094
89719176
113998542
488478932
3379279
493894659
529147617
488046321
388694247
244102887
219129909
334373772
192924863
453553511
192645600
162029575
48453480
378243502
249200606
359296225
300659992
115845520
412347430
158377310
211576560
363599697
141486426
524495880
202276109
239646909
522687765
177195577
50346605
514184821
179366930
75087233
211247734
179008596
307451103
226070444
177572659
58371151
239965756
250859260
340250141
412971868
390541357
175175946
154020369
291623827
111912864
346566938
358392538
329426940
208002915
415971827
520136503
208015561
448327410
42260524
470919276
167084851
413851758
448642862
387480315
416624333
310018644
223048741
309708503
12358480
527012092
400138764
444683474
153257792
282588794
210013313
166073998
141814327
112838552
34250887
479155289
458134629
421916681
53629432
520446634
341550005
529668294
180748563
96861854
204760182
441403438
471017321
135548553
296700029
1638133
213527556
499471950
193758875
470360907
103319343
65572931
528324931
197015397
335556939
108876148
262507
397690475
155435358
458620292
479342618
502977656
91441023
20031237
368270325
153634548
299394277
449104870
470406954
83934191
449736831
456051595
277646208
210690577
520837740
168081624
276081423
395315415
517102786
102595427
411089532
239056639
302900401
394110166
21755792
428650359
286195624
68674443
448700736
138967374
20730091
431247388
202734634
407915670
236915807
317086013
168100599
487892268
525505444
466582797
461193397
304025200
312999958
94350008
86169667
438284097
183144899
356492748
121598081
508276241
34930485
291701075
76018081
423356181
110214796
179382217
187550630
506088229
471318235
19972571
314921005
350086223
528530521
182216133
331065772
508887124
398669259
139243695
470005714
277153611
408605
188327632
300771183
481475918
234806596
311380854
86257304
315437462
210225872
377125662
266992606
11953969
312249518
535430960
493730962
312741717
306971847
451967989
425803799
330018502
65979628
106787768
300305431
256358375
172124177
35643840
133579878
206144404
138911380
294809888
527051699
22205886
62275981
356492939
514629440
12867471
401688197
501568579
361020465
354432381
66424870
45647946
303795686
526646255
281607216
286157372
158709157
62897144
70154901
149978934
197831050
149576389
92795716
397724246
189614584
293224088
458354177
478647122
125204917
134412769
345228594
10139366
221841858
356201275
49016194
107433659
346961192
304014286
472176839
190328377
478190111
509503869
457502369
154344653
487069224
125824448
443694827
483358316
185917658
480028257
53798008
117787689
356417584
301145775
518792089
202811407
166695511
201896579
461054751
427367941
7619213
408678974
364293129
346614574
147853905
260301123
40274986
100442930
298017607
13357570
121511245
74310833
534809950
169971483
141649958
67716602
43529524
113538732
333116467
101890139
398454004
18551206
321187534
236887158
51254255
416779237
65796144
402143507
390667442
420007696
255786304
276655198
358324651
422924644
432300365
334465843
10075667
213285173
57953390
173476733
456963007
97652688
188693596
462053731
396647538
53485979
2261744
176825121
113414118
504490392
499451941
142814779
241070792
317800014
533216271
413890864
342772122
487218598
259210498
82203248
449819849
297054801
183554795
213730477
531135148
143465637
484305782
363468468
350969061
329389701
227209820
48018429
60590835
488969804
414416319
48384574
74220534
322215011
209924358
352159398
391309178
47250522
18663440
394619989
342035760
505665179
120203875
3993371
162883794
492009873
343869555
484246651
155983318
111795626
152783277
192255940
345541048
110087696
317743670
387725808
66013405
374223168
384749974
154634143
318449784
237843636
437226132
192627802
375710276
485080428
281682285
248548786
266251556
136417440
505186935
290638951
312782862
164781514
100757606
248031217
157236553
62754850
467384010
522975641
308521554
427110001
58293425
215334240
515039216
511892142
246540043
256354643
302153728
291811135
318757101
260324623
532178546
165552604
178384756
181848382
531391180
252086944
424950743
432099692
255735720
86904688
256683682
355377557
92029122
250108513
18739161
143549576
116278574
135877057
278469584
118012650
263444144
34696591
177515888
254883907
495577457
263935683
357921881
123279693
180146862
280458220
379360066
417709201
334327750
282822332
242791238
258470725
301097106
357649394
318815685
327939781
369967952
161333431
32922306
119839468
399767435
448097452
233896714
55096794
290214444
196544496
344555187
530225497
65939289
307381496
103335398
173128995
153192709
379061337
403283106
133877820
90512002
254552485
440719729
62091871
64984072
151749544
224800255
72716640
517094426
260961906
319984741
468810197
429922072
321588956
493779979
256405476
156160375
523721166
86408557
509851529
82763434
258003148
187964838
345361359
186525091
261983612
512366149
135620087
447185233
376117955
217265294
50922344
276428614
176664449
332615625
137214054
75307179
263220161
464920790
63020602
18302787
235402937
297597257
265327382
360817162
412597834
203656841
288038042
226104222
260886128
275954245
255282349
478628858
350447065
362807504
472548879
44614275
276183431
515809612
481060802
17139007
406816525
332002296
374574019
487703857
206379629
97145228
139720423
163043831
187633455
428647250
189399064
403305440
200564623
145907598
28191559
238459390
324104641
283615946
229889019
170582474
303345305
198846224
195305832
330362431
296526707
386515183
276620877
48606337
468944721
160207558
140479933
94696853
396042599
132402649
42283180
485642527
143266996
303573608
289093316
401927120
465921895
488775824
197708823
398972938
483099154
468240706
449271972
248037807
80173313
37149742
381104302
171582044
169293608
387470458
315642987
393899645
122029036
11336707
401528645
291371307
194359243
435640662
445988543
209229518
330166527
361102061
529207199
255289272
279502886
98629625
78577495
36566284
90701277
294084510
507612881
260914907
346720642
266893685
409182580
95787443
22975968
292948673
103375145
278989721
384375799
352379910
374431428
213867263
274731987
514235025
453543766
107718361
495495907
110382640
297709925
460269828
67061770
370254313
238825809
265241470
359142663
521920885
408172412
258162879
316202697
162420405
522342495
520455199
337494588
244980257
444516727
251482848
200602985
505597254
335772657
246069350
262065782
278740128
22790736
311708900
301318725
115957716
343747800
332905923
513429921
481597803
497566973
158865709
81817552
1516755
219318594
460052877
193338946
418154344
417362142
386927869
42661064
167725546
289978129
444457242
60117833
302925498
379408027
226368480
392206545
175425605
406908468
490431906
484397190
231696855
26720278
399251744
524356070
15582458
219917043
262315943
368210535
339083311
206962003
295448019
41755456
114509947
490848183
305925678
73344991
159105045
143312016
426912250
127259780
481603909
433199350
88481661
272787800
336657057
11936235
289606079
317765474
337985178
206973968
527665988
421442483
378044618
38669195
293090400
505784978
328124439
373651623
328259362
186092614
457957810
418413549
287382795
194662683
175302914
443248702
206050853
508609265
398543148
520899455
516658689
15351119
156032747
361110873
328963486
96099467
77578755
111317448
473806286
58167002
159460214
257305044
15356185
113682190
503639837
465928797
314635440
218735509
479303790
533512756
251480775
463118193
385237121
449134224
210867914
159793362
30261205
75719439
155330153
505614924
332338008
303226904
89354371
118701416
206948084
358553392
272631247
153707172
90414208
172380682
405427026
512019227
346356620
455650434
125292184
252146369
120515806
156609521
280016253
246791660
334391107
459938023
397787694
223396314
287618199
94390451
507665838
21597585
520956840
442521096
486302239
341702113
131998069
242910805
482398644
215624623
429385284
53305619
363580941
11234249
447667005
482673114
505430669
209740347
273143439
380817626
449457695
222359699
516416469
375389606
189510020
29533323
301133275
396437159
444152532
523053168
255137493
254997416
262466985
92407526
422409830
204976142
280963485
495292634
39171660
223796959
320250208
301587387
246190658
470582148
54573574
212959417
92936304
297437232
159317859
50406669
209631872
318531029
123185470
438933916
188435
375332243
58357767
304393346
467157181
363328320
65311369
131890118
30009619
485917623
531031612
331560873
483214157
224046009
471679931
231580124
270881233
473486569
13287360
360025814
257745821
168417396
76621637
82665461
440344297
55244732
172307313
5896938
453350592
42724154
185272867
253615089
267074974
474753242
408973572
317626660
372065524
411298127
5014629
149719002
218602744
420747284
84344698
23216135
53157596
55380723
483078540
438526366
174525312
9428956
96678282
351270155
108218132
211469641
369452424
72666000
461757334
237337885
423105030
120031895
505396296
21384392
152456824
422277052
357843988
32909964
400832374
299389398
125955009
502720652
83765044
457351418
513797934
321388191
399898380
27304455
470714130
303427379
504381907
44536709
479060743
464728197
354545912
96109761
175738923
25991646
281262105
225532706
294826588
420802014
55912896
299055742
242201445
2957537
528343923
439451528
22099107
274850894
473137737
145562524
103526905
217846933
109102364
396832856
450392331
3936714
320680391
431751650
6889241
20888814
398639432
175957545
186395521
335723316
523359719
100614508
186800945
402448738
80468092
353676317
241365195
66172398
333952876
11639557
294532040
134399746
533929324
425657050
373301306
164208742
186280741
372615517
186502282
461683948
280748088
134968105
531798088
79632750
84655252
266880633
136747096
481184262
359986121
346903213
238424376
301963333
384351587
59606076
434363272
55219308
307908085
259239869
24635057
268212517
390510296
459481794
219364594
140186867
312119204
484699381
378254823
144237900
63735473
515471405
217226078
467975381
14817830
389728104
309748066
101563893
348027331
514856724
482277319
249703598
343290891
22802908
4899456
226986827
431901078
473033002
399729872
468666658
440294526
249382807
517064782
317340343
310966928
173840315
481198769
17524398
84906773
346261635
438658453
531618846
115800754
359457140
425201258
275767222
197192796
281922308
84989255
381917114
406409734
440684692
491074791
475288144
278134161
70927184
426609813
438367216
232844025
437618032
382467937
487653322
131954191
118135015
121757833
467351158
394083059
196359753
395339343
50168574
267663583
115086696
121366494
25821499
313344502
522176730
315921289
460545128
478891345
86047260
335233014
190230900
351186479
452915790
18305400
242720552
478735410
57765936
313385288
454190416
433104381
486000087
113938258
404957882
353130131
232495648
51875293
250952817
433626075
117403333
533235640
55694962
198817820
356287416
227839029
361447645
235664366
154527282
181539421
443217596
275906060
11136576
73007821
319949966
119497800
466629910
387922486
23511929
84434799
377625855
188133269
482892929
384939632
171852907
19823631
25379057
496412649
391105931
321196860
259414323
80127724
470338932
360083516
107699084
3240399
119320745
220373183
111845515
17947181
250486894
120281074
243747096
456840801
329310256
390956183
194752011
5777909
166386383
489914422
91655374
56250873
446118831
38777424
149400646
238635368
204668140
98684787
157879961
6367954
202554167
228584070
117456784
64750080
423005977
201322924
96082842
95494382
403212393
289848027
408348517
82618852
428360639
9713974
135944521
435352557
286085869
210027754
364218011
420973688
184368424
504269182
276736692
432079535
535697889
331840428
210593375
366928308
303130115
370889506
78639984
528433093
261838754
525648460
122916683
141134840
444133173
235919418
293104567
73790671
143691281
428963809
274647017
109083913
501537638
131107248
253347331
354222412
204896058
422433132
473958668
150283549
377789683
300063269
492212655
214888725
146083517
318379883
232951556
155581582
194591847
474916029
413670068
507410830
103936372
208458397
167778084
248529764
424738264
364515172
231535190
517825161
175270800
181774909
309044012
472463990
72547965
321933713
78506018
120091828
478478823
61427712
278728746
29075343
300540454
76797543
348829852
71251326
425192851
229550083
61220054
66549721
311996963
145574060
233064042
452404153
104497916
114680589
4147735
175432865
525095188
291976664
271538456
381848890
261024943
162229121
63177705
237984742
32998589
140465901
481596658
209225188
59119327
523799713
349998985
253977092
362490206
24258308
343283623
524620234
276726188
78677528
298638654
231570336
503642947
265360939
419467293
386443589
313267042
518123512
264102575
323813277
326946150
355315105
390413680
297365410
496361416
130002175
209043707
520869211
416575596
228000871
214511198
301085878
265520844
450280956
23525095
384917932
94304820
392840975
423007352
273724575
159764916
427079559
419406353
16634355
14175583
271195825
141678215
474557189
141045628
454794664
436387313
204852089
407005503
428203990
342829379
134526096
26863879
125949363
358460529
49552218
134842539
205564127
386619711
512914021
176716853
277225289
242252266
375444975
495147981
189033062
194277203
527546942
444004744
115661555
471848880
527421196
84933692
82251422
504963995
381610962
136332431
231462525
405039673
391516440
315325182
323195490
333403480
71820204
107177532
215754977
478870332
337312482
78177378
380494531
322732487
73963215
76742013
212151354
114779231
116029297
70197554
359000775
449092050
83294675
216209395
444106959
83369736
304194398
500648250
244624553
495980538
176328760
294257414
520015376
437476249
486905787
5529212
387435218
496565516
351224122
86641977
248818457
431698876
409671336
220546646
68683131
439883666
329894851
504777155
36392236
442320807
316718007
363635980
229218465
432016669
189282659
415860997
303775777
474144730
188322454
231471006
103850815
170282147
130603245
235918271
208974676
293726898
490381971
330467604
420418894
226840941
111908238
399728538
226960826
500763708
234139254
147022444
405194462
190319990
246038071
4681467
171275986
110690258
370723316
429178671
381382345
294830705
536349210
278345817
311420781
53556466
523749896
94718490
400298996
87060853
197557378
23741560
429772422
304888009
343891441
6822945
313461823
33550665
416344491
393464010
40209792
158807622
350693644
530893449
456004075
392869135
79810021
205006929
236794499
348292821
196514958
212450315
151709271
401648055
155461814
243965299
393883521
197933694
312600455
121270776
507677879
377554463
365210940
67727435
212877148
208195084
229693331
68409419
501194369
246822456
272898199
376826185
406677447
171595261
340977855
112079303
42871988
520275510
203899574
373468903
383629657
49631524
375971828
262706574
265206397
179372612
253052994
124297567
310167248
173466227
31058741
477504250
315768824
64590084
284440632
237316946
451105807
415272885
476359276
395479240
387305436
146042063
458065791
440608614
254113720
181716176
251836060
328470920
434396905
166265106
212258338
17996499
83499179
305969488
205479185
131296766
522423238
366983445
499043845
325605322
257827526
341285846
316029520
155875474
363215692
157881315
343233189
531783065
133604343
89706505
446511169
463770718
395175039
3887592
270454660
28562382
206518760
275740603
161647169
348642397
382092078
313107262
396736650
8982423
161146580
112717816
33850061
204486059
158274312
58501900
61504064
331942871
434723093
22783251
484582953
349344690
123113084
170572216
487064618
530083618
127091377
279606919
312762630
498064503
410101673
230801115
284580640
370788679
262954414
114834962
167871666
268426544
79191706
309130774
115017416
362359825
19256015
398933731
112884539
362276797
339192289
54206807
510286895
355635727
277351335
390380573
38352681
260478535
122588109
474481091
34908803
58986595
245904561
287982300
266108556
398310093
497003516
300337475
108407316
65576991
6971376
197312741
170176062
109622459
451710153
248381579
165096832
57369838
225191088
468598720
84153663
300611459
207685224
384348549
173400892
264643630
289219665
366823074
450348345
337952264
304003519
119076278
446657399
78750576
196761793
180421986
303102922
66651718
136175066
303981772
512499010
360162999
55708219
256456327
128293606
145668006
466896148
161763838
361467611
368236453
131084289
14915808
236972719
445581622
308110061
105569246
94003592
420279682
24926778
198118232
420968861
120662527
153202990
471890073
215388735
35434686
115613306
531021166
437292527
134538375
197179661
7005297
139138894
23712096
123399879
16224110
92231564
516869519
92017134
275557382
394514057
75986820
483715328
515308788
342462518
257163589
191205770
517130043
240302131
372118369
336225203
369495294
463467480
82892495
376094950
200096522
90231970
269389877
169385711
8995529
16598088
81302466
346165044
303370937
364669683
295671332
311890331
466020476
442712838
318402216
324359159
272660451
430361359
288363389
272085302
433389730
82954276
525660614
332564754
262311014
107834744
140427677
489776565
23463843
269374940
176185331
229166330
476220060
326713822
307805880
367290107
40513257
20141730
380449390
27420915
411496357
237963630
501776356
521781230
67188105
489187140
459308859
57902499
379999216
24299257
526727942
255317933
462398350
478368817
390541659
302920976
145655907
285477939
252527690
126404240
346359924
470045890
449548815
533442932
75903326
403977624
503978019
175108189
365570291
239107707
29448444
211563446
318367683
311046371
141988942
367064904
369737639
14074921
220121726
396729695
428764313
337396092
184784108
169842793
213001987
92718209
185016795
114039793
311839846
227941919
459787059
346469789
502037775
374274615
410453102
499905910
9328070
27018063
262975261
509719573
88105531
152860219
310359093
427363429
499600333
69465801
135608014
261764607
84307422
466019075
247062997
116836357
429411924
301272258
454929150
523359338
411746968
29975263
26734041
225860166
70604493
244630071
384466536
391049163
339046465
359662975
385069841
522062948
478339750
259864619
259503577
175349648
399382474
48879580
242319838
511407677
19550851
440017615
21975878
37469286
349371364
457996323
212631346
399212674
482784322
76529667
309479863
387504441
23689117
449388172
524427966
182070795
157996485
243096465
147113590
199990660
502079984
535350546
407875587
436256254
406962517
82985555
57526982
33982871
71981008
82852270
497318521
505622290
302208834
528343177
482019600
105027843
57085540
389159540
523685431
444094470
256449152
494031124
472135159
75651833
423779824
27630654
179731926
505604116
400012957
524716645
76096753
319048977
79392304
118804557
162899222
45075527
377716989
305291855
400794695
310041450
64959155
51718282
504492128
379720213
219446335
185042821
197353601
530362088
293033613
52121372
286000740
431236269
47398792
501296013
354049360
10726172
194420182
276444074
494241892
173348737
147916610
446476893
341872243
436588356
65987744
509576805
498563130
45130162
282875869
18379857
10422453
294945526
146540326
107481807
475984474
310151982
83708232
430416752
325104278
164807975
346271366
458659108
352665411
254783922
165931003
536159659
361014833
264160668
330389643
434678407
393281225
391357119
80320213
290296266
362827200
134950422
216807748
314244931
179075752
6455518
394189141
91367992
164438847
126036778
470138064
512200771
271025536
354248827
343621526
366392630
90740222
482445731
230058940
416580271
5320843
442128819
62386580
158419519
190892711
520424144
262248910
8541002
512241193
66771017
27988282
58213451
261774334
370231908
272411221
398456879
40699779
63589544
464008068
291667327
366344273
425885562
240819665
311536033
89303740
267612828
107376867
533407909
69311055
366793376
185687147
178277793
462304938
384230847
116050068
311703358
79798518
518785407
153094375
226916813
480617818
196547220
432595405
70148727
293437197
64286605
201208051
421655007
318513085
332755356
317602149
496721604
300602599
111333215
486515264
301693901
371682189
38009077
9926680
355587271
469093467
123056592
444513642
515093828
319578707
300347414
336223723
233141548
90357706
195070207
120468142
166317231
512444581
247233035
115382185
155754632
326147124
149353554
209960966
449255387
190505326
69520679
527919702
465609007
536545466
120807629
517261085
440518483
514691073
5790669
277320485
182795528
139917775
431138877
7112069
274935640
241183117
170464011
139449113
388647165
479499059
279097989
375992797
373529808
131437654
270747223
202156302
156804932
130676235
249934399
125102128
441968733
318959493
25425962
347633216
371726522
457790311
254143569
50677669
29609628
136814946
415515186
460539485
206111372
153260134
403868177
100267421
319536556
51356350
231603740
160777568
518933379
29186852
351915885
288218213
433930632
93822911
330879497
410984419
338448706
408858672
142429798
36916758
119910839
64811385
131278714
204535842
259491417
192837887
418045588
244611995
508254721
376465236
313104198
105511704
419781387
334836063
133023170
407202278
210188302
480676472
475129902
141604973
320535795
87377654
453339755
157181575
324882020
151734789
375699587
288623539
70651503
323321464
49067886
426800443
494568322
203019540
44051531
496158376
270597599
391246260
397574277
519922799
59738928
177487671
444791991
73615444
299496553
55596158
314728892
46944520
441093427
186159319
29136163
432912492
247510747
121938306
198226645
295248646
242433093
306444967
521790739
99651315
299229366
346782909
242264667
304538282
343415024
52940012
386018517
133690935
412430044
385270837
241071620
235254184
149485212
262290706
113524915
142518777
536129221
355061029
471565877
119868150
472766064
492425771
534975225
270731307
398476721
408021662
307257982
265632195
108134210
390392099
261046073
516837454
64037850
330406797
476046117
361785737
69367199
227621673
408008192
508433290
14109926
375213310
306478485
135231160
75588967
200049258
71554839
45556136
283773278
488014961
361191734
198126424
387977368
51261221
137915765
470100467
168306459
198326036
85015335
211711543
157875685
10212436
499676931
242185138
413232568
495450385
423434435
444229464
496708606
133184569
178684696
448156294
273532511
521314378
11237709
104012996
97656082
436245104
370261093
272173634
210881749
413097309
536487699
373210634
75353670
355498564
38900919
343380474
239961946
320832656
396740590
177652175
86955309
181357981
483512094
258656457
186342917
35974037
531401867
424668080
439268194
179186783
492925081
34939605
213804686
309056680
144757482
152553458
220403597
187593301
212811094
20736795
400737955
531774156
27872550
436153882
460469703
143513981
185653845
454996418
7644708
376166664
168621274
220196853
168933172
391165320
294122084
293188249
351987264
322143569
480271450
322147771
447577085
495475092
122505539
21366557
154524980
2496684
25763599
234707341
531559069
356269192
248108182
271814518
281911710
463024211
354485389
14266299
260898604
70610600
187482922
268037268
67375043
121465168
156101690
249191849
379409008
278105333
246390287
225654526
8425999
327976665
316626417
326300364
235660359
427529848
16731083
81757060
280971312
1630461
170506725
515058310
421130944
529360294
488981681
418210768
394951863
283582316
503204940
415112704
519040301
344724217
321652793
324853124
186960384
20232116
234263297
306731959
127089581
299752236
529725713
196795045
72300306
177908178
492977967
251235546
153664972
334672207
446956294
301633834
252020843
408911421
133081342
322265102
4239981
515241005
487275806
15485576
74636821
225386648
457053448
482615490
517393627
511004472
237934121
500486952
109610442
214055562
289890931
493743637
353692536
464707682
376609718
25170358
84257476
131509489
359059266
292943885
139255870
290060847
358660148
367622583
17000878
314951714
123266462
523511159
163613536
205548398
148167034
348806856
75343376
503996883
13751519
206384908
307662619
144998300
250230208
356918527
123417952
511432001
325569342
273840344
281103652
202432321
269303022
286270487
305890462
143374340
28280133
25243898
339571376
470626590
656394
21847540
70403005
496597919
235120373
205758109
393435096
397496424
353861393
393581399
398594363
432701932
75323333
218361421
509477460
217238612
1547166
373294432
480423448
479725256
442426648
351584246
243170954
291670312
187252790
124597953
91265798
233940450
244136988
49855646
404397842
507329282
338810997
271225161
387309589
176289232
357614831
353600462
155262472
508174019
302140521
267178458
202944165
256309027
390978108
14601498
408604874
62846828
57940006
248749476
358648017
396769496
370681744
38533411
146532266
448394274
461900016
196462032
227171513
446618551
465521885
430474533
138333006
20006026
412067248
182829907
345594930
148765329
467914895
344438072
330163012
511159449
512894637
516585929
358376747
100865147
337151012
292860361
187338723
220493809
229491257
162783429
505642913
226244462
298251563
90154933
211395479
47395683
90825303
347468470
220258570
232103766
217518440
511396952
529931327
531236577
417346552
451805365
440410070
257468504
194476176
527486314
375711444
91535806
183929203
73244879
369376739
455041544
269135189
416987730
113304122
370308133
458993092
79300914
352572010
483339336
25441511
449039156
44659924
32861631
203290325
382481136
242118298
352011143
243418316
46759113
118747095
110933748
235431234
516180925
106141911
276930523
237120826
126741589
342571880
216256537
513564504
146768487
268811968
200370721
472567217
474786045
110507364
352578878
57140638
412144805
70647604
366967462
269232689
205637157
110362574
133555068
230697049
448703470
306474839
116565569
476028126
304279810
138833142
264943271
490909555
414890304
499826986
358884275
499387911
401916305
383872977
379355143
429393360
301399535
507674816
412280742
162001348
523375997
43292771
349725819
128094328
441947030
248723192
259121538
532027263
189701136
165050674
320941086
95057762
501403665
265099900
536510151
432851767
521486310
517009125
70678636
457104270
170217162
395835686
11613246
419739751
313258988
219960742
175514103
457815739
90913383
392356255
441294834
472560350
507600788
408912976
432797237
302791859
385742938
237068611
469182889
29891181
45113949
388934838
188113713
127673185
84948783
355199277
179803274
29961697
533418051
462235625
316187952
303943819
121377329
158167606
57488746
368187226
422100360
470913781
231428510
286684601
316495088
300992494
412203064
226123729
161665509
461275629
192003852
266609729
183922463
205599893
389197161
170119417
491910358
507419531
40261276
236840072
238182565
243277896
177670354
526766467
38773463
197295511
72921949
320243710
261841537
68933769
351876526
500303572
380916929
33948493
200841501
72841107
180546816
341121101
50476821
312784877
142173294
460005565
34480266
35400608
23988654
223025657
354374946
406823302
78905068
11331394
121874448
174250064
59184766
198594104
375569390
31326572
33155
269724338
176311928
43978884
367167351
328475771
139274950
217650803
160063558
120921963
68735724
282991188
315417793
179760956
197470551
115023357
383807501
134668875
188021074
485334905
515773411
77826877
152645553
106654853
469772960
517233493
140519355
122958475
285051043
9346776
33595801
516991490
443900232
13430190
353279272
526756491
84559029
344176397
391594733
38270923
226185856
409653218
376072828
222413043
206248566
106649103
14898758
256560220
80456398
131367169
176677814
432705850
369019107
303407766
375354533
430073542
249134213
143333326
141166623
341389386
115170038
389600830
389182452
26417543
8322628
493907153
532993422
167378992
404725268
154154980
85613183
262895167
481843708
433807876
11341725
482607675
378468854
262100615
275486575
248947254
119596885
222640359
267352463
42408019
444064216
92917930
525198622
397734048
461573839
212521683
308538240
71380815
214547564
431185655
305497271
264177107
60911039
196545360
225695435
119570170
429271251
198690744
500129483
351057121
168706812
461529195
351098948
122628597
102885492
196078142
17959795
526220496
258099238
68482918
447861305
383947278
372551659
147753503
114119823
124829699
265209805
48745264
253051965
354857938
435352780
239936123
531414411
62088998
423248332
395761366
189017974
483487006
82590059
391506012
252537288
499148107
305939789
28309686
240155349
409732682
43250915
484565139
65926655
332549492
419492779
349432530
492323318
21190544
156781441
51226832
199693459
340473161
510363809
263379721
354362253
310212468
108431860
406117348
180419265
90589832
236399729
344556817
211157519
344446130
294838116
42314650
202518138
425254479
176262425
45551023
183149270
425358737
129112147
321869353
302454388
413666552
110823182
127350197
526144584
34439399
106134854
341533978
334823188
166485653
98657165
81590143
360411346
216429498
357999405
479741124
391545289
229907001
241825364
359700555
212040532
512651951
248546914
127774608
328921674
205179453
375294976
332741031
392133043
336142379
349544060
530325163
295925403
89152155
340318073
193592185
131640303
328721042
224051205
294497265
527164165
347789598
161019774
512150302
245676691
514994234
455545003
187430304
119988301
402627082
484873555
202228818
56769360
356064935
242285651
100666868
279330143
245013782
168045751
482461470
34838938
258030912
455689349
385433059
498898503
336339545
253371760
84541306
306170150
82241008
189037285
216707635
471894050
379400982
13284449
204743909
493609831
414001643
515536792
521136048
476415629
435906267
133091004
315814581
272165374
110908282
499325296
153587247
57840364
533339231
249915063
342658115
511568999
41170924
436115596
144103226
412172568
115669021
485111442
144055231
525582960
252202175
103147724
124112283
501803369
329460573
187652098
360704140
264320059
396300946
92242742
496723042
323710564
17670196
83737419
256749109
56749834
380198564
132621065
96104006
461319684
517809899
369189491
287497972
275168604
458696525
527442104
350165837
387788998
481527194
432775727
338846184
329204250
515206350
145431057
27734999
6832804
338493939
170647710
405541944
516601501
383465500
238099381
182580602
429576139
130897289
134334863
316520812
405507961
337466180
342069297
235037144
28615840
360322946
162928592
27086686
434579870
45013512
169473432
128678248
274587172
314116258
400873847
57274297
167955335
112850435
397687277
264809284
448309349
326996477
380948723
341775518
528191634
90266157
178810308
363699058
137271868
381886235
35827827
343437274
174180525
129267314
70703864
111187399
27763163
491803280
534412460
391200265
228717207
358998628
512669760
310529025
414681984
116001600
504135211
515445790
101711560
511118461
168136457
153727904
288431008
113529319
517470391
370132442
506134161
277634998
441697514
343913477
111373757
275467976
423499653
211554151
22236239
327638375
365704510
402919432
97210837
169735803
2912473
389891887
514322221
45461322
188723324
337248562
478465978
474856805
247797881
74640059
18839772
100410626
365987248
41143555
152016104
335468199
351194445
223484843
277445553
30866604
489191775
93602263
208481235
146084179
448870283
153675815
508839570
216796697
110924226
231941496
310060879
154146808
189496931
360846835
349531302
248118119
197277082
101171886
153946458
64052195
249896338
276752254
365738891
16620128
275943707
415824960
328179541
62394742
199644270
271515344
396974815
21753776
185852793
348716237
86017310
306470648
246404217
389554831
266221219
386883222
152337347
224966881
345966952
535474587
447581433
250491353
497200329
333790862
293107395
259963000
379869870
128511192
520726263
479032315
179283775
266676196
150333969
274601713
200789812
145287756
229330396
211953952
54049658
173532218
108792404
323194998
504351518
440229461
316345012
181041732
168354432
434273757
417873131
511410038
134587251
236111206
162079583
403603372
168263867
463129508
322432721
377939104
413545623
127582775
128271752
509291559
8610396
233600227
15731107
190874641
335546864
394022343
454791600
37311772
283216678
435058750
55080449
389059137
108793999
44218360
248810569
224475549
523633661
101002699
473763775
253677567
9129008
401736577
482378824
368993827
214832305
430251110
96542091
506210646
11303651
491769047
254967411
216396607
319676742
333077404
448919488
170733911
281095044
267761270
238787612
446528645
124180766
4990239
159973680
155833917
71338078
74657166
90320799
64212124
473431953
238995323
513237881
38732710
40459110
313410545
508642621
44233785
455638227
48757658
410804467
422788985
440796233
50307298
521663905
536028852
51870092
70900323
344954117
450277857
116574321
176108373
191506260
331688973
83058785
300883139
478066659
255031752
459166406
357996363
419106911
400915100
290649561
530403068
235541842
480124371
50948398
335662049
408591911
203208191
494129928
198725846
306735058
364154842
47205358
209960580
265938499
200448683
525680315
479901366
173426437
461528790
432961022
487661003
437696118
80433188
13368406
322213889
371579358
508250766
444635555
476484796
176679150
526162854
33341509
343676734
91003460
10355091
227445135
125256910
328444000
62198005
444361908
138477267
396711746
41469112
325716407
117653580
292665529
404549445
81092007
398804699
407068478
419220803
470665117
529081695
180892268
485751986
346341551
218399105
334491377
72122167
363861633
496731168
347503742
119000970
468281953
146461978
167737804
189696319
341506694
407330739
482534981
374003565
448054866
33441772
433494332
298507654
53332441
441764659
90727358
441006424
316532317
177987357
173098188
30357351
453726472
184777029
68516110
166578774
117192937
510303744
501193513
105364253
345187247
81152298
466462439
239209659
137678640
508938903
325644467
10121496
281877893
133606947
310542682
271254336
49001385
100449295
517527806
461923249
447404881
173485646
237146621
119851909
368144682
292614199
482887304
219298626
361153980
132941112
230011143
89306999
80425659
39780628
347978011
338887668
322126109
237638083
154938237
431359087
270059629
111298106
535784142
185944315
520151553
216098968
289090468
87188017
43529935
324411577
150624028
475400077
406491847
161452702
38457905
224077382
266887047
213068937
106320660
13997803
430359636
210813406
503134326
159748522
156936985
427899736
413925869
223497958
366595075
198854113
132287102
359060017
373657360
278919412
412863958
504598237
194258795
86258572
271956091
28014415
425047496
31891335
36360732
512239048
253813577
118255185
136459107
322133212
508276480
77519533
416507047
31345774
395104640
104198757
280326813
400038929
303696075
510647875
6183219
211604890
495444443
68316573
345359096
503139952
84511472
431475420
142452409
366739938
436804778
405914610
144459201
352220269
183726999
214642955
439813754
406290806
318248529
233915621
502103212
113588718
400536392
53432178
419299013
103496052
20844431
296327073
280184896
264061285
513259640
157915640
440809963
318663633
190214393
132049453
52210922
467423126
173323182
2937440
364345867
187315840
476186940
54205485
336658750
476445256
447657666
261786592
291584970
472377562
443110270
218976216
180109007
138118989
532096424
524482665
502295877
274415764
268750409
44363493
182525436
525361991
482348639
126235838
109405861
234700985
308330147
505408568
439760339
445305292
96500553
409830743
465377863
373896414
462956786
416774849
185324214
328264477
286877580
95305750
127474798
199558057
54870195
217113933
170899183
310730179
168207431
431738838
234105045
489627045
155432742
165243121
305034767
103407004
191813543
219337518
502399624
474664424
198318925
32352484
241049751
52509414
455439882
400050677
534556323
295959182
216557682
13438755
320992274
301087362
122499321
355652397
105179209
199758803
28833285
447368071
117271674
15907068
403435001
302303350
431170404
432180009
132104268
91545185
138613836
413580154
12162319
481618106
424530572
237091521
68224903
462544265
160822741
102522235
161116576
288091329
484819668
135450135
109911462
163322146
194140297
382601251
388883751
302027206
135616233
276823707
418830812
303499194
391039201
270936236
118438195
3963322
148973942
112334183
147703092
360820642
260001722
466819193
218154550
490208620
234379372
478431954
266836090
379633867
44856774
340876275
47731123
131458545
258163941
291986006
116780473
152560815
508508339
493557491
368853884
175618764
429869264
496412704
313423585
249224242
485398739
530108549
419967760
388983366
13012762
362870887
385106951
47126331
132797821
182780311
163765629
57168136
263595290
69256194
500990896
270785854
514167482
118303211
33962133
24225331
467218945
258437873
336526871
79207601
227190761
17818405
424806928
510972666
250026080
187448323
534007569
535585390
56660706
303034091
77161090
518300438
102708361
439557415
429820171
199907003
114475720
514397945
207329900
425030720
353171182
325611740
364889456
317528982
105634325
202253272
479241194
439730809
449247747
11949485
483018279
13564378
402121655
347779221
170928592
412109004
251189055
155425259
480466888
431076073
1117288
366161859
78010629
120542549
239904336
278561873
194740225
84296798
287184341
95434310
286877546
259107539
452238651
467077582
487541676
259686764
276302644
405808119
290493562
306016513
402220306
166925995
122377607
374844404
50332370
25780242
312253549
366579186
391715122
192623114
100576296
241580832
425567099
331661616
362427128
202339165
490125527
300551673
292441983
204139669
486728970
492316300
194101917
528648152
528196209
238345080
317582393
421375409
258493006
321694231
301232329
362885627
131412471
226069652
258977029
299759573
154027505
226718572
70153423
481138544
448274192
90862564
498002838
93784302
175213452
386076962
280190469
321229892
21278713
285039349
61734838
401368229
404658944
476838018
536365386
355838438
505918802
83005661
296527577
268191742
238120414
154536596
350573941
184816187
16754070
7813723
383943559
487817079
370645114
247291436
444616760
85182486
293545899
1585424
456046269
428035166
427942231
505250452
392189169
443860661
333885581
373778310
499228933
365411119
304115706
293598365
395860738
75971662
239435407
525800805
407328997
305979988
31015084
472427452
315191622
222368848
208168237
455611759
444032020
312274556
526253103
331268910
200881358
33451973
71846894
168144244
433798589
305817735
295619340
227175518
62625921
216188764
13469008
345820219
405712484
520736194
294336633
398988994
98045268
205767368
7306561
245796969
394655080
90676482
364249000
166945335
95560599
84842579
415532039
225888941
535029547
279856375
118135754
170082575
66825660
518232572
304877598
188382987
480903011
524589946
226624635
214765336
108078575
332594111
505334407
240785809
12332184
465807977
384472812
312556472
356591044
348954728
132628386
494272787
488642287
312667877
159667238
365744093
223526482
241107345
6221224
243391274
31323065
50400486
209738539
285699561
199938235
207278235
32543816
146352803
153135398
61406709
383030434
344935210
379380072
171765274
143424576
393160542
513417818
20488861
398353403
485418166
446817799
3608905
229739135
132213098
501402605
294843499
252986208
13835798
117352475
264057166
532431400
355902786
104481104
456244775
325824097
519446533
270183166
444853803
458216274
301101615
135520661
264459380
200056718
276544702
477107648
404950637
92676327
460574373
519201007
52643716
370596667
527644261
86708998
255151941
134978663
379467251
105922749
191620332
115121375
422681984
56446983
37227249
503947428
451171819
218289
478933580
357109227
383948938
221167098
371365384
363010805
499695645
441992841
386292779
319124844
417137110
298932393
244998795
308521923
455210099
517177734
222622871
392812918
48589799
99378671
73766447
102969244
470513553
288752749
360736818
455521013
332912628
30945171
449296086
374837052
74442879
37896981
94883202
143373535
106416409
117660925
514819168
18470747
145840024
420519573
188351164
278383893
247241789
2824838
255790299
24596692
534352422
248277605
165967134
365631643
491603927
132859156
97438635
32361595
498107865
71741130
351610983
510950749
159022726
152079166
343583477
96795971
54024545
213252201
316751715
404054044
535760848
226740867
49103833
498979295
19659997
237747364
252606760
335877366
36508643
167313796
135372346
435038597
280588138
212230951
360845351
47511911
162831148
436208493
200677309
497908916
217526448
78838628
5619733
362288901
282658581
157413132
69995826
489078315
393980859
457652749
513262954
478663107
466122071
89821116
407578436
384215964
368449735
244426616
423961876
418340289
300750443
47179927
479578234
168556121
12443862
261063542
405646724
385641442
137272361
170620015
130974324
69814317
381254356
26673779
438249444
521957728
527107677
160526591
330354519
204821162
450613612
512461389
269525363
13331978
468868266
90679255
53136994
408715696
323789602
344216380
527237964
92358485
488731740
283320449
231198703
194321552
505798622
327293052
87846327
522400159
395980727
57768515
427842895
21921256
181894628
146245035
224930075
144840895
380959208
279954829
431603224
470309032
496896795
221580729
119144250
373458629
83734414
320656516
412379203
215580933
10045215
266334673
133440590
457837574
124083281
446426238
44505075
95529491
133035463
229348314
390461518
469930041
103737848
437071174
455806388
448585166
151404536
553904
482265444
381066318
117444428
52266044
494577005
395102950
516404453
474643593
454680512
223891745
128414506
429867996
442897829
169113302
497557337
36530210
3510585
36274264
71957577
474327899
170527657
489636146
68714529
171609121
329996596
491191933
241075655
326965539
218830965
336190704
9267359
154555399
135776494
155252402
333391591
110451819
162131436
142446055
274891501
136398875
302053045
35554875
492912481
286946582
276864782
407110519
145289647
356035863
365789559
517924802
358824101
157025217
41757537
273227538
466053311
236691721
363709956
125429038
433720999
382739699
125259524
517806353
199265207
151217724
130444550
184870320
289861354
292127682
322927062
341956210
319453573
472404987
59099102
508991540
424496101
382870315
7733423
143707764
57234870
442230950
522989457
282825845
158689230
30569431
361985355
468953710
500091723
138445815
425119814
371021932
468307681
533747358
514360755
130078273
263389373
277132855
431458453
66636130
112220570
114854596
484789335
212798115
245564177
377035063
200519339
288911642
6021711
259618199
256445263
132770547
259890540
170348871
202083314
381629884
119069074
62458554
526702129
136410617
288497245
379101978
387468940
109266420
315133211
40736916
225133119
53158453
365401162
94946187
204809952
2364960
109984850
15192192
482290729
72504451
179140162
212668444
80613342
336101912
57021409
186392274
90868873
431936863
471777470
220556311
423353598
148096114
36522161
450535144
472263317
306483887
20158153
352681509
562822
341886123
43810841
383185322
290502000
304783253
167706075
133183889
502239990
35472531
384210648
193925870
473744926
140315822
380098546
156015951
410657856
124717390
133421578
81531131
192598758
66270782
248448512
100344303
100002510
323647904
228963394
328473510
376395677
371073371
530569254
332099526
143455620
32582946
372043961
82793619
353471759
123905172
65263503
138088107
32128416
218838130
292269494
86697127
330001432
251416490
184662241
441312896
125196542
508964191
465119833
306995987
276208046
146124216
73792436
523772511
97930134
456104174
38356749
510307410
349152563
285188092
47482603
132521504
320110280
241905227
266482832
297419736
25618936
204959561
494961837
49993437
301626998
359336579
450343221
179089760
122613053
231513677
536123423
223882102
58101400
528744416
82040880
321789416
204858107
282472997
132283626
202881432
43251461
109720532
499782354
352694471
200580436
55123945
412224340
438975124
47032019
84438844
416362129
301270113
59202927
68010357
181954382
223207626
183021760
422110094
526311191
106636389
523029407
47019631
276137276
462349214
201445534
497466973
9416717
77521552
48581103
502741707
390592374
5655166
417586103
307350769
176432594
432824319
74342839
355390782
120207830
220204054
235048959
502009197
341969055
283923637
346997675
302813569
251798576
422489035
196267710
373607901
409124211
99007973
427316613
39838495
243135596
27810464
69302836
311954900
221069812
373597617
93537067
231399798
362338139
353162928
180372911
93472206
226839004
269284214
231879322
43227549
228465534
328199459
23978170
172809251
256589416
445424298
251356675
173537833
252476843
224358675
353397702
246045522
73246711
126730160
119074963
248443756
197081337
233644056
314452346
338217131
440039754
285239329
143530735
84892854
271398401
447041782
501164893
191206463
447770041
348936753
263479336
495343220
40915753
7518225
45056741
535217687
160347382
173579818
413327129
21984689
160501462
21349623
113940484
157870160
510711253
259412786
188511798
342644022
486276299
276528849
206326696
93292918
348350018
102241523
381302304
308718889
207624963
160349472
33429148
354560727
246784952
506887953
334540802
461748474
484075903
355295852
414606522
342993790
470743188
86876615
51885895
262814313
426262858
342557424
369386232
172656418
426940229
169369087
101003592
242335830
50948989
517832273
203685288
477961951
513213051
401953027
482843730
140644927
248713731
131014356
319085123
124019017
152850589
489830417
254658551
169954971
350595350
30445216
189027880
504017766
141863037
227718153
408358258
128078352
108215617
333416585
431662852
392418578
28469314
229287826
56727100
250179695
504064273
118116522
136731032
216589477
341807437
502910967
105037422
353838165
76493895
54330969
170883588
244087941
405999162
514356744
13338158
344266681
387516541
370770822
71424566
243423984
463293563
463952618
532085769
396710696
40492693
466958478
72845695
165227145
409458050
140753291
58119768
382725170
342882105
502293676
295609677
96030387
412189816
466695456
391683444
26474000
51638969
126624466
466734807
400172826
432103253
485749925
56315913
482765148
157613915
71650970
296353520
471096060
236518280
339964225
425266930
98223357
367286981
451774946
45146885
368951141
104815827
198554416
93381626
326202312
445767925
444733116
518667840
33054956
429933065
92393512
207442214
162418791
14710840
127166829
247965941
513063101
521986035
402604289
247092451
513820484
115934684
479921142
412446642
370814127
144570152
498969545
66295446
16786193
104834793
171307666
501818574
370714038
69060340
96620738
420207655
200646684
230995552
27727670
54607446
338166989
449035510
366383512
459311682
394146759
186963065
53180926
395334431
11203292
20470334
370582336
100858711
221442600
229513332
272352873
224029869
160569159
476245176
456236672
309203720
42972070
36652467
55336818
480725591
88933342
299073004
154313761
450517028
329139148
69768261
212244733
170761064
59951029
157109858
110400690
302163987
306789661
98406271
67271452
39729380
439751910
36030652
211598753
421203230
214183384
413321812
110618693
69062995
236463923
290893212
310346990
29518637
535761141
6167122
133663443
149354466
92170603
445117262
6126079
134981517
163065022
129107923
428000078
208309928
57101025
25556854
311241123
221413193
139878208
364252021
477224226
465126054
88417634
19359442
385213617
523365540
293949255
81128016
334955831
398628903
170964729
351178036
225505436
70432011
467231102
385699920
457493317
497518405
365107184
270957102
494400979
247299299
136289545
420509290
408855169
66637640
340352177
238881130
143627798
298738506
421792921
257225603
478275480
282130631
7440577
282921089
399700338
260466866
232486171
193483438
128985403
76796771
401693954
191438148
202566451
50004898
262495455
427452885
64554212
53358652
436194771
128994408
328637706
441162943
39756032
420086749
29647582
97545389
2467300
436771385
215522442
59885780
160957921
402864843
467995215
136680681
433629799
360398456
439301142
145526423
413048132
106187624
225825424
351329618
243601826
291438518
389456528
243957940
42974596
125892100
277316680
16641428
85588734
397943701
127769319
316127633
377409261
199396167
449782143
59222855
129363979
374084911
464385801
154091841
385640109
107989043
505716134
321819315
197542807
272055317
526769123
218431481
374739907
135024207
525802512
355921036
20241693
438278383
484058586
490695324
134546909
371407117
103148376
134206154
526438545
118165727
174249193
320681812
193390472
54557047
230809052
159025725
117608286
402720944
36297537
248629082
219082742
360487485
205273104
8446694
38714786
234249095
344319337
276451935
204011967
42078851
73819317
49096248
412218002
296617182
325957419
47500094
368632969
434992650
43465904
186588226
192562095
482942362
244971285
356473850
159556402
330630745
325596949
416347253
428381134
111511762
535755077
98802312
294639745
263253939
77606479
393102676
114318181
104873880
326279399
14789810
34838473
285992530
149801841
411459039
473265125
87643551
263575221
113310387
16534505
426233119
444467074
48685366
323748372
296244732
113895401
462977898
501128013
60895987
169814021
250561804
68176964
126490278
437783011
433833957
141548285
301035345
299513678
150591980
124244672
47367239
132794794
480452053
262235838
330245992
107813392
238730942
424672581
237309218
398861092
377611494
465952678
426483062
361334665
208724803
75095844
150561807
223248615
366292669
478164349
19092187
417012922
295736101
433096651
360002842
119963238
497941911
202035628
369422630
150823841
277681686
290892511
46653612
175298083
80819779
535551185
393373688
466344217
386137544
305167559
294903462
192027309
351597408
367496186
202906082
498506378
456950787
153841642
383107939
501515273
9206831
408556331
138129062
430316812
331772854
475654157
15367775
362338565
516659084
446934379
63801657
330528483
324943676
162065635
385637202
382146886
281254422
377365631
182130092
19570920
124864952
4324985
36695605
225077427
367563470
506506917
440475687
12568223
20904207
143366515
467328562
271870430
221699122
520700850
63880449
100899033
373343755
388151654
357920268
188784652
349047089
145859800
8105616
108713887
518732311
101781571
33432577
145110360
135741770
358012267
163622919
143296771
503849457
530989372
346109040
157524004
90559911
528503067
333058677
360756217
370905474
360545015
157370185
434758223
403221183
460262416
244409027
166624663
452066969
103209035
232833929
76997068
534379172
229402849
403872997
332602949
403047883
465941359
192249376
291657457
414982123
105459387
344626328
115106155
173241828
97791632
454842303
502546393
15236902
312290442
70839393
231179754
17884649
105166782
300366331
355834838
535899155
271194152
270992068
253342203
242813844
80326624
385796661
177936565
287040834
241600979
334516522
241579270
39029372
178582981
143875130
433162434
329195164
403202543
60412294
507470277
239061617
230729380
109225068
416615466
307994347
45165758
20006908
50598327
462279406
410465480
345845393
221009808
134911391
482195609
86180147
275597914
400160044
395916022
65104954
14783909
465901496
381512984
229788922
213278455
468650948
526073546
239225382
150289944
108424994
456156425
504403305
224481000
196590749
336262440
259003607
279765645
210365526
247581611
166212122
25148889
319149344
493999940
1084480
519506682
377681063
425070447
532959700
420075910
60859776
159540843
40661348
116814537
264585787
245648639
255364225
202566080
9351927
18982545
444939217
269982000
362335295
402401814
200017074
190521315
308057466
65814906
134885303
243659461
81129371
421127473
411739604
464486912
389418944
276117806
140035457
38169385
324524695
345158327
365397156
97604909
317620386
388896226
225393704
133560149
245403514
47291920
5541423
505318972
14515997
165545226
22664140
416932281
386190921
487736541
117205340
248600750
349626367
369809862
342346367
12320028
265650698
367641281
17277428
443826027
75725273
78643978
117492566
75738074
196187022
485392493
461313844
108444335
404819267
207093017
498013006
161335820
463339318
133206046
4327570
193909721
140391404
299228114
40133747
63606459
33836739
303730112
23272907
490822216
40427618
57168972
178594844
227507796
123628103
490251595
176914819
209188691
237730151
333969065
287027074
297425209
156930782
465445135
360810542
444363837
276340219
42375645
521372221
488300274
385297081
431127295
91601769
275966160
21857046
18237912
448943695
279036261
65203385
415283399
377941077
465195370
263181296
39033387
79013833
319895097
155683471
444959176
298411680
293212348
297510258
23642687
405279117
388121999
217952213
478274237
143922950
383630015
283272750
310241545
12783227
415847309
135993849
92525361
410435647
289898524
411375326
250874198
337613108
75484570
226618916
77104012
294281622
452754370
108242599
386483000
44502982
487413806
484785416
530412165
512889017
243673664
46490691
106990153
114239281
472964579
57422291
260133137
349578098
454458427
132751964
112543491
95999921
125765026
529507725
66092214
466122801
35310383
36565575
230496526
209135361
79608900
340099392
33522368
364287509
468895794
50790074
311573604
91696035
404682025
28578069
476920178
230716741
138114357
295103775
35905065
356157574
531183991
178332215
494639089
409258950
114901934
187722838
62610146
134336260
18977777
15804486
104591585
98676299
305531781
193523736
413171241
14555716
333427065
396307510
487546512
475099773
216360798
271246974
236543324
397415105
393526821
257466271
447539403
130364216
512792598
272553573
328536014
94448984
209221699
138660180
41335980
5658174
411582516
13485834
51254404
49288141
19896722
61844624
232036336
508759637
25420649
478324684
532803413
126747837
435860204
429477552
180744434
396451863
165426079
65716600
434788792
184410127
350846502
133492838
116496472
299694032
324248866
157342446
457971679
367054496
452915096
196893585
20941046
400529045
233956136
508872039
105983505
52045228
326463991
22142864
82439857
487857138
356667255
511824165
142061298
325694089
193633093
254511020
54561291
380916113
35414705
396866647
349702845
189109596
362655206
143097165
255922511
491092298
178652990
248223143
73061601
357288680
472286432
502002661
348437648
67126812
402712952
439891082
188722249
503635853
346982227
93403992
327442353
134646689
103457584
412928366
248011613
135185418
97365554
472138296
278786833
325288692
390826125
233815580
140734655
222335222
433204783
406884963
53587609
490833507
323463624
314740571
68599223
507295697
217871840
328511584
358797154
522315602
93686314
28832106
322471157
264254311
235080701
115021996
52734203
317609303
24028117
73388808
308816376
8124632
519539443
114903174
24985404
460149853
530008139
273889633
21363647
402667287
199010653
201238550
92564119
288012309
98970160
96143538
167444117
388548841
260570531
430061612
121530410
186202404
491502112
182021075
357296822
230877490
317641768
397957218
33395610
496907905
273912319
388963481
174064212
262484793
521992376
164759755
494228419
251669495
398300931
473236040
330864732
313416882
364086648
433423701
518107328
447828229
529546255
327841652
363742648
330357817
40707154
379403204
221888419
126784102
470254543
45741118
495963914
506350002
395520310
480295734
127997409
150835092
211346405
235025983
315299034
195816429
246222030
473485625
465137202
223438821
383969938
116798318
485167172
147065982
462912389
101178867
160350570
311155461
71753512
303228155
338163998
518284136
56988674
206916804
136318075
66488625
146724688
503955485
506337358
242188336
234058820
40671163
321125468
199653824
141478218
93795551
412875050
320039750
463357720
345688749
9948284
79286821
35706140
285389874
315499643
313992591
201870660
142342928
368193010
339616896
70422649
8941241
356886087
331801939
369175095
154612920
399993733
458936683
136154605
384735161
339875304
308086064
123994211
312939373
419471719
259321746
38822970
61623791
128071723
435207828
187813436
62146168
454756893
413183412
274387162
210475828
508026604
283961448
145476860
273521569
194482695
463939717
207350805
423076943
130268816
285132892
49257837
119954404
455148471
104208899
420997068
495153980
296927192
433047467
14118653
90463472
435092299
477809260
205712040
338697272
243415394
243009942
21074819
239129738
63015418
32316658
5985886
310118966
532470703
177316489
534863387
145020593
535576896
367495942
296918488
362467869
372924419
224232252
167628376
429606194
366438310
170121564
147552115
294186399
529376490
222169048
488225193
36858234
51310129
308035669
501153870
424895213
264816655
108747370
335428180
79968370
72897962
249767962
8704013
535140058
138856105
436367517
438454247
23532246
356024372
153582859
291410241
374508990
528323358
265970252
367911137
245716115
535101592
121972538
241635718
498695635
77326095
475867433
348461639
236849587
526014212
411354278
232620425
33680992
52429992
228455441
387599688
396799884
211429906
15044714
374828676
535266149
509947696
372024627
335989158
446751886
102841465
416340630
474848649
476011479
361441037
366642236
522369257
186631718
262472547
191212878
286527918
170553555
295691323
341090970
54707620
241030186
191877254
214937102
496254557
438557413
525686057
93239972
121818650
526684350
449638281
506372909
200076737
392844629
131705226
1293461
275891802
222999646
301651307
66155750
515888726
491871826
151039605
410665840
480130456
165120575
43886512
37624849
128365325
506244857
60902466
73277084
193469835
118583511
92050234
22016594
255230213
357983518
354550111
101940163
31097559
437939754
476568568
132792916
452788912
176091532
156580230
125490140
180421030
496191843
325622670
85002021
128498599
406906025
285601730
103435140
494828913
349242073
183016994
527273068
535981835
224582955
61823597
528901860
255148024
463738952
499484331
536803963
360196318
470675642
145265190
521174274
20963645
397135274
407626543
392466948
5904122
344061270
193050224
43202856
462020066
523024900
350883364
525646055
526713181
326329833
216772265
230206361
222412590
305462958
399834386
481015108
453086209
250258189
10464356
174913827
479993179
80552648
232489369
105288974
39608649
209812686
4224814
77534283
144112085
8354679
196476905
311796848
508221953
185860108
223147855
217837412
308431609
94858319
468918580
445904675
411948787
167505512
423082266
313479565
286170545
407402929
269688532
22717239
429304885
359996991
350746102
232911919
35294781
246929710
478451019
6142310
388435679
356408607
393484644
80140182
408490715
241373459
129292530
149038622
310962027
236862642
414495089
447292515
451410208
331394564
82188254
452459999
444866564
419105468
290856864
450381021
221765381
382442767
486120603
86071915
137538911
91370742
462306444
415465083
426377088
417059852
22462304
313484291
526766016
398377585
527674759
16123733
63201078
101042641
95012154
10109147
95066249
108115492
439609086
305199561
193281402
443860630
397416628
103999986
449123136
432963591
154677649
417223063
443602001
268702405
378058640
446418669
46343718
393427364
509043570
524972255
528922863
142180951
512130817
356868530
83956021
467688603
186239789
206348148
166859686
158591454
41176666
446027933
236430215
115108058
248473575
323938009
401932701
224064834
258086071
292114800
422249443
516666589
334089107
176299810
469635181
518629329
524298788
282609941
491771523
122543978
406665875
453539147
238447706
396996945
111551406
529948542
480523099
275299174
442854320
53120254
25282326
391331872
291948033
251688287
502282793
189973772
132212651
499514710
182808655
86232631
95055036
365299228
390051172
156718400
38728615
416219169
316204929
429834042
424926497
105658610
330528578
87323286
292977996
247440903
53858072
514257896
214225402
148463706
8314602
218895306
320392855
402151543
71381564
449332982
455093199
336461815
192217364
345122064
16348943
126607956
260960578
37057895
424161233
218859874
7742746
33885925
200423239
27897697
20616155
443945021
461520667
264445740
30833825
332644254
513013297
54309906
495842927
533047713
148981746
499428044
320660914
70957039
413545001
22924597
186301174
137159443
162780241
102134348
159992571
1100887
183967526
91276079
82331104
275009987
496380018
332569808
230857385
102197735
218634726
50436775
468215241
384807690
60554520
435444463
299410312
22182704
207054818
34433429
78546232
462110642
367300819
324187318
450249217
305606723
446517347
266719290
317435875
352235352
472236996
219199571
390594919
505618996
410995202
227173653
180127582
157635097
203644456
20387224
265739408
30687654
492082286
252308011
101688880
528897638
64251307
472280522
496299632
288907488
371911040
335531543
174505946
207298970
26993669
75382282
73376370
115539130
414153124
64608228
38393288
236280929
492000123
455932145
240000614
525381053
190036835
355040620
334652841
68195745
124665611
189869521
168060116
134923884
253773222
536682801
504115451
91463579
486124316
245312515
315847398
66270990
457750597
527186465
382554790
503166927
518406312
165366464
413143029
141136402
343727588
507535461
13132439
259382270
451042690
136935542
25362954
119229998
53680569
56049192
369849925
231029955
357877472
245053684
180254332
115480157
27195040
150200963
495925591
345774385
124982663
70975294
161588665
81035118
252796740
80594916
515957134
197325712
412679726
182429725
419629946
275605000
348073191
78063627
98509994
69588277
17629710
222331216
427509945
95224930
78878289
276859978
355555756
38124303
149508163
469465554
396170661
34721997
160971905
516827979
405840390
128718799
320541152
11175439
370866527
277150824
218285881
501457397
193706817
521065405
47185041
182518501
440600906
484966974
440868555
460769180
388348906
77917750
162215792
43130976
343099768
221632199
203513006
236563087
16960484
119074918
89165287
78915848
79950483
288309167
58710066
487536561
50363479
306386559
348772259
24108371
66294857
336672029
98732764
510582322
87622983
240288700
480344180
112315288
97830671
527023936
376463294
46221040
400357719
530458192
63708136
336393318
466190555
63390125
480276207
113585124
219021132
479738266
430778137
186698017
411592984
490662420
246222105
275757199
500157390
65719661
112657441
530043823
417914702
515600890
335508278
79969467
199488771
112662330
261420196
437030632
210457665
365819005
79613834
89195530
175464572
247459680
257077977
524252388
334856485
112525629
257725062
264321209
437982249
216482218
494599390
401209830
182131324
120422909
415196793
437849001
372588617
435740318
482484754
97015303
192280515
45321207
412790837
103869207
150064250
43844999
201812694
386520196
134954697
416373552
50068008
151643776
42887076
8816151
292583676
521261816
302241674
96038797
64419917
186338006
471032081
172934480
357274496
510572906
19226802
499348415
294415751
340532897
487059765
86394263
26110646
372163851
318813154
439327109
110550839
439336461
185463177
192087888
481310873
489233889
18787288
326989289
479312625
296119636
463658968
235732033
2426328
231337984
143890853
48897163
459493831
308827794
76389084
386212553
483296769
458620589
505195428
498539455
357725818
335137384
5576496
408193555
531758305
407301008
210396751
185963803
151430635
297779543
457646769
469740622
190931793
213381207
410845194
407706004
479075699
217825159
11280557
147518330
49092162
437615174
454344971
14630913
419147566
492265196
303967644
387153991
231552014
315697764
522209058
295150411
4046251
274500057
242049804
17806478
68798679
313334783
109822636
34483909
164904990
520370401
51708621
415700031
181962896
147006141
277766948
379340568
406021800
348360671
188187444
238758142
53513315
62669569
518232173
135185045
364886221
97210846
434793488
495173193
388651647
324188532
22295514
126953590
371395607
90290180
366417681
93579560
82904366
257858672
168735376
54461168
204214666
17949755
489465786
256567384
66180418
91031149
512860234
111039611
500281157
159572648
223134896
240114832
34506835
511273292
380091959
303580956
316507902
527926839
479369102
40789011
131126644
331891733
199679843
82303638
411441758
185133194
94475233
348964444
200083358
59878212
373649440
174714008
230099042
177248467
485219083
55877632
372345835
85423423
258044103
465568211
494461984
272973816
289509701
441927718
56994741
374286634
431498873
76712562
167779863
354303010
263028966
302228956
411988338
521240707
6764747
2604182
436806331
29850102
287999301
389428946
470696239
402814663
59963035
57043819
113964436
499362895
184311384
56536776
301915963
257893123
436013320
138408668
134266344
481173107
315009654
493479790
477868481
143158208
305149710
249412
69676544
486417346
43411237
398403992
506090314
356683667
313895354
322502726
109439031
303233263
240437058
252933981
173815273
483156888
481950525
190695803
373430570
229720775
233868029
291228839
444074369
207166715
67426037
139662479
2238960
418735886
309247271
87793626
73996397
2340137
474074849
497573818
279430528
434944099
437245277
53888620
275064639
301381651
31901027
234450814
243498901
54847485
236187635
455060704
266265233
173951817
455359713
421489947
244541226
172706092
298654381
315383341
183892793
119596284
57109642
17738453
208078595
329436037
155817358
57176872
126502977
113812020
413085125
68359973
33001102
230037290
133201634
347745400
420019476
185451670
515024055
385897908
43644266
17716074
218547511
146391905
496084223
316918351
255659011
80273424
446061069
291898168
77135973
171885442
103846742
289370261
430971742
213301566
456743716
242527094
140387787
454491491
36877719
315281814
297239242
464938392
70617311
471382669
84565761
93823222
347061030
1638271
61555443
349088034
128906972
350141473
493976557
423290980
339658265
10196186
458420584
60678734
369235408
373767154
272208375
74461188
201670568
20166184
535396436
43527787
301006845
130306031
270809290
163321602
214011812
316950649
443861539
378689327
435934394
249294407
247024772
345667373
29018606
262020439
98075737
434545497
184862792
140305781
473947539
343624925
15582432
375197333
477293668
314850665
261981793
284502205
442359846
458118505
444090782
532784414
111008543
38947676
345188850
377822862
373950172
449739685
517470642
327429849
321464228
141397679
231645509
381696623
407057766
388151109
396942356
320642751
55214895
51198243
101689639
402747230
174010916
355485602
230568961
415168339
2718396
535122985
467140309
322962226
378365702
294760342
420925795
216873509
424916499
319856128
357214097
209164602
178849798
204461544
319243091
151287503
139970912
182298899
294244370
207972692
133735753
189843543
349790945
520367952
440548090
386463589
173111620
55703647
205843978
242934909
14061020
116906398
413838796
149139314
511220845
497503096
12914042
295692078
194145599
212779734
266057591
229748732
396728101
502266690
373844149
338211088
2197866
462158108
520926636
351371860
487040839
315934722
213919220
173227561
317052175
27670210
485192776
57987998
114074714
78989641
235944113
5420347
184613772
106841000
119901443
279262411
278797997
8174985
119502281
167647538
369308967
516123899
133042941
138624325
479928606
407795384
155347010
426390912
42644056
6287027
501427681
277897614
526821017
201563610
188724474
441042408
395393858
516667370
360404591
146462341
367008721
239168831
469691749
304283620
432612600
136824518
4350050
473981744
89208594
21437937
345465727
430406650
297212443
477556318
273306010
393095562
139613235
128037829
145194113
71678784
16224509
34002666
205368989
273904013
337272318
64366708
291093697
219640124
498834288
316620968
339629308
466241427
140815875
218300713
187348170
481670021
221622829
491965230
60092760
478268302
14107896
196497555
411947853
65083973
351387100
529070952
367380982
534678164
216743845
294509320
138446253
194046258
294010396
364891591
297196258
176711163
501717981
310935416
393564679
45664160
206356345
316737902
58725193
156246321
326105408
26335004
461846725
119951559
515634609
347177638
38159288
406851585
123340256
369990264
246013824
295898598
58381460
167573555
299011028
262828587
312192702
57514715
20961491
295946628
263787330
61041243
508581641
481195004
71025573
202857925
303107246
89747327
419852523
183751786
174591726
436885962
340265921
389158101
334815983
164750668
523015707
102142727
163607524
210398983
174820107
132009796
264601342
213367930
122344775
229571768
352700193
259362610
495268492
74131975
383982864
346650892
353960729
409661464
363505363
65060917
337980238
54547692
708884
492112479
534911299
44928518
45061263
413525386
289648509
304719391
264460893
250670767
210636468
449510844
128967493
227613364
427471255
157210389
294020913
359431132
458469313
438600587
296136062
33182836
258376079
250079978
242651012
257430163
96159472
223081691
335093927
446467674
397863843
283358431
344057376
70573537
378255554
439778573
341295280
269608214
120617628
341487980
474879102
336081601
215084152
365897253
32228853
56991779
444532612
193096268
342267955
379001395
160012305
340034284
482263632
16619175
315927123
157077621
364603598
72241370
354199868
245172311
304391908
397205985
443856675
84766283
522973303
107730170
211956051
27182549
414872963
150353053
370172537
272240876
470561378
413227848
527737604
406868122
402810714
90257211
310598570
236745388
238215168
244625592
113789175
285752163
259102690
46792009
403871122
21993208
62510410
411681847
186958420
174736216
493789955
244216720
53233039
493606137
165412002
161088259
206068334
53992548
55297127
38373570
16090561
61782294
42441428
501574668
261800148
483155086
352357517
441436042
146665612
244044179
131433616
437368185
362781119
222551315
227517447
89852547
122700677
259446321
329137233
398670525
93116324
463409703
288546282
222595457
177326738
428544408
335705179
261393097
20650191
12194370
10152334
145756088
355866878
522253664
526778025
266503545
148655103
267225431
496451874
207934660
88609407
484685226
456931126
424299863
307241840
486326006
309609880
143292611
103869102
17752830
118234207
507597078
352839138
511264245
214158018
374543070
127099551
395067833
277807547
103349018
158976825
409822052
267481850
88176088
59162508
260016590
534741699
214292008
203956102
32075963
354390004
516035720
394598767
340906948
353864305
233599204
245382859
453733806
273120080
137941542
514043730
29954456
163394359
210471314
476014185
368316696
371251452
356681388
243287944
241366456
144932700
352831276
381469967
431014739
294974436
173702374
421289918
318096444
379551990
231614191
322187115
320156370
7714686
29902706
134860538
281620398
357571133
243952858
234196456
10666868
525916131
268432703
521291377
192160279
277153507
436297839
189844523
171412822
417358432
504646919
72658671
338188783
36374891
441804721
442776009
443710546
529659362
231688527
346272808
363399190
312911279
97039682
341374800
413514386
37494068
311515231
289351289
372515885
466349547
452886002
128462828
432170903
507150346
458882781
80044113
151265599
338843311
123729185
353357717
424902263
711599
155715998
42098438
22794236
493285204
415320440
281847925
473567896
2887926
43413032
48229098
66665187
28174015
157523682
255852623
187687435
379493764
169940657
352756425
180918534
467488712
120400531
444127392
381321266
28521839
137754342
24287129
152202999
51349046
529652657
93684270
125184461
8379236
129164546
243108319
276314808
374216088
127325333
266495686
493079141
173409587
19274402
62047875
74614626
131656319
66426849
401278987
191864440
479188535
228357800
344366195
339786736
164595697
221620350
150227649
429651879
20526479
124245717
399622031
391639090
191001672
341362215
512766709
481947852
42154654
66367278
417844742
57950095
78063798
284284770
379140571
2976392
393275963
441516603
277494513
388208876
352469582
442048477
431190035
423984964
431254549
160530462
498104929
521626245
15534405
84801014
466975159
405979743
346805348
65136762
324902181
233607279
248320971
460473790
296649947
444885187
432407385
489103192
184220350
148993103
511984544
518941046
187898872
328627870
326390988
432199701
83458225
367905034
112819109
329579064
397188886
73804643
231211234
346907110
334941403
12747886
339635762
364443056
371255934
203487817
32209425
125797751
270546576
288992228
353553511
110701459
196156112
314317341
98478535
104045284
528733217
116265350
186934179
506220402
108539461
80741328
274023474
328719754
302669241
532342297
154929543
463232194
204807127
401846756
80567325
184008525
67190695
181202138
514855399
297252617
243794894
320486186
138393545
187756331
325241876
63242766
435021299
35935720
249264084
509571755
53462814
208115542
207758341
133443057
212937012
432997926
414275519
230711548
376976098
233947584
453454982
75713643
334413278
271787884
236770653
304529872
429091801
199024503
3954641
154480475
28702093
121119942
475238204
261209013
96137299
174564090
186461771
360365432
239844962
64993636
64137127
178552857
350294939
499070649
272482456
454218624
113637642
110905185
178750718
347386516
238457227
172202176
424846262
39914271
18616046
98061302
453542983
351066274
186627803
338584998
85415637
423473439
403017562
393126515
42551216
528073368
434731881
487229465
205666480
234969490
428423197
197655670
53721804
109124572
268502303
417925708
371730433
324706517
364215034
481324620
358721937
9866852
47575727
12724018
76237405
216834263
159404832
88913241
437398636
475380432
298527391
276580247
66451374
36570745
110691902
420080810
478093878
397076962
159960484
72542509
59674031
381991908
473976445
503876572
3013720
150521771
302893800
484477592
202471059
90599770
171301189
380201380
153693883
247946366
301753290
194753043
190914982
197933079
529854696
259670746
532764102
296420968
43680133
10444977
513657775
185941885
317734691
96925398
30105176
111833898
257518103
270806599
200032586
138396235
420013806
99567030
439839387
534947064
360052039
260783731
230402130
83948894
235041529
270351280
260307895
302610351
441695923
67249065
504893560
511166901
328946431
228927513
195903128
296742084
456796136
437180373
258754307
89829050
234379637
351645372
222977174
469719742
58564558
160245969
65583382
22051900
321641096
331499608
218578948
412478891
93294194
403385576
461745219
278121707
385680687
338035352
252920616
100064295
227444846
302075287
71917269
533240232
480516281
137334003
105071732
271528480
364106851
10609609
276643911
231865039
52993312
166888652
193207152
134904419
330130040
455412115
145678126
378836343
267543666
505383100
61553270
51584083
87569150
112167492
321161622
145995257
276106201
123831765
480594199
262138821
503766698
241113216
162796072
354685054
320459229
437839804
115721676
166389896
345116385
422692103
378870994
433225353
348408437
304862876
504202165
67716054
161892737
78681039
486103429
407196680
61550090
64248526
34058214
272475586
217258058
300995980
494240874
42286232
233808130
360031039
155996028
25350947
464478761
155836826
59656540
43689857
283504734
70935177
211853529
354411894
305086092
384010595
19782620
388236195
264190878
205925302
272244300
484834230
259073052
344314048
73213050
266423592
209223342
502151852
59879820
265385765
471395768
118164971
312594252
39816115
31761681
92734197
287627344
124592817
99560363
358652509
436325441
234580184
64417636
333185153
91871300
275465211
87978697
225043555
533324642
256910226
532050859
11786903
92310593
33825987
74269385
97301781
525978987
257863878
395992763
70321088
512856085
488969130
313169135
290953897
88466923
243715049
16843388
103234825
426703937
30085526
481577577
379215569
384772006
515920146
26607153
57968858
348141439
492744120
119957966
478651659
84212189
276916114
75810907
215575134
133016235
399405517
239561472
223976473
398351558
195371325
473021897
197662343
167348932
384178003
120291130
153780983
348790203
256130185
234617148
249817226
205766618
243710355
430291122
122555859
199104581
8896555
65052266
519125919
477251823
519778081
286381970
275506214
410026038
453663271
191272993
120769441
328836145
128374912
129416382
391436171
85421455
385715186
396442976
248201808
72418271
393215597
35068789
488772895
320703339
376870991
198889263
257420285
150807010
190126432
258460404
515294550
534652390
440772679
104928306
288694510
386879935
124030397
318978189
319226710
141238488
324715678
450997122
55403705
170235340
234804450
408570464
447822878
510843258
147429201
355924668
64685660
368106672
445348352
105354004
510051321
191126804
452882572
112481570
189238759
108409464
204477547
431589093
210410257
469439798
130760148
55672885
80887578
268128828
406038241
424344255
332304475
134772849
38606296
464017066
477306897
176343605
11438551
422532961
11154990
44803056
117860285
536309814
465377432
192323533
43898909
405217916
51321122
342917881
248522684
391272187
267629889
357044850
87576992
156382190
306158333
55245817
436057421
26060901
361575509
320613335
321388746
483024189
497316213
501856653
276990989
127439288
284770420
186307752
521723737
477470032
238484078
64325915
357012934
222831807
253866860
210576601
354153647
455401828
104465926
115833225
229217069
493935254
441980077
493068944
294515840
45312977
443384783
205847477
531953003
249642519
290539212
426276485
115649157
324545986
140066067
125010902
108118805
146951455
258771593
409841194
408746921
30773657
488441346
65808
147830504
484271181
157881888
343052526
111667533
40235896
224377170
291046710
495623504
113419377
159899239
517331972
291269723
17720791
308459460
343055740
69239023
60492778
503799646
212475908
108118276
152237506
238291630
1010342
136253292
142648013
76031510
211376572
179316374
479346781
17170304
442171510
379552918
57250771
206946994
128402471
249785477
442698055
343121147
428039780
355286839
409153731
161002775
420073729
150410793
28533266
456196623
17104498
310181353
261497665
208162602
25952755
409964261
466197682
105233214
122588783
137519749
20473523
291742033
152782921
515329242
115718785
363860459
48378763
335494196
518733279
303075383
84210944
393357049
212516805
290325054
210268526
174978266
283326888
31205081
302717643
477871044
170879995
91513372
11828308
109402238
448653498
177251056
337639160
144903204
229196772
8280122
43488304
182772430
159113255
35451153
338433397
112559213
86979837
187043654
253795242
140709918
344113326
196413739
988308
456377426
228254306
319186420
499285062
125727648
529537838
106225485
58331993
183525851
67322293
536339387
37359760
293721847
251800469
493048532
83740772
459803214
47800752
358718562
177328847
403196057
501284891
415043246
183452017
297493464
314251016
113893631
443734332
175554285
333962142
261558777
253604436
444065778
491150415
386376309
485482903
101470049
117754061
271624504
42432703
34136237
159831314
250749298
329044
19935735
11267644
263796321
504348367
533325508
18856033
113469504
12343826
364999519
224321449
214702061
488980990
393652942
440214131
276956444
293473942
411054680
187969215
40142077
272406991
386577358
119333198
201046557
335644527
297125044
303187382
274173994
469272169
121194264
260279557
524571239
321288724
494256205
492349142
140807164
209099772
471462635
177000359
183133799
246383101
329990758
322312254
427587819
234583853
6414238
376968687
182002743
273827012
230054547
185065528
132710756
40314700
465837860
177527805
212062580
479009418
269447612
471412998
486870076
367781750
384286200
23706065
72001728
182257277
455902201
222002035
148665395
329455766
404599358
424199343
104675481
427263079
79986194
269382577
99103219
67997755
22919298
520475725
81771086
142073721
223439918
327107525
288310570
400276835
70533985
294709520
317166957
150117191
36857958
534238663
118225620
115284588
161588313
168533543
466024056
55267084
473322429
360068620
421391354
473531634
401594244
120516961
35659458
293137375
71893488
167035307
520224745
437870028
319949872
471104623
238290971
25153923
344763983
374427804
133572926
119034634
231004548
370677629
474149716
81504437
472322020
503365890
9477328
259429981
12439484
26814140
447998134
517972549
82903916
274526322
276797774
369768122
65083172
368920141
102578564
97701472
382298407
62123840
406510859
442403622
514264533
379228260
414610081
358581707
355449349
89304847
258860552
523373788
432819228
294817296
294097854
266907677
306273762
247653472
390148806
244904057
125106436
49174034
146674605
298071423
17391068
324274088
253009706
432739516
252200207
78233899
149088378
374506163
292529694
76888228
172799126
26852813
323017800
16597287
239072258
536436466
356099141
266292895
456371811
151078280
162724031
163138093
21773376
935547
477999394
412360447
154612741
213745522
69971447
230309146
177073533
374305509
183048513
133771202
133514636
123582152
53570976
186992121
430849095
137304081
522945739
144243293
234150421
368364356
157766143
54803945
142740984
177609369
519260769
454477164
464720260
287398774
393859752
345300574
40398532
123279008
407539073
380392532
513634775
187760576
397679876
520158819
486386182
75003768
178009608
510841140
28230698
366032504
394461060
6451626
454534606
228400271
130816898
59207848
303842339
324587087
419865177
12940686
209358122
33852736
358751567
26958608
439084398
181841000
474111368
103681725
498304511
485890252
371759936
438561859
34119113
137631400
467635497
369949971
265706074
305442873
239036994
440698640
436096935
389011369
47014847
449814307
286060494
493347589
253121880
172234131
462996065
500509273
42339807
440223709
62475
251295148
301084553
506548274
115361496
383360466
483795849
500407534
26146187
97911357
240328239
75644764
403309101
269152432
354962424
169668136
515769398
292748263
463638594
459945155
486909071
396029701
182580977
197265524
368697388
393812175
33954549
492610072
499593397
291213134
295932047
45215388
37621891
510773955
180813549
222927011
405065230
480012363
507765482
396685002
517181618
396328805
184682159
408188579
229032067
214269798
367029477
36912574
282714842
226756399
19867942
431403213
488602062
371820361
341471878
510824647
239830603
453628686
297355562
162634784
79176327
37182973
335796552
417084585
171289719
399414878
536290071
195368207
281159651
504074012
398116715
173554571
46621253
518410509
381691972
305947525
434994781
91118878
511843894
207586131
52798675
438559438
437824702
488773851
371831299
166282945
214219520
416341133
535608402
254521465
24131711
49004665
111736005
319694241
425001309
114893321
457612198
498394524
126515831
81688555
282302901
353714403
257604006
373742056
522935769
308714939
122079495
114581367
197507000
90269395
388798831
161542758
535075047
119035631
253425786
108699746
134194999
227379232
337386232
163026507
316240644
347281376
431519768
166797513
29083885
83076543
88484782
511698440
512153276
192824945
334709838
367207743
437291626
10160357
206154368
425925160
520422830
98219038
7058478
402082529
57778079
425967863
327631722
220696917
62385552
373066737
112978511
508411795
239073870
215043778
500200092
159652282
309092922
500683401
325522829
516139678
118211836
219198882
519956803
349370932
463495088
515947128
170886799
110657756
464544993
419306325
63014562
210917499
448857619
242627624
313449048
110231390
287106845
388737797
404937028
137584840
2321841
27473816
69527680
252823981
90482076
56140425
237745385
125671268
28788348
12527563
6558837
523932433
455562029
112942330
17432606
11016869
348139908
154525789
199355187
117759764
48347438
204155706
331753214
518680887
367741797
204503240
362639405
318744424
252796910
500620386
72275134
377183197
115377355
50509417
175512422
26981622
386930143
302036710
116741277
333525148
184071102
367624441
416842779
152872619
30980607
531599798
294269066
187773775
435827866
241753169
46154122
282318381
44838189
470011173
213211724
300964208
27185556
208821513
224010424
364925091
220528440
245855666
364786525
94405442
266968714
343177408
179395345
181179277
261983385
479963337
466288117
315097628
13473025
126929746
156982481
106590379
98075517
111862902
330578057
183002757
347613694
138539388
108477773
58907555
45426410
109277155
199009891
105356757
454054500
34856446
190059282
373801937
439115221
109473504
461957482
15419056
510158484
260955611
350082435
399469870
296205511
79137717
144085300
359295111
437468108
435436572
251642217
147537814
209434916
444456949
438003804
411750295
383714928
311434998
455851586
387104790
324139308
307276365
88790441
120897385
323025426
305254003
482936202
151873117
132614251
21281942
389863342
191693212
37700041
374077604
519836696
271771658
283802970
260237921
181277906
94009026
69851543
475756683
274898946
57310434
491729642
12296452
528463264
217767306
57652932
501810497
463322563
442697171
42283838
372785144
131411720
525272726
293946813
448652937
209202226
35430544
518166460
190808241
93807374
323731884
218174276
85207816
113401841
179928026
522921580
102041805
17702536
22361907
446459523
303035349
319419252
79527711
138092303
305267449
153477064
386178115
289694429
244157963
380338135
205858602
184857448
88395801
19844235
407876603
360467107
230289290
141246839
156168162
429193895
229778964
97395720
143816209
219913903
2181538
511227580
511505004
273262581
121892454
267190551
453773829
323256734
21884772
260602310
29311943
423598223
210408321
258891085
90751572
167066081
504529119
145532470
530437279
340520005
379920366
16953880
290038868
340529736
318758994
474430182
158053508
177054342
460971639
25452991
10713582
260775118
403551247
50316144
246426874
389452100
311464683
3393289
28521313
491399485
498951416
110660459
102395776
331520284
483538882
82931864
507719784
50399131
444980544
364165582
143991521
135218193
75633686
326154997
525624156
263043147
180758290
111809230
275476465
114503625
111919912
253943792
6834640
159827496
169442551
217309092
378073467
112628251
405595586
369918116
207516705
412655829
371849904
333153305
507472584
460812136
229579734
84009003
22656676
6123377
31230638
319973874
121088065
231296003
66354520
396810768
269038959
67891822
446928885
77297606
421892953
400352626
12868338
185066310
450652671
426817216
193037587
258348575
140541243
1018447
142331456
426515355
106011612
27700311
381405132
493430801
64389788
265430455
56071666
211995524
202597070
225070247
362418611
359117914
62622460
248933763
229153079
49240106
301475212
145812627
495663643
449485146
463533408
482857499
283131342
511708371
51864593
241301013
182010751
249095918
516902176
343724082
309376031
412395145
515183256
295135404
249438062
218021343
349208230
180946749
505471064
229962599
184827065
346913663
389895555
177695360
252396601
341621284
434383999
54273569
429423187
386927345
415242568
503964762
352595117
300116661
463919403
83023849
159684176
457154419
155872042
514082137
458323828
527024594
236500780
494170383
168266887
367158814
257161273
312294772
425126537
200735055
464697835
363193351
400268253
24343689
507066845
364536591
407574662
482100207
406822789
455649142
354918488
307361836
500867696
399174378
331291112
384009584
85876845
401799679
510127517
238378979
22327825
243338428
517200006
529629422
47033016
473426909
128057541
439279826
58333069
141408800
476515122
388247312
82080649
270460563
72361676
525244146
480191634
108592846
263497438
200115125
274489699
420162831
188270839
518798210
273069396
430548252
327693026
266640825
400848789
322901659
423617516
107074878
199791321
89131377
530998058
356926548
445082204
153187414
407854360
273860244
240672439
101119557
529856340
156567656
456736035
155536911
480951549
274137912
462526811
220041695
165166010
290149894
181503202
339210942
452648153
202532882
386267708
167315449
181202224
382773438
474205042
369148669
460231184
414720867
191639660
527385155
138047431
90795228
203444654
210119313
23834748
221304525
263672341
507130322
203505425
254342383
299719958
160957558
436675529
325066940
106981068
87681997
117675997
493931735
226511571
236306818
457882316
502705484
103680280
395294784
289618094
396225334
505315835
313247034
82233771
34124291
40717262
330387685
79718090
394038013
137102582
357651233
165309476
473076025
506738921
426341637
181829235
159180988
520365321
490857781
249940166
364670507
427158719
31783683
449205843
445972034
295009569
222412618
168860807
378977585
53472652
183354436
266553805
500963887
458444582
261687660
261917035
340209763
200335562
468901570
412077622
320504762
373197119
48802297
57757971
505416967
332339821
425094884
309655278
211879514
381977904
462009501
312588467
499019812
439780491
469408284
392746236
238927069
324279264
33218095
143708577
377870444
392770028
461237962
332522906
236729788
90183335
503226092
459083674
304236224
17593746
173211822
158046560
16413266
338898716
169212982
437406941
314120569
533563368
7791428
44168127
216840182
10291858
277642196
89168341
387558713
525820101
449631148
179184938
178842085
17446010
285052765
173023274
397826867
146760364
441147765
402788426
351142653
204376370
320319426
18139607
76661938
494201593
265233921
316501241
