304894059
344575872
45090672
404849797
519889066
320594996
329892105
107249462
42576129
125557094
334348549
416734367
328347754
408858388
169992376
93113212
166591050
516522659
402495329
300357072
412443426
392308573
373818574
314249371
328395532
73505966
78462212
18023763
193723311
11931636
127829593
512440026
415631586
154921457
471299790
66441389
167094430
36335931
346118213
425215205
388519168
95634031
419727074
411599682
424848298
363814871
306246144
517288630
57414133
463342558
271238315
376950371
276109265
349647190
235319160
332652206
493444993
527280431
366552839
112027807
520094532
529359349
468185448
527597271
403560962
213074342
147673549
104614873
232055894
111067037
169216689
112360993
382080768
61417540
121813479
287358104
30271733
32758454
272951831
231356834
34694977
212305604
53089096
378139520
135090032
280587052
260420056
416185433
400678065
18149166
128396190
232684155
214519775
458673860
487793273
512317583
425110623
200682784
152334468
67164215
225943857
137467371
212424180
215380625
175597767
285740913
512024860
1237072
10769810
489387001
98967955
474122911
522716947
400273791
154077452
2212728
194243569
25418402
394027685
187195216
102956161
446358524
291605697
50197402
235466052
247603908
174768682
523099452
396744139
475071935
183804033
504337464
406293958
362114662
63289002
308394824
503540076
501147244
150749191
68857969
278576430
153943160
343745880
335956707
239858817
150032026
177626981
6620688
496010331
285640385
90682451
408806991
399248828
396006808
306175202
425551714
496522109
338864732
390374293
284464392
483695977
282693351
489040781
382074093
78427227
427417835
426889125
480013440
112266005
277726996
483041086
417356955
454810900
475831549
226130269
308131862
36195387
319398998
51597245
484600931
143332913
339047633
109745062
93692643
7889013
400745305
53400660
322618494
59713684
236565510
37768909
286371493
227653989
106179843
223842896
7192870
246434956
416297324
37654660
58341507
188720952
414744240
164406824
185272956
464988442
399876343
400774472
462546307
474197952
50139024
119908621
217344839
262379912
469271670
344596142
336669823
313726649
112051553
393857338
388305082
310041830
153307666
381426852
534866343
12634179
271683751
40063159
93226331
360811561
263095572
408934745
73773862
395506751
279652761
265486826
231847230
176272989
276869603
419033163
443421614
404202608
259816400
294686786
500685690
447560730
332746715
521555089
383733833
214820255
410620577
414842542
340944536
6771451
290693349
349818049
387245467
292618916
535445614
39964377
254950132
182759867
180303360
249980075
290826710
104567635
48073904
467013242
127858894
86644315
316235963
372099765
283881028
142703573
203313951
111611576
211234859
43199206
207292065
213687706
425822926
82207933
478419856
346724972
230786415
167692944
240959244
163452038
430501516
63314699
56169180
315315900
139533337
531481643
303093030
180121516
168952685
108160125
238537288
246952056
168979966
515352653
262777631
113909904
443968115
169921415
157647283
249792406
219302923
77525838
331578486
307505386
472892318
535221340
424687286
238814422
405875861
519233485
532949250
519100101
45259839
90580866
181975550
472952765
308231036
376080354
92404819
364202280
39147024
438314593
509815211
450597682
340202342
433103468
329328763
520924416
185724311
462816841
468014666
5935153
514344285
4026644
232239940
353898713
30008737
318793405
105272007
178890505
112241218
258752424
387675974
372604127
411160160
348783843
7759563
61052061
379001425
304656058
513687425
456718289
333024363
153386020
40412674
129203657
74676358
160357581
413759672
436851809
43923394
323510034
306547726
345531193
267857737
50970534
249188012
349698615
109118414
159173314
442526634
194817735
347494126
518445651
5201538
421189038
146848167
190401082
501916271
105745277
331363837
208492844
85343004
228715265
462330773
41840670
366664094
116812671
1702461
437444657
259345122
396803362
533775937
529975207
459178589
12457043
501078615
44467622
123838360
472345285
93520874
135619661
386804028
5034005
129461287
303342566
144479264
199468337
22857322
513847128
499159951
390005813
215166167
116763918
271303655
392825019
447719265
144010086
466068716
173587643
20277464
112430981
56353745
38821530
81648459
229652009
357858866
86957092
191698852
341967326
456476825
446852756
251687312
362682017
456759968
305223025
184372304
452791700
34138863
316620064
169976774
175805890
287198803
281648410
329129564
198670704
30009698
467052531
58065536
73312365
421622963
422007185
2686151
453026112
77533820
400567290
102810767
52519092
482410103
379926401
105584969
58402037
184924987
228729132
445811872
375027288
479032848
344520659
303592044
504362202
101820522
119632021
382284769
69560387
432035186
205377081
497353703
372376400
142886646
406532266
141165426
313029753
458170642
502317150
159799774
273579729
345750939
256164617
295167322
249504252
96488633
111854713
456066064
288705023
170573401
77696088
329896214
346050323
228498781
47992070
314318597
410571993
288691588
371437730
85800372
16112772
234585550
234387079
62371054
391568575
478400240
85513514
281546944
421773628
5014595
257701418
315942170
365502529
261332707
349915140
13479216
460550024
147988470
24851700
191220392
348820654
260422828
279247393
59005388
21748167
417621655
459459884
252758105
309455561
254979085
254346842
155318572
24121376
357231377
232892399
403500838
441038552
406037815
319424090
165485836
345050866
6006141
207489140
443294375
315720467
341252103
381164086
131231417
133538147
97130528
473762914
385843709
87598151
361291928
453725213
415083026
283170245
295856675
534673530
365599683
202292838
310818594
90864762
253978208
530910973
270816946
215538759
268846259
434678805
206524045
367022502
422912930
120213412
81985110
453844870
171177139
348726761
411057662
161529901
490065344
518912962
155330419
150385485
143794073
235912500
344250376
126132630
75547031
497477646
108966625
90193101
470502202
496621249
529495907
315809834
529439439
355627527
519871262
505252963
97187920
316495859
88449267
75664759
38683324
504496226
53933682
457283126
480917583
146800497
280073546
371406029
71696434
436507777
467140186
502818348
310877538
470853948
75998648
350784715
152632891
53719589
38166333
423832119
333927738
183239779
512310943
220247510
51305316
342492116
42690772
176372283
224563241
285038625
243480948
170004550
161146787
326051570
473153417
20003040
381769804
270819036
472564328
442523918
314237918
226193867
218956323
518054751
460350075
241888583
213781062
316360853
376439937
472449529
218710690
90448069
505676874
506502709
173580059
244052409
322853043
472243479
116558578
175339821
440612417
361503647
257459054
180196762
357393013
325758108
502389840
529819003
186004127
430847967
122933602
59808302
157098815
503287744
370869967
38258123
486342351
456663839
155885834
388217588
468027382
328228577
381842197
425030238
275416128
122152861
470150738
275771085
336800944
481764661
323064742
102962140
213662245
443201114
162107911
309528054
88332741
456538133
293003667
221937326
22915377
228548376
527886770
187248316
320357685
315827479
28370784
315814222
372309430
366327387
185471391
172672026
522984036
253357072
344351427
349172646
519952899
109277615
514491281
499750088
275940452
496128149
431878799
500263382
101748424
123361750
478501698
1118869
323559512
73531783
416485468
131728073
397723914
401150053
140148078
449785908
479307078
199528103
338115135
387501071
453676604
464990930
42042016
520894871
87550001
23203526
233183000
120233591
258350527
112993965
33972919
73713946
416504948
451752868
102220234
171113148
283653728
247052196
160621127
333173877
378940558
396302844
81880574
351736796
145970508
102268731
516026314
222790403
261949499
117083704
285291441
513268824
306970997
528733192
411913722
212193105
382826655
72863437
138081374
505986400
508052456
517613006
370591269
330985395
435984872
362575699
214800053
311423308
269124003
271547079
493454854
76352444
282785086
401777395
145906044
374061442
248524142
108871689
176595029
308217940
253519560
179515922
62592470
389054295
502381459
93004669
509477649
257763822
144377294
524254446
236849942
333066238
493290035
487056763
163974125
48437093
53207440
178273019
531505447
162600281
298413108
521588954
196472163
302439788
529715299
30914691
128652394
113008007
465149437
264930958
213484571
247781223
484354530
157422784
511589073
8436422
75679879
26284990
89165312
492446638
527984413
174544229
523619445
511044970
70606248
80122000
490878451
29013222
457648481
476223555
138344521
136199643
40554686
497581947
424897930
224658562
207777236
178447672
85214903
419447273
284745766
18133384
197650837
467675611
102775670
16022849
315203800
300838893
169631360
80964889
255979361
317612746
185587945
328572307
116604071
284672809
146963401
515265649
354080250
215317097
376017077
181916087
18276425
349613455
86459148
154057556
344273071
306933193
254451452
119232423
419333785
407747165
290915606
429376418
233164529
427996632
473503750
179113692
195331351
213832725
251666668
125110025
413047510
165853797
306991232
65823516
479438028
471768720
141327299
281072226
475888061
504312963
507318640
7647946
442270971
48541745
175739995
500002376
193278928
203843983
501685048
37703249
69071732
71947045
257270580
50299937
362333432
405748566
251313302
322051492
154608691
523274262
507512605
88211727
289387175
36025619
435715603
131174937
285523913
146311318
360710500
289501394
250406188
13655980
404637049
500979560
379052327
169662665
285906898
25562033
338556588
381716726
192824246
153436182
84914658
308818393
120317544
193984954
471770080
160972715
22541320
6548505
265418767
95266149
507187405
194976334
311908511
42305684
504999377
432178245
69771350
180091943
441453760
102879370
203019101
135338394
225868429
216981958
400590597
450639803
531365394
201894596
212102444
144605774
219045799
197892884
473824387
269860905
461971274
34614182
36387584
450274716
88303057
236861558
480730136
90535417
365364283
159905848
133670932
477494972
151760680
88130661
70714637
187910298
457030600
218881431
106130658
4130607
526110405
387271772
100980308
226937777
503514403
142604994
165148657
262088328
532805982
497437882
461822041
460496034
122328155
210636516
4709782
500156821
511108209
486398921
338445151
206650761
514365256
209571807
28566199
501504269
16977994
236129644
373756703
390144060
17578563
38410608
138189933
518986797
108930770
34777031
441492811
436822864
212212699
383620017
71804724
411593162
388580871
443733303
497035654
133363567
309884344
468444015
155689771
306886151
509398451
225889381
136901182
181598646
220959137
32272006
258906346
60086737
8251901
32538969
387437945
193312764
185712540
308845457
207247561
518742981
397504271
483100830
479346468
3320562
167103529
76690671
53382302
449050264
292995973
211699010
252909874
346488023
259244937
200240806
204488992
121993309
399972317
217077038
185481052
432121264
214144280
436298016
467046685
132628003
308225230
418362140
85108161
57874096
530166412
184031355
381541036
243720416
113301955
15628489
85735720
224908793
418559905
101562154
41707587
237292869
186659101
496317701
230202327
130726049
64983179
525969870
518750026
439830922
23554110
185217612
461386238
466492780
490210907
389429936
221995225
526943104
180844257
466964924
197193286
294300170
524808151
410643206
98705538
101532298
448555865
303609145
487113038
279556699
476837980
476723212
474040347
89794670
403112957
54098673
442682442
162041025
49015877
108143081
477019582
65369102
516836862
249352983
307269867
535386812
169948363
16944153
83594441
101772945
324308511
342122900
283050807
379229743
524557995
292167927
375837227
236022800
456874606
360517084
286652596
517791368
209010821
439919300
134587099
7983379
324420236
268309022
13888209
307210606
201854967
334394245
19692496
442426041
292308294
309249337
390592053
45952931
374258334
188942531
466012143
262227013
229726232
70787961
211825852
332578835
456918597
20606143
51446869
205480166
181028358
136323934
372635876
259956651
119450868
385658992
413328420
385267335
318391308
535885095
419903741
196718572
521462033
339442407
400480411
510966744
73557253
424409181
53398519
119593386
408383719
266484660
507888298
515228948
114248215
206139185
366670340
57682508
139450759
234461907
188034630
484541055
113603160
318173123
231140356
95591945
251192161
385306711
436419659
249024040
247936143
46766164
128609514
372758245
530255545
334794406
476240213
173849047
523721078
167524176
478434464
16581655
456388565
252221870
11627073
274019353
400175844
376590693
531389582
115048243
315291205
313366533
15105110
499466196
512786537
13540690
405624399
470725150
377801696
257429659
461056032
233214559
132934938
478431813
321206701
482090765
363016709
168532052
434136509
521050153
478353151
297798964
532466647
521648841
63480543
337528047
286859334
280180103
273048481
453031976
63580735
259777816
403675871
363926180
459398518
409112676
497140613
104673986
208064420
45617007
211224289
166808445
135282549
462519276
462694248
377408548
459344151
362255049
115354759
360808155
254372394
263748336
281782620
358283772
219848003
426316074
382528864
185010869
39191207
423606202
297750298
112815843
267163745
251673027
22167922
310776768
462091250
56716714
312040724
67030351
34763854
327464980
260539589
96034475
491127485
90957373
39524053
48126749
312143174
231963968
306793107
16540106
404700156
512339197
199977280
72308310
111953141
27085318
416236050
346062356
93584629
385975300
55063785
164342908
175469961
485313242
412688210
395675274
397072310
6274002
61296027
249560146
319130633
289628530
5514857
41817987
300433063
53165154
381644975
536350424
462485894
351835537
287471573
41103468
333359535
203039315
38751653
274575219
88900189
350115991
282749675
320318075
489458887
192507273
64858433
164769194
159140842
53852121
344646863
477223200
460319923
226466119
462498451
340718998
160791293
412205224
87248894
348812002
152085158
270156409
74100125
38323941
368179711
218744459
337012576
382520875
351512840
364809459
210199530
87207119
7793600
299759059
25284150
202858673
14661398
387479026
342048495
466303988
188441558
444153010
186647527
36214126
393169088
76124474
79970761
309236947
216108395
83146810
288890566
174992877
405940439
531876503
239855848
43077981
289693097
324224610
77355654
311497478
147311104
171127882
509857714
445315219
193654908
219952462
65876851
133855871
344343029
393963209
129635952
186159952
333570200
412265252
163599443
18196233
12184933
381768771
467430017
499586284
463650784
442721691
61900582
484354595
23187379
371072568
288687938
149748070
147142190
446987381
348891247
65657851
328855954
445129747
407224663
328733791
469805226
221730921
132845605
162721884
91592232
71985345
454404006
82819507
479030745
432528154
235921495
261128551
42161578
516257989
84038291
4120501
305033051
303039608
183299395
284834922
511146783
309354119
211508852
520441216
425329724
333290721
107212809
125217341
293176315
495011360
531193961
470748472
191699970
94505063
234175516
459988335
347631770
262128683
224912838
498381521
47092933
230006136
417751843
132975042
16296537
244422809
25753512
34759116
174185443
205907016
275150304
400035809
409271570
516364024
44026437
55346493
358847850
520395529
366477890
535954600
290471738
421336854
323008880
63038310
443703919
190851417
266930068
8690619
434788889
203318836
37085852
237765879
470489657
316880887
5101177
135391710
212504457
240329898
391744774
143173010
140830228
310258912
10204246
84207638
64523210
497726715
114338476
73180046
405307657
349995911
398481906
251142761
51026144
204775053
329853273
66803485
151651505
41954639
29454011
245348979
344543085
536689607
400285244
184523507
70206969
103911093
379065513
322294511
397042691
295374881
338621590
78020451
199170500
372475784
344591673
81474988
428591292
102664165
536697649
483173885
398440244
57437659
126252383
280774427
132003837
184657738
320747412
160524261
532505059
168898586
174265327
287304985
216178454
20853606
336100742
121372604
57239204
9837697
222489944
432361717
503106556
381962197
160758494
430529166
192724805
368019691
447414839
131760634
420871819
414038235
313877107
519939613
306866669
408602426
458852152
161162977
529602896
295857166
472331661
377091165
283014416
305974589
526882647
25214827
414572387
508847380
437053345
345984096
358363753
115108955
229731645
359394086
248404513
79788987
8338229
47327075
515806062
85826643
105677238
324962608
236391939
529347124
108333050
264941768
15679238
451029686
333366103
14359883
304559078
375277511
330711914
299159374
428370573
269777461
425948287
147980577
146429156
83475412
285006530
166708501
533998170
267518374
295040237
181034733
227328072
278243644
73426025
365346278
210785361
369147875
129700593
526148322
228650598
445888591
67348258
391066985
699420
355736479
332283917
53531234
269092435
182580461
216607233
53721394
280864462
41483969
93764952
334191245
269844866
528672283
132125237
380929769
3476664
397899720
517614633
520945074
506869754
84903549
219024385
155200393
181710024
444018887
125913054
499732687
400640848
67458701
341213596
170751362
523498216
351342096
77010517
298101178
184969833
497971722
464446325
261851429
444977751
142275002
197552096
440048594
506080567
192463814
32067237
101628809
264323237
413496897
343259911
317504603
506638549
450832888
41938841
17252289
44137847
119469288
172254895
399275796
10358123
27837660
39308735
47464990
109306502
495936699
123294784
398495134
217320925
201840037
237059372
263899462
307470763
322416383
293247481
369119358
39639325
233073894
221510834
515746373
513216720
81828716
309543931
442553709
520983216
237730924
204201215
340678010
178313925
264283562
155116983
352928047
321642208
105832274
323421492
144327555
100908867
210110055
201232682
454057436
196470129
383696258
269895573
260226376
355532255
79803830
220401430
372346901
282984211
221542111
167671161
255586956
375259198
518977322
94197337
430241226
223229220
38330845
126436707
380776635
111173133
384092414
14316813
283729013
256105261
455489984
43050256
86899318
370025113
31763713
386657980
521094637
498229943
123429894
141848783
206991736
22251594
299966095
458409168
425481185
51957572
437652709
393786154
393069927
330986869
128012823
303036389
44073830
461614704
316139831
125913674
211799199
186695416
456182056
336194799
9266438
191378587
59675711
400921987
501393637
76935100
509947816
506394628
224962511
10087093
230364376
185054802
408249009
178212360
373927603
315282055
467151851
221274994
151314210
339104825
125395224
314998849
456226205
121660024
203512031
21998445
314656675
362982661
8150648
312532360
112372080
406379581
433424797
113693229
190848039
317591218
184975438
63408871
109390712
172508671
392515350
239665948
383680668
363963476
52188127
139065257
363962674
529001267
469071960
343822065
340202906
177826588
72793083
149571262
447884416
247802019
498606616
511900627
165350898
491034763
95333319
215705824
196745042
374035663
337466054
394418719
482948483
448933294
332673480
155704511
215659011
245312945
442732339
427948000
436910855
274054042
148714317
433828043
422071677
143228971
452549003
325789481
88309330
88158118
46202362
136785190
110732204
175336525
456733104
178228294
497368216
509932310
392358018
135393897
465135787
254388730
453206786
220045463
456720905
323417032
292239078
436719164
328761783
371578254
140526497
52851614
506414770
21290640
404068663
129137254
435950591
11746476
14085132
309403330
33253936
236394915
133223008
527923504
261112951
236913295
83271675
389923888
401578604
211424621
13184147
62174515
260323028
230472193
91490869
518146485
438603737
255185690
73370421
448909550
307473568
531662499
250158721
416852007
194029020
321813372
271407353
366800917
463903220
534219005
191128536
436277445
316618209
530649845
233500549
270292286
169712093
313859312
403390784
287925837
131911474
124725462
332118596
483940284
294951317
380057497
83092370
205696050
168109729
55666052
446973768
483880600
49220524
141907666
128513496
282390085
534759050
97951342
388275870
286887706
54665596
453076043
457975320
78146675
22849389
461295731
362310201
1355308
323568039
171131210
170986511
369083604
229859051
111800917
291437150
219395352
509851785
262067415
31113504
362643320
269288703
30121060
413705311
312528243
490143872
535907089
72391932
428574383
287884305
261340271
14598125
229659217
511306082
269739689
326356412
134840612
301592149
431613460
294749192
52496762
29548620
155549440
379340633
100482091
191036375
348152177
529453964
411371013
72255034
10527307
258911664
55194931
64859665
535735751
250281483
189967895
297271773
62017158
193906504
509236181
282999705
23556976
71311142
191346091
289909327
442106020
485366559
25970320
197688755
526923566
535064590
269129617
369628525
197961028
400907748
73861940
236157809
315179850
462458790
481527833
369762749
88218525
454037757
258441590
19622836
15050821
468405474
507238368
41466060
510361013
172326667
146461712
140380820
154774643
302378750
132478092
423462868
338944401
147476992
191146637
194620301
127104423
339441648
481962403
351684740
312216872
49438553
222169865
137804772
82966002
296777056
455707044
403744323
260261830
11883559
79871214
184697774
394339749
336434444
246138274
384532082
78923019
531042825
213978280
223153134
338046928
163960580
192135039
179116587
351005776
91462268
456336232
381441163
375964262
256456562
144177423
270029689
309211429
49676918
15246650
171131667
510821214
433400501
12517508
225283865
141128164
255249566
72408416
138361766
356581624
105407785
246600300
219611261
5108514
375975434
178350023
448462358
207435870
248813587
156055839
394556742
530324274
481346694
461876756
101832674
65261341
168420343
327435954
298209559
113355356
363511613
11053956
129347845
257528820
394915294
356966848
339889042
486201157
342416259
451501222
94361059
440289449
444396294
34001503
263715844
99386426
523764548
336528120
349509724
46302122
71686834
275796192
364173878
357599163
415107700
57988728
364133960
438336983
395349880
126890962
253455315
300619790
344375775
482666006
100685385
522578014
424589035
276483329
411922474
435342073
128007508
445105284
191048772
212879279
102932308
457082734
4756987
315885817
413521820
448568530
419880894
349138482
100693930
86884831
254490349
376231707
200894420
178308663
465871930
499355572
49032608
493961724
276842894
398772825
372473276
24486955
536318107
358446711
289563449
423252388
341295929
142109016
147864525
137155627
512803813
55913004
106757463
130302885
117440424
12776241
205417797
101423122
346455823
348666853
1219630
408463957
153394575
409631171
14229782
454559344
17443700
343864297
150267375
54286727
10678777
271997611
257170656
290485582
124841291
271969943
392708708
386376079
230140502
116713002
478265468
48099929
92181875
161666860
64347313
189512934
59201276
99988009
532478951
366297650
174566432
307967444
440730709
358505571
352023223
276226474
268191259
181746372
430850702
358835786
98926581
60198966
170541715
95279671
12829494
140113561
497528895
118015340
103494099
304578707
193769689
208806993
298102986
224040446
433437118
458726132
151421197
169035498
364434570
144135674
116950735
437208561
282388115
421999357
416180511
523627198
480364879
311597560
287721935
178007708
66203226
379458302
17002387
348915557
427609337
409974734
142792423
373935728
268973187
50179501
365910430
91227260
66240044
9146287
487260239
251814519
460302929
87386737
167120582
159833199
455506520
17780246
82678239
263226293
69583972
421706832
413989967
472750861
183711936
85609463
277637874
327364552
202064218
88820443
207257203
487380367
125900836
203452076
273784150
189272863
444868223
465239932
385708922
330627067
43510496
356707536
516823177
52645645
340939340
25734250
28099289
311702461
161279274
23827268
285065382
337029968
463014416
21812534
527045983
184965473
181465092
146754543
536162904
31946504
160435951
393440861
119873402
25013335
423786078
29580536
295451963
424189905
488836922
494723953
207087041
11027875
100649266
273542083
317494660
157227041
473318245
429751679
166561951
82829986
179084207
279205183
361230848
24018519
84139548
197874456
39907851
502587752
406467432
481921836
443801471
427405162
7522470
103100855
500672994
486833585
376833416
528674533
82113512
131725881
249072434
24034151
203196817
64178940
305563812
161472436
13017124
362726238
373247127
328374662
35911155
521434502
247023997
20993265
422802831
155647248
243231887
459282425
170661205
143716790
92975529
374201091
15611425
27226989
512459036
373049774
210402333
412445805
28359703
242943273
401910400
518714742
440807200
466484516
101901798
368063434
173178576
104937296
400636166
158357989
311871704
170850365
138177765
42504861
524491889
240001412
499988430
58277206
480599937
284853370
505600877
27663030
482922344
450619650
512485191
93883344
40077103
171981618
98872062
510653590
369838183
229908015
241699654
410320382
140553360
273886572
192241141
294544124
226033726
340148138
332501370
84991374
341860488
192756605
355966628
213650930
456505614
212653359
288468291
224015458
452198582
86390668
418941226
355493745
181433614
352352511
100002958
2193893
149639043
257229549
118462397
6226817
413623749
440539290
134278239
460858045
374287297
283281533
529141554
110409194
467163192
369619211
404644516
68454338
36815962
124322325
151668485
134524838
356929616
504180904
365005507
401830567
160349094
154206200
372478600
226939440
532439934
183390106
374116465
367516202
296843182
28512893
132835211
518881958
20446038
393148559
332051060
403233933
493885577
486626378
325892858
133373734
493799299
198069445
351194764
126562095
238119012
502368174
60319187
188327875
503226172
197223283
168447300
473675530
256426065
324009787
510794481
28885405
170845215
234197959
146480218
35869193
347533670
261360944
45174298
184281765
9921434
345253348
28322335
119142431
54708307
53927032
240459209
486316687
232294582
480598673
463997814
87406028
441673893
131317385
249608895
47436292
228876657
183493080
12412482
391817552
292357415
206054174
171497664
343315890
373937549
25030841
354460918
441984302
403121247
280677171
164445950
225273385
444984027
316974920
185706239
182934004
235911720
465998168
5487319
6380207
330332259
349897085
287351272
496987577
432530480
248146160
359604223
421640689
359261911
502605090
140591796
251567120
382890442
204270480
56723582
494243718
175351452
387444111
323428071
446063540
432530628
353418932
71469683
487546855
177163021
19702635
22900859
438705835
257740004
347924557
409070386
42967313
151423662
259662536
153580131
466167891
479242274
191156316
508042213
19489315
247755142
464396373
289352693
311748690
456557048
81978934
165315905
326815918
168536500
477555159
249647004
71608836
525710216
83208837
352503361
153157394
433509190
160248950
248761548
375610738
422925734
1382690
36941077
204466411
429520642
276078419
322286470
328301608
218681758
250977101
529394657
91429849
162658498
353722118
437718204
339984697
147028414
29102495
286974467
130630445
401473588
258249103
469959960
182741860
22390432
123527751
510171746
40243747
391651440
456200360
157138559
534364943
524849534
21635670
121902568
411073458
436743934
295967797
488292675
98853546
434338539
172876041
156221029
144962747
140763577
347148522
9385906
470484053
488938527
360253525
210601965
226743468
337803910
274554371
10829739
113327439
465277652
457699142
316041159
178787000
39420892
339137816
427995108
237767642
62551822
70627460
133515986
269381310
398115761
467776014
324407368
164251802
41739293
498469898
196302959
269260376
341045625
64968003
507511198
259936116
123538681
175056780
303407307
269399162
386189301
109423901
461996978
382696466
218812271
237223574
505611501
125973135
383863274
160742462
86228219
300661037
425002386
498984625
501662533
347702932
154625241
408701180
511189824
29155206
88304889
12783779
508828308
369076518
517764739
9700293
69156312
425771213
397806364
494360974
476321688
513314696
494672418
493055379
450295892
91183898
112363938
291521991
102389085
117189626
258933853
105313892
511268813
142453844
245676321
135579385
193555762
415400086
497297902
104453316
301881040
381499552
428254839
439998564
339555575
269595321
56351725
469980167
466503542
37070659
266598904
24257421
375485105
187471811
146842184
105834479
406254929
300575902
6816191
460733388
436848633
384697165
91596728
384722530
29907109
382299453
167248264
168151082
127273712
10510270
99392021
281253448
189991265
225265448
386954
419543994
451853709
413781395
497018774
454081033
209159615
281909625
281641072
429276898
336303770
474536047
87972635
114169674
489958314
211666108
422745685
325341628
315624043
146410531
266467313
527423198
421861958
259751906
164056950
386974169
284122534
485643787
50828193
504649837
409187583
51296996
399248287
267062262
502041924
404006846
46587733
32080170
52188955
137609314
280605483
221023403
529365277
240784492
285409280
203396119
117665981
472461654
206781363
232239823
85401431
205689237
413284926
346268584
495086208
453156945
4415822
126942338
358749144
446466568
243374434
205806792
450870014
405978477
350694794
461616260
515330899
63752466
420596574
133512506
360882185
353544456
479585786
292430122
93428846
434656243
262333054
129642537
66256847
489903631
130340045
500982822
256829916
282453106
70426474
466184948
164411876
68859355
467240832
336318875
442256316
519328426
524542833
458029444
305191176
102562321
386873854
473248446
484015947
97768835
31645050
294094116
476103394
681589
222955357
280079490
165920769
532681349
338081977
367917758
307165830
4892008
259602896
53402624
93199342
447018390
69480897
240953220
452709861
300993810
76785663
156477344
246613988
449944789
428881465
192436743
499451337
485677560
264730301
216791612
497885774
17134229
335312511
206118452
432423031
190913948
158312878
27865467
98438033
358894462
287441300
238789281
391227340
200965470
189781523
23457191
143900563
419293914
336007046
344348482
396213387
428579086
254077241
227664434
399713559
389093387
119813047
266866755
362780704
301970099
192486799
366296246
180550950
312075455
29202030
293254843
473433646
85257179
489966706
128929358
206045151
94176925
178326786
462300085
436105490
97170629
74269922
120067473
203080100
118091692
240359021
386016423
245759963
358100573
97571519
100337302
533009076
266833683
390878201
131115099
298150455
194582458
24907949
303713284
186444731
10465667
293710802
433367726
207780692
205504700
1197514
496768470
526859109
79764221
403813143
14474645
24890633
273058989
417039437
303544400
311580852
110359332
83481512
325774237
135693012
201381214
69363390
168013101
21132410
466518291
375105834
500867483
242336289
269584101
263403633
9131071
424462526
78385162
116932008
314172421
128046901
484808165
213008512
517808637
432123002
356984719
177640587
140070644
381734538
329503863
470757208
37645551
527048294
378167344
460786315
310341631
434400301
216560225
271404610
285636230
58853574
429922538
379202432
123372008
93241824
319727582
267864210
182489960
333519484
26873169
405201170
154605772
64689435
418371879
134019193
199539371
9072880
376342911
168325658
332737559
7113277
181579299
506100793
78874316
288709061
21321361
43910738
334644177
36744755
339622106
263949257
423553172
146179808
439246993
63644377
154935281
90346068
287448178
225254948
332549410
295036174
399086605
133934176
116630616
344385223
196765107
8285472
110099847
325336091
200509365
377919115
382706102
46675952
133408969
66972368
322158629
46774389
230821907
1922068
240314556
208588424
309741122
158602201
344729679
402998738
43571274
436949123
242190517
320888827
523988923
374998566
294750303
220850854
425415998
215371783
122606664
138467425
61989153
520190964
27953726
266735768
498936485
280282988
504829720
332005706
410561528
288252132
369810079
296581930
37354841
179387595
383524076
454094895
451823283
533671198
80259070
295226739
48950430
363447479
173787463
204076458
193443453
387171735
453101090
204111749
111970098
212708328
351252989
349246091
203921698
201436037
335803965
314614974
226775423
82368180
462068799
259739977
48838134
122818229
84141288
67160586
316055846
267513643
516053578
525645941
107660070
423782048
203097342
355758074
393615779
497638388
151538415
294722067
386197214
509044039
456357434
197151894
86071274
285813904
25956093
430103088
134329274
63071425
216120492
1737745
440340572
310599866
357378682
265504585
218879841
476719293
158081186
447084426
133777005
205315636
323569643
374630248
203509971
85844516
523928349
451008115
309501116
106605614
39471965
357962324
250533145
27411553
168070401
221498182
269657756
290554912
341004358
47918875
105471433
500593550
188018816
239287126
480692416
333882562
111977365
86649096
286552556
392621586
251568599
217987572
241698153
22619329
293366122
341480800
400733826
360243759
109761474
176538360
319578190
457407214
329306716
470018190
197841367
43945551
535575961
434337944
427262304
128244475
386038699
34072137
514434916
536316074
50697355
197757736
432038557
355900417
287113347
317741507
333096278
339961740
130037824
501283029
274676146
66220559
391898122
103365854
5801997
457812057
452720230
352585656
345716008
424178462
169262003
446841093
325946119
57002488
424974365
230319635
281948102
34167945
170838816
449231300
163185232
143149154
62405459
156070160
190843483
536660821
268329025
237868224
60482596
103233658
226660250
7850912
373982894
87018431
202810077
504177041
441749175
107705413
146529768
374404103
15869127
116256850
45007078
432148162
412920018
438436177
76640718
86461964
181139326
60646705
80108526
330209011
520336907
212936742
380716342
298259163
64970599
297874998
180802568
295608634
441173260
233739683
83430342
513641460
58342720
115895025
232106248
459599310
274617198
413588484
160812047
356833657
61571526
100169386
239190633
250264894
45434304
359581827
116175445
304785475
85162766
373720417
159903643
202997486
3333033
492632150
216734555
514981578
237233752
30640981
499971692
376085747
408880340
490838171
194290322
121655073
345968378
35346181
329430320
297996357
358375739
342088629
157952601
521092944
514800255
58294234
169828033
119530119
17234198
54123290
437961922
182639906
498714304
458621172
320306205
410804634
230243693
125596672
245196714
142238172
403056624
336148566
331002565
374170119
323135592
439167121
343548105
360412834
165589190
194345499
82901216
398261057
183532465
432836711
495378311
329800468
342375917
203250929
306907560
462029074
171878014
439607591
297273656
329746393
348508137
421533630
240814350
510771947
344960196
315091256
377928482
75064809
129622080
173627437
407810393
390584674
35794447
511933646
95111964
153607296
536262661
254299449
91539927
52032173
2735965
304861977
441157919
61729994
67005691
160506522
431336894
347344423
433426381
447873891
421475105
461982661
389033270
233353580
371765292
355134375
266875127
111953305
56404168
365796533
500091982
425069010
270770197
316104518
314990215
336995645
119828976
380504881
351923139
111039421
323824185
481909094
417019681
517777546
260750453
378690405
44023606
238352069
373005011
109357953
435781017
474082399
403535376
34593823
346991954
44374034
202793992
248290889
509826303
185154055
172874580
108574865
248156492
417183490
199825041
20824605
344397007
408631225
91347922
393149578
228430489
111779701
428522011
259675665
212482947
379966684
322989562
116741463
111947213
220636724
171106230
327676056
495339267
10849094
77631257
103783600
144022783
503487119
435154341
419876996
132855433
502925545
512108849
483791079
314789233
461165203
31782693
96396959
40657696
272515952
73806236
174293481
525159374
385377211
5288629
259568532
276022876
480457979
6841402
412037160
90067509
374115756
393636131
244829535
29157121
221269806
337099460
5015744
287809444
86589668
45668338
366754581
223581257
402492711
441695678
322083744
210777780
253126528
509766452
131928071
187845740
34437921
446954287
228938758
131533059
160281883
264635628
253372910
240183908
6020322
56621437
7994885
452351822
54755026
456618536
432703784
80730281
423042995
50373136
508627822
67847427
139437268
186635006
373041184
232164245
99450072
84441067
512510363
429094597
148716598
114714170
79913983
59485994
327141689
208125824
306842888
146412408
336530164
494279359
508102133
330190964
373528078
144128292
77170634
186940737
414279341
298825973
253752185
262094706
247320629
43205369
535953007
55301691
419634298
139463351
132330217
101584940
141263496
497341948
525242467
129139102
270951386
469505096
422670425
104894681
184751901
211033585
323403461
91934707
49986737
400101835
37141142
500729598
495518224
381707720
23189472
108405423
29582894
174054640
195719984
374672028
171086055
175241591
192139767
59375829
345172220
452466079
282777701
146393247
436922328
308331752
47970914
253120088
130726952
106599791
262238884
150453592
433688042
298257135
167752281
486335208
277364035
190419638
401944280
462334288
493591869
101370011
460667828
317138393
302756507
17796533
253690219
382211138
254036630
193832185
219060420
281183006
340103575
188222664
368452413
73544093
271400219
188698188
14839391
354437181
221952653
45960167
176523501
497597313
180765513
325409283
94116592
481750817
219530906
375558059
402558227
352750578
358092645
228196520
499322090
517291926
260013681
247872884
323225635
222685329
265233993
219325610
484621288
145617890
123656924
150163425
88278304
124267165
467439818
160362209
56712074
57524483
224321365
369568184
466924067
407325134
342330212
299212099
245723054
79969207
337510104
533572824
182894652
431399282
505634422
19060879
525909913
266458625
141044644
23750944
302121609
343409321
246654893
2191977
425468700
392370492
402201146
237301605
393405400
83802133
480413278
238100195
129200714
534454063
431449031
248690723
447337605
42002302
133708920
427158485
257301708
327378686
280853312
367053706
230024998
213299483
483000168
395205631
142613296
168257926
506374027
490812118
354319564
36257903
131915779
88119321
107875120
508296698
251244672
256356106
450946574
373351467
304009805
409602193
244581615
293539388
23177328
95992723
508411337
516420215
298418450
529979914
515308500
66649025
141310666
7879535
269726329
359367372
418640956
60209838
164185578
308061915
337755013
123489032
360520359
364483195
460978923
150611919
396918287
244831171
168406781
348264343
188925285
159485502
13888207
182879897
213810751
191543715
418380544
156919982
357322008
191737505
400923927
326969091
376687781
491932238
138104470
94748242
329542346
252829255
499651960
402683484
448591384
484937520
422782802
506364790
172792293
150403661
295834378
511212255
5668411
486414696
15350228
11832238
400052169
155488433
438271388
132296378
59067880
17037536
507697041
520093363
367633374
67370217
366283882
461291588
46936299
500056736
13884311
158284342
419759624
173113529
305575000
527896814
390044827
155260383
223425485
368206792
122250599
340691352
265488359
226289494
467463002
262226479
367517524
255155409
329094006
359588127
102166073
411762826
439668627
161553496
477168411
228241772
481355352
45709030
188959357
508446964
150441860
127340484
486258019
46477559
352969221
400557791
96319335
219779334
131008263
61875532
299495234
522995505
535883447
383036175
422386778
529576823
316012711
135730394
469215838
358436887
306942625
207418759
491648603
147752216
191626388
232227919
516482329
332208625
34258159
347902986
74231544
450317427
346175952
89501578
245777442
96249741
34309019
35378359
347785901
238552978
210070808
528903558
436725222
425046790
502504788
322016296
354367849
503176105
44667840
485630041
293466302
190465237
35676244
76246873
81760656
493897484
96590492
197823439
141665680
182595738
90550342
313621026
108043061
441282994
431512772
312449932
207670572
210876606
35906739
85266448
310508912
241411286
362790532
193854757
374455234
247111738
221615472
438274879
387266483
273701081
15331566
233030747
309777448
156068971
41725973
46350447
117677828
44550570
131935150
91420056
36068761
67310768
133832826
473582288
241810680
459182000
184675214
440701414
53491657
471744209
292688077
428647431
6301988
403523344
47195063
140558497
218982606
50462236
458534494
323698815
42863998
8583322
372973131
289710549
66878945
335331388
92186850
53298271
121024226
497920882
284404583
326423992
150432009
534596328
174128781
452067832
120187443
60175643
397869888
348065847
32999785
283871254
316455356
441598661
484064580
515893490
19852447
403982746
204308439
456272200
156693265
312846753
268140931
364879869
38189473
292342975
393727537
225621070
144877361
28527388
412670825
127634163
280304952
311970606
54810217
190078862
230596874
155811249
194396942
307109732
478175356
345706964
437030018
71895350
408048574
485961889
430956289
36457613
341364903
168783804
42523832
91841637
66349784
107130425
251193142
294318357
462350557
408924840
107618120
120138521
297012311
367094781
392115670
279381508
508280111
30980883
513120523
528406916
16973924
233853851
2569679
345744337
396263583
333077382
259048208
129545179
376114718
67432772
194681844
337216205
145408896
367021249
426201594
343229142
280888617
488789121
135754691
303352015
501897326
357396270
513185905
492981569
235637933
489965405
223773210
249913475
309097974
450739926
171565608
451321799
275649727
125434903
279300679
27150282
43224699
450421610
205909821
210096209
462241200
490550054
335874461
441546011
121855961
421336862
27592126
451518995
113320821
138290483
25567209
15232027
138910265
179089231
239282935
141447171
364889879
54827831
522730431
314053934
240612955
437821249
315608668
247841755
464900224
477666417
425394366
38899881
322957602
317851018
72305244
534840380
121273178
273752820
143959765
62603186
241874397
400895855
156144538
160814846
447747178
212835164
225438683
2163138
16623816
273811565
480964064
4413199
235099919
20123672
147115525
394186976
492459901
331591258
111762294
73939909
506799946
129088889
74235262
312352068
493487804
68843710
449326084
344574369
266315918
61168778
139794276
186759708
397916636
260582206
521095421
93388587
382367852
347146073
152855616
219592969
89005082
448493748
287335370
93426413
399508433
404197857
376163752
175193736
463284543
173857113
499220866
164422586
371457902
127984062
370874645
22387122
273244341
41714894
265242280
56836157
291332443
334454764
273273713
73875045
507963437
480012333
64564068
53343098
34440001
527531740
389177029
209330214
363738517
303878964
114365691
158040241
68835445
151185603
355759888
359765542
401421745
15787713
111928053
157176161
409545488
527073390
526162853
414874655
264268416
210677267
162426367
356336767
341373992
13170929
265267920
501591265
174415306
317156817
442656276
175442923
73848856
362722477
176103534
510429992
426009175
438842292
442415401
252466291
499090578
75194723
333236453
178669813
365032885
94076642
362517319
422783847
47848809
50407899
279139653
20879047
460327467
178971044
347578526
463130457
291092673
196868694
403018904
406818316
128712635
238208470
358133525
452687596
488416337
442094360
408914839
383740038
459948139
406113584
521362471
39819037
448199540
321359406
29022805
437205013
389598037
383892180
156074739
74038089
215872586
207254742
519403927
452391337
216944857
322668307
494166638
332219088
414901798
440039858
97528215
137775466
28944798
28109904
185822374
239059731
327645532
478469096
531319980
164871570
195113448
73734899
5709261
436650554
470605671
76092874
371131848
459160302
1320196
440048195
341225519
519941212
361795539
276276238
44057250
146320888
107401281
2269316
60475094
403560903
436650381
392898028
483939722
72328362
157126189
22833788
524635847
11076402
248410398
66320051
297203187
171891170
274771791
336497786
536460253
232333837
118472161
479830821
162297033
472050390
517785824
141790857
137468407
164192175
196399515
328681322
40635434
160184170
424948322
355333201
64350409
277760015
267824745
337972514
314932054
269460057
269182247
367770191
493997701
24195534
242666405
28407295
237964989
133977684
247960309
451993991
498395096
84205701
212599801
496911238
1435980
52005486
191093585
164958164
225968559
36069137
72974492
143583790
410251293
499969634
22542599
233603213
138154887
474570489
224267024
253162721
211148212
317125902
159157802
101017343
128910668
235553125
317004084
6081802
334949503
436139539
173094195
422939993
327932023
360076383
51062653
344354739
376906039
318685931
193246610
423783098
220835538
394417266
274107370
152353723
251963433
490465721
28034796
169059593
145768257
493066569
515981665
367395592
319475254
435103392
168574373
220683071
40361539
438684484
83719497
88282379
301209407
516912672
66838949
125241840
334397919
336150471
31580362
292149020
531849351
271466872
277608009
255946758
270319104
425987028
172822782
245548626
536708090
235002439
130853754
367013571
514020391
34085859
184222580
190802915
144720014
525508460
349974726
301568177
485499669
143335365
388441053
344254414
250974328
151070204
39772663
466699129
96889777
60860367
405916605
408919827
139766499
470213109
259620076
172808235
112042246
236982787
434707098
250789134
492140580
287328711
255818544
309623219
536114570
463214578
112197773
342465384
220189085
410237879
407181570
115751933
232236413
94452766
521686026
356859196
504489810
182969026
526938609
214524885
343591966
252837887
412817249
136748541
335001107
441285441
339221613
501402864
205004621
509674264
316816165
220480813
233670139
310744598
205770992
207703644
157436565
265143373
270793331
288079164
426076193
498362580
66475998
424582504
264813807
455684750
474346985
356108470
375368867
57241959
356037580
140220560
46853945
526464026
36009580
370409671
282882075
334509698
93678669
355749658
323693581
518690179
73882359
162402701
495522739
278387211
193141551
432949544
114672911
339129717
400748201
88354871
283570357
346322252
133900540
139475310
110339053
407230365
356533122
349549196
476601186
209327757
191267469
162386757
146116580
141667049
529494911
447986954
301909564
18649543
501893010
383876376
432726861
52001053
372177261
151846859
370333403
441847879
236436128
239178457
238989249
253825577
330092332
529457862
141532274
2037540
95014763
173548454
126490719
515710420
317444429
534909436
144382726
393516546
104549083
307975999
258720657
478673622
349965091
42357271
34064647
444978837
335620425
86061066
274702607
398386559
450077210
222142901
335089175
55381255
272833883
403347268
512189663
484417302
295532248
443696722
128491582
370503287
32735327
527927454
276372515
7009132
85859871
14611983
247705050
277840523
116552555
5264112
502193640
406146936
329637728
152912518
144611574
205788434
443204902
136893248
251280694
518180173
99233261
435345840
304507840
38749097
517369711
43381168
263258368
511294213
330826175
184965340
86361936
202637690
85886280
152487824
494060133
258231763
240921690
142056664
515917026
428433771
101616542
182638695
349302424
532570306
38152146
328383793
249587890
511572352
297076608
154057085
43365730
327964394
403510561
123052063
448001968
228752187
517651481
145082777
525365183
236109919
403733799
97649718
5634975
180481824
479468435
152867921
477877101
104926281
480874400
425367292
89621868
369271285
99090148
282840357
113627841
89811782
387120620
210042449
373633422
373635946
98822298
220431513
419188941
213602086
533277319
410888935
402751458
194736973
315423086
276675888
281291502
399040166
155508398
105929686
187118356
129392527
499272716
493853821
408328011
175982672
289821582
258895188
277840774
396940296
232010285
462480666
351836666
438486282
398785155
529941559
27110306
483149893
93440042
297956987
133307962
382699241
274739178
168878370
514374339
2812548
405489775
64962273
87217806
425598579
333399426
365465708
516602927
76315648
446816913
91528299
525529820
405542866
305083278
140427150
457555792
479498549
264013708
44144694
332794894
326792821
140692064
506899351
257521640
443764206
243197798
111699972
259841611
521516325
105762496
170912410
488136675
348341442
342107589
194383194
278910310
239767420
149987611
399208962
453452722
394097082
480998774
123377908
483883026
20281551
259607823
246222212
477630841
41944986
206037848
389712338
328676321
351010775
314522442
19839199
289311369
25740213
164512707
74625171
196574836
170349937
361555180
416663616
347441438
402294779
460627185
287317794
341679825
459783752
492484939
88575082
413543378
280942324
70627744
211632078
190875019
6398112
314496397
354472481
351578399
373162213
432788031
60181452
30962672
222898439
275753546
250439177
209244749
406743957
427482809
195594268
241964807
508842685
352530607
89805450
126195785
527662928
117497224
241758044
498447352
72667028
156860453
258211660
513127292
200479868
69112538
518369021
426461332
403735733
517372488
489719888
67515640
95235559
49659719
72515524
235190252
156734636
67202083
195132384
373740857
513188743
204136486
250298632
3780003
316748780
473641514
122436911
136661370
13190261
527691098
183920987
240501973
167748188
210121627
435176752
227980885
261572655
283056928
207977028
96928211
313560441
59754208
317513528
517982018
285930381
62246288
425506434
252569051
374814896
375841067
360436255
227695752
366477049
264528790
77519808
391581066
453392378
164787946
256829007
286472143
259410080
165274187
282411578
454816389
162889103
164014729
157044682
94746623
400137802
120594937
115874005
244232756
94425094
213502236
44321179
28545137
450292474
326342652
195067868
246644709
264675041
270203366
276765925
417461278
277126303
182764743
461595630
285188915
329502896
57954799
251637725
3373219
397714557
423642135
226215601
422992900
327697833
260349564
500535341
67581936
459033421
486967829
301506792
353211107
443459324
378877636
81947646
87511737
387982651
253920610
339137287
380010638
262527767
526376376
101079131
447796942
180610895
355972547
392078452
15236279
323387979
24348612
161643298
80660025
503647309
433911692
315286990
1694561
334394403
394121933
20421584
15430018
372663692
478646586
536107464
484285148
12081699
535658867
166856453
224552835
467980270
187906901
29997326
339221146
194209534
251083651
524463023
62903252
251669391
523705469
282413276
52802790
478216874
533965598
359307565
300666954
53828555
441644482
203459095
317036534
326715244
92333242
32317828
139611903
71349267
364348105
142585747
401374420
158546384
345253443
109760575
247853642
355822681
10473283
415069858
75680635
251908920
289946705
27102136
96300181
129775551
476225505
117826867
503033677
68236834
227045469
218814147
141527086
494973733
162424319
439414497
419510770
300242848
426478827
355514305
228811278
238908276
32982590
259704167
104379467
35131910
32645800
170450726
481701508
209433196
113145522
184789783
21930098
137829954
41857982
458245333
71979801
535627363
321953232
406874683
446590986
316664172
46986887
302630121
525950790
140340824
484435451
124006572
503449720
5134122
317765154
491221894
381542669
70761688
252505028
215075036
220870314
482482940
438466292
19406046
162580203
36537575
124951635
448085276
11729499
128320795
229432634
31362407
111868046
417056672
106417578
311291091
234691357
125716953
298997340
58731136
396010297
378736908
128264042
41616277
170181688
463093191
219682433
166461251
496098696
238329104
336472617
396932077
22293874
118831798
466966963
242173239
242545172
440055506
206894255
503227008
257847352
378859672
528679457
1339824
302441966
191127950
494169189
55377729
421652866
216580967
493771749
479118821
422034883
529317322
67356019
534287653
273646006
157362084
60250671
490680214
287678435
134661675
285936330
523470448
5776040
418335146
262148133
80796281
259563467
325599529
218386756
484448160
416551491
357011516
395595217
211957364
449034888
33157882
227282081
423404521
313362673
478049754
443509655
377082484
124506584
141037344
420757468
302441799
106488976
305277337
294148362
236496099
81730726
362004829
284234558
411765448
69542692
72874376
228115131
142111634
132171746
367751675
105374622
508261629
425163485
475169497
100672038
194851664
102593860
37177860
73863120
303773436
428946805
246037284
158131503
344906843
121949114
318521390
510921469
140211723
495064760
60194253
512967535
387093871
293017975
400222972
266393536
260915840
219192515
209027674
156551935
200610356
346571560
160676336
140918799
159700695
199386393
40734891
506244623
136669323
319498170
179323503
243662143
369823991
29516907
137930287
426247183
86033119
528541456
57689876
156140318
404369644
365326633
88259322
244612280
379187159
389047173
10032629
438354723
513222933
76449269
268426792
395821998
426628904
508669313
496706503
203072609
168188903
359817501
421058374
7185308
502238547
521785052
514240049
269065227
477599298
466153220
178532106
293182754
533519851
269234273
29597599
274823113
34180482
423975417
453145906
268961163
199868612
140035850
294616668
147508519
472350745
105306345
276783649
437792346
367700818
387439910
162581224
282375248
81365087
403759805
14827029
109884876
114489733
35178282
127844913
17136028
218276526
138235927
407680273
34349883
467818802
219256605
416253964
143445288
248523408
84536877
210403386
287865535
181001810
349758897
382232185
459169003
233291844
468455369
466985901
343910227
346914173
341702318
46974464
459043336
309917978
286648592
391560917
153443284
346550914
83205225
376716812
349529107
68225016
15038877
402964931
350016484
170502738
251296529
406253931
109269072
263719669
172068400
66030019
522891636
11684765
15867469
290411033
402810886
222082825
251567426
502246185
40018993
348046526
370026948
235838023
327466453
192840636
312818647
524182550
389088264
37795626
383692245
187457015
44459182
303199032
92539218
441064231
507001204
226850764
390972287
283888897
55620237
381825959
91783371
15579277
402552795
389605763
148926280
261935756
150292405
198962211
112988127
444875214
96178969
41067898
38239317
354491562
530463485
443116644
428717134
84153213
484069467
518676390
25696625
491265984
515935688
90608497
234374540
162552454
67844663
526792445
430615493
198100074
168100576
374458274
412439879
399367807
377037828
485144257
493716393
308806549
405794845
61249891
140177840
301218743
116589575
409956892
225333765
29094617
528160255
99891676
83946916
464330170
279817007
342387606
246446120
190873297
287563981
135616
94695274
430582572
233179175
96392378
450571880
32191925
520566405
78376758
34583212
107006443
41861863
176431297
457379921
231044377
93598776
452532174
467273141
331031443
81721894
183275428
286875438
451834451
262790623
269672322
278753714
63837442
215569990
238922825
179410506
288963012
335380625
254462864
317837054
155859966
480796276
196713550
386411090
341780847
94757706
495057286
279548494
180411073
296147160
41134294
46975435
532610736
159609724
311710865
498091923
482833944
188644310
156448908
367039924
73332815
134515096
133235777
43771068
308697113
90398197
412554984
121384268
154178841
218462892
192539294
50044958
386466662
183020170
330203934
85216851
352665929
348676364
193501345
453975303
525399849
487808466
279741681
16186084
149111611
372874341
502432370
92215041
272375347
304948750
332416881
90455601
209608883
129949048
379315377
223691124
234683812
211409346
469022081
289608627
449328512
307290601
363901425
345593032
264522080
297929112
8600501
339511853
461051171
307307938
362211889
438637736
517202607
95984712
458994861
508939161
139206630
332748665
18649211
514413288
520261936
427900629
481030989
368001728
423642777
233702271
124515373
368027016
375868276
178588748
411381528
3106273
359571442
405882815
495271247
409423879
457993497
6606351
311993256
342725100
181484469
90904204
94250466
123344996
369232570
369350765
148951603
296481202
103409140
501034764
215690797
203215540
458512295
325815232
534898053
75205883
532976156
299560269
473634240
393067599
77606600
353905107
87149082
12137020
499015367
57063384
445382708
355803365
421215935
267122113
16309536
132117996
484102546
260233281
144803272
356760547
470139512
203235455
22918880
518004643
41602464
214230494
9993166
491871754
260009128
11020602
109028942
385323728
31391320
11962057
301745665
16748322
151646228
131550601
223128951
94284272
199430845
231105910
182289710
462960992
272281567
84301980
203496830
108260176
483269585
351314867
68843538
315650166
429758915
285245415
313342753
527841172
84717538
140458991
19446411
300425810
263376514
234401632
51392417
173199698
354748191
294070509
469195573
447817308
322756569
7581973
3861786
533149749
92929201
240482185
516344139
42902429
528310640
478763084
329170588
145913729
269341831
164248081
24842388
272510802
118413073
287613550
480114592
351513137
465992516
128500547
120864715
314613527
307873402
229727735
528967212
152339105
93155906
71843412
247713557
103217862
352205614
512524568
442966524
219984665
154380093
183176548
89770508
277814633
322773755
264932652
153733438
951765
23084161
202077326
202872738
313714564
374000410
89760777
308735329
306615636
157731737
38697128
118931020
373132632
354908867
309667142
354099791
90997513
390170440
48471284
85967381
325425596
486789924
54937632
170239901
156189550
474407794
129704138
353367260
209306462
498615115
355770643
168556570
124105896
70402027
238654197
507649664
343783870
385871746
451147306
404451931
324640427
448452057
433823011
338739857
249674662
135652479
486064737
26604805
481206998
269967027
70945041
465379774
367295300
437466540
404706050
125708236
27136238
517416356
250161067
430573981
146173788
405378969
97467395
386953313
355489940
446108710
205871893
68571527
301847184
90270008
35395717
474842404
518408382
279224650
296467082
333867732
136807744
351396350
323739393
292955485
435541255
326075703
267797358
24878203
347486179
380441325
155048990
174355768
34550809
5017499
282048493
131165820
455269593
22832683
256581058
529950087
105882289
519520132
486908965
23568850
213556897
286616195
170615282
851393
268297050
148425800
82397675
92705940
284155882
157081848
229046906
169821969
4962587
460820020
8078213
420930353
345392043
336109627
426700698
494584673
331907218
107924034
118334208
387557152
302754552
22382265
518348708
36460137
522742064
380319754
37657169
367256893
94355092
401885027
72915335
238752481
449626717
5753086
330161562
159792517
45368308
256808525
300800491
289566246
99813196
319616468
458823123
297199011
269574061
514681264
173292673
441366147
188708967
437186480
115346768
183193001
498976246
254459069
200147170
319734183
73348497
108859523
460007167
227398116
395685052
38504231
499191125
120054787
361001390
429060409
68399422
309417396
432620374
224667901
159253347
332572750
304675233
452938218
26311437
150075379
211870857
147819442
422603729
245300019
254664436
341538314
105760526
504543790
445157212
445313478
135418023
302837022
103653319
242195820
179913796
206401119
467335698
417406436
30255669
34908266
437510361
166736845
353667080
334046022
201709334
381098224
509876059
279550043
241995401
366010058
244678923
473924055
357351431
494067737
112068002
445564918
74899905
61504525
55459004
436566324
500048847
361617789
413953866
394748563
277588640
455593640
286498154
60559108
226788139
279813505
297423977
83079543
177267983
364963786
210770803
208889401
81055565
194277535
408025024
128458378
42018320
379966809
89253315
141332760
69552229
179182178
225625496
45708314
153880315
411576818
507388205
429272682
307102544
368076013
109815408
12203285
214597385
144150950
281232226
385286452
151171618
527889404
350280627
80876256
48830299
401517894
412744641
76461251
393535212
463796865
366950933
164705780
523658649
76253978
274536525
210380184
447882868
80481619
218967125
427111729
373744280
377362531
306933319
284364819
103090492
404510790
39200546
263337729
388497570
192125042
412600515
536685582
196550876
484345560
180506221
419881368
328579885
163023582
193101118
69470078
419626659
78844777
472645491
47296018
165815556
97406882
117484867
232401540
212080128
426312198
476746370
28420772
441640594
517196332
429544385
6368940
283425110
132636346
477829183
166388803
122157120
397206795
415509607
362928636
435380289
113001883
70434296
296828268
209844561
232689693
308455226
192041494
271959921
154698871
96836194
437944239
325131498
109326562
243869062
476185295
28057125
136426363
248746468
97687270
297490644
287736629
11034777
416777271
90009586
332051462
248149846
342195936
393832349
83948549
438212608
254993594
355544278
477318348
224745627
98161040
417794582
284458444
129887559
118095597
280671517
230598793
138400643
48845485
4545447
217960928
143053713
198638010
41736801
72484903
383348049
323390315
112882626
369276316
86255530
157751763
32535075
523242937
195146833
115858907
12884323
146146528
267322115
283039124
95818968
487951242
498236744
141556949
7055877
143575616
488172484
149825014
168395702
384913759
81909073
145583279
414281365
225489692
145998126
274267440
499416328
77833842
176213310
310690169
229264650
271496626
115290080
167792181
410368220
193702798
161319525
380338891
213674986
51972227
510327921
319725826
331657164
72239641
23586965
172726267
214243318
425654472
69484856
391932871
320320668
181896978
238165019
307485544
344520883
98075521
515720347
390997617
497253272
481528673
122275501
457737445
461607393
400189013
520284082
501725450
297260318
20962646
461564765
390606625
132552277
288416364
215093086
197270756
327240362
294159249
364734407
507728016
163250039
211083805
482120000
478572456
138971361
378869487
522546282
418311148
327749979
426413252
308044211
346373965
116904010
59754597
262885084
220748037
278541270
17214050
409845179
161190045
60838392
358897075
338938284
25319327
52009222
535495321
497953812
279753151
10820067
148305597
525723926
360849137
480730129
278497324
195005635
262404522
533462872
153526100
523833589
430109421
46590007
374570016
268133723
334299725
175934216
442679126
136040692
457808623
137797017
431416021
270538589
414570407
120848461
219719897
67763640
38206264
203350506
316397866
41892839
186061575
340417633
146345502
421411865
140608892
386371747
4876817
74993405
219651153
84029359
472114553
466849099
143304613
216332203
521306698
26715636
101395387
503710144
345553512
128845303
402130724
220294269
494299144
45548764
331749420
167832950
363741871
408395936
305325894
62552812
199331464
496462588
84396107
124083860
409607246
512016747
363700386
371494382
209028225
315090653
252679313
463910673
284719561
31501361
267458857
469878710
95681135
66838485
77289135
122919974
151207938
137245429
176173989
17058668
504062102
503930304
422484624
494004909
301586314
2542223
330114500
395435425
306423852
420959100
83077182
100506267
421644935
357253383
335560792
147904289
457586804
173804321
436601445
318776542
19898466
444507525
119661639
380703061
263235364
525785528
99023574
404936948
516319115
513976657
251378518
470428567
478570251
512396452
88944474
80158727
79534527
361362454
319614464
398884948
507520809
476430724
139918337
232954187
519751305
481242897
47657303
371082031
136335641
255541201
322478308
482543328
369105649
471798089
315651283
87783814
77514958
24180968
147863930
27483017
325836425
351553461
407276217
359950785
442868819
147456445
358090961
476430583
244725552
280664376
296571453
532706845
76424443
107267232
389534662
480612886
85533270
536320683
536468686
242047841
424167127
494583053
407030500
464534089
376575911
484666725
76945038
160602232
54219522
182991557
156037700
205082736
130164454
50140388
280348670
15655927
380847537
42813947
462482590
215499317
499981500
147338132
350479979
105412986
340757161
483636989
463247041
24713615
319362801
397695886
448462812
90959369
104354371
511099738
38397388
146564917
422393667
534126858
133809579
474768291
427276662
381971890
245809726
298120486
122081768
49496285
287778363
421410815
380896382
409085239
495010799
507203494
26623998
262599215
87119433
430225260
469229718
224909944
444105711
166759087
67929117
180177620
152202305
437668678
489688416
86806700
162563279
187903629
157649201
258023667
41153080
111557485
488327784
40748754
64130555
390880890
453191902
14881279
264567800
275996174
84625858
188940521
385776826
174644877
56157272
73488849
283064494
129628200
181720803
103526838
63412455
235935193
22040893
70171012
284343779
360215484
236182502
327777137
97133751
133993397
58743690
271879647
301029709
62600989
72478127
440935125
392021415
435757132
524637653
241223100
409115569
530765916
210877386
156319600
446341727
531492697
273567491
351589184
446310555
346145829
4690902
137853641
428220881
506519978
24302481
378908953
48912729
41888019
473109247
131436540
269415793
461178523
484402592
67129097
189095533
113228465
252781898
253732495
285236329
405917047
448258928
495594120
189809639
507280132
364783626
470593873
330382339
339298878
58407008
473493668
53748677
507931967
361539723
105045087
502230851
47869088
409258018
274045569
380934714
283412269
408303837
448165502
194928451
201249583
23293079
365429120
106708877
307642489
501864069
249119897
456531307
305087949
446482697
156223677
503816473
520205302
446237403
525972606
63326422
379603037
251897044
377935174
414297516
488467346
168083495
46516992
494715236
269409533
336753026
225271735
5990623
132675473
221380433
290302591
16577808
199570837
169899183
421786586
304061854
379427054
358922161
62345289
219222293
517898694
319373795
221373490
73267635
376046986
250279748
73963031
166712637
409496193
396487640
180673029
20588504
515163176
218348991
63285391
348243384
233833355
326236246
295841580
455821394
281736452
449538209
136491474
289660041
148430880
181844895
98675056
408196776
412228546
518745818
198405150
4211902
232842255
168240333
295670781
507521211
349576053
58416057
139130785
439161769
13550637
469547471
515811747
6249148
37491409
465009303
442011331
125991288
105995635
52054518
533844783
10829885
53733196
271837808
217033790
269131915
295394117
54121924
135176368
39029909
286561190
228499044
468089502
130758027
416216044
92686899
242629229
428714113
416052322
270477593
477003076
388391468
202293203
253666736
361583141
484884287
197259056
317376095
113020083
109846228
373581862
392020830
480097247
172489648
455467300
329960099
156683880
164368935
231959580
43330626
39292457
488218171
330454241
50972906
337947607
488637541
2800651
136751171
216386017
168910438
386408294
377627884
499468371
178938575
334744978
374319296
52985767
477648049
343170505
80349302
32234597
141461267
158812695
284759019
11255667
9437462
452429387
169738757
200847988
17198414
226317970
168364741
490777676
316192698
342915192
388981481
1431074
368432080
201176664
82032995
419639669
420774746
194018391
504048056
331763555
502142146
512646615
447964306
393061400
423633638
70284321
14969735
279618755
30862901
3242749
478246364
168353534
83276741
80167956
493128254
353227670
463530126
420942047
413341330
244646974
215203390
411800920
287619677
130329548
123176237
180364309
312888433
322285977
142410689
458873099
365772940
4079855
290343239
104536713
38979861
414922271
260484825
142745292
125964058
391207550
533449237
34970984
438303101
275326509
384407850
63656785
274925739
217650441
286136847
230741180
198250529
445080333
535166079
44166474
274046803
134242240
496597535
108849936
248794763
396788390
341893309
125176636
70208030
156690248
97343718
319723555
452532994
479779784
176122593
184458794
154600000
448527842
417371207
405933332
288128378
38696915
259110772
411582775
232757220
40458184
483077382
182397730
419318624
15883839
421664291
430669943
50046582
419389968
48094767
140665794
326469551
25103504
80207971
41795418
299093823
349599298
496793345
79520746
181056923
254975929
534939644
384480136
122032948
12237155
283773109
258891444
40909707
392514103
415894190
427557735
369415031
118968570
252184308
262539684
370730909
387666228
285642808
443674317
61591792
219633512
42434667
54863107
244475616
423447957
281284356
316318485
298797711
125673543
85394371
152175788
162464105
425399550
525378337
359904666
405385707
42681317
237032375
405300878
514962183
504660636
376461167
125774668
523336972
169455316
474980501
24604666
432461337
139116631
210976008
264819362
510294924
195903605
528934892
208768167
424584420
257682763
503707318
389940715
507872732
339848895
346711345
386068950
3811656
387631599
135840694
24473249
34528994
72948303
260468663
174120940
386464448
233919678
23103441
189247373
433238256
42355801
36405159
475662854
494600226
330644528
532096950
335659060
248044850
536008208
456739775
205409344
185456045
111460671
343781808
198865812
368228048
417210039
457245377
272517696
116333592
342676396
479118477
325297162
413605335
323488525
251081783
295302939
119267719
477337137
476419086
53536226
406879799
47295546
270653316
60063350
389029860
423326362
336387525
155910430
196132434
27326753
179239502
506573325
429482574
22509551
261460887
296855832
395207592
158436920
151078241
242709623
184791691
256645374
123120753
136669397
180957117
462892367
323183904
326172315
61329993
221526056
203933813
312169661
386665102
258896661
313846215
119956346
206905849
370057310
88989527
136688003
146005840
148535829
426482234
443095965
447862151
241447598
169762455
416484348
124666146
384146683
99593298
494814756
161639863
479530969
427694815
426422027
478298312
39910119
472327451
162513246
273176672
16318211
186394276
202329972
150542880
457232627
375814054
521846392
256025399
1964340
432968724
370994785
144240325
443933571
482283491
139383614
113136442
139530693
37701039
443026035
67310465
184354472
75062815
220462407
529649676
111226600
137396301
11610323
112311155
427654071
243082194
93325455
372741045
190195837
369542373
130183363
228614089
204123747
400622398
173183266
235960884
324517117
355860494
208411683
60174730
216382500
359058709
359192208
193331563
425598822
109431106
9180787
271731153
260833907
422709564
190510190
519654738
183563245
115518435
297117249
164654482
28050293
162638718
212475693
522032897
468292336
130691252
387306541
330363127
206411616
328086453
197067742
502616967
248793958
458406139
57850572
337827020
409287122
120828150
42191289
409268877
492334479
141495630
105450864
101560304
424887583
518950993
430619177
368473730
345772700
450612631
483591856
195736348
311612101
294926892
521867519
330611309
64876232
372875835
100447810
342102398
311111697
211883788
395404527
419556387
55105954
422087879
49884613
306196563
14860957
301083622
132950050
223313040
175192027
514835886
71247302
385685065
165734549
391961214
22533396
347114789
69681038
383022771
56754951
258148117
101675420
330908669
339055911
109820610
301707013
351001820
312594091
241574301
319818088
302975921
286423102
416890246
185606136
245916759
147909461
245880820
36190821
260598886
219069341
359938501
250030323
412506596
527068849
97872217
269278346
21672083
128283316
434580764
702497
92166636
7454092
394629326
194590187
184689156
330432436
192630360
452686059
396546513
54369239
512877295
23826367
45925747
46187939
84466102
355915668
316165012
515382322
306668619
316611768
386381522
168533711
257463501
303354013
120997841
254225
178536707
22048447
60101069
52563421
226741763
143241894
436370216
455919699
302339214
277380857
244143079
504662196
369444783
19171431
29052705
184054481
291714004
43686354
392115322
356411549
501745990
89580625
443728897
524158076
19176544
245892985
419291283
424894038
157445302
499611894
448693583
120600430
183503285
94235492
165269647
425373823
131212722
218280042
103943530
62145080
159374339
206545620
298661166
393330727
391126950
45453226
396474188
149031390
241076784
36882978
432059278
33305114
60338462
415403672
514283230
435200323
210098881
350375015
5392531
340864756
317235988
292640389
267686930
417760339
375454574
517674357
244591947
14048442
463579327
110416732
111710739
135791960
536521463
167195584
140737401
216550253
446672671
465608202
396353910
40057291
354640369
105545525
61778887
358128901
483932666
145668441
376339161
16344871
201042081
453092739
334051298
127633915
492639435
410369587
264608444
40123379
529642869
1347667
327380482
504565483
316931839
466563782
39444827
196085424
486363694
192097753
171675452
91393134
36732772
529294557
277079976
360314273
436842329
129033147
228308787
487741881
515823122
440808605
419292963
313143469
235381187
488662829
169800233
352733133
245876911
439356243
315278421
372357982
440833145
268629082
236945012
438318019
471885737
463107085
163514958
33845802
265643593
6639900
261404027
21402484
79255005
451894565
3124085
183622698
377591825
339600215
35890200
169594579
336582620
64010993
214003130
366366271
434653232
251102026
28808620
19282899
291322762
7952265
525132956
527880682
449580641
447946701
40735258
305940452
209250948
495310531
251120381
170819665
31787517
452944571
377493579
423210986
162916316
19791028
35679715
405628695
340313229
413006246
168527790
362075378
134864492
279902424
100500099
536229305
340151109
324419849
533351218
399417242
201590450
427726177
153451081
460300463
508655803
532490555
340304544
304222381
467223922
103238932
373248987
507028301
87546453
179036819
272740396
361806762
114196723
530775048
244979421
266944502
216207352
520831194
270364718
120515628
318596544
291627803
536017989
456271514
384527280
49997820
131472613
500472264
274656443
526659909
5212766
459823897
72790635
76612565
358250994
423799144
161541583
419911804
108625182
440954038
266804729
198635623
510231093
269677630
382101326
108958334
417216785
8577404
466414963
181817474
258368683
223579056
367188378
374110099
57131349
491573551
237832317
24124675
490174350
370839093
446201428
152629665
344512009
308454409
122616741
190280603
535380859
183862077
178486690
325071202
259771507
414202879
336416208
359667663
185135787
66830316
57764457
354665571
317166986
504075992
474162377
344009263
94519537
230031139
92239195
376734556
277917911
96960186
248503479
400332709
213414618
487316352
53883500
366329606
159267108
93067707
278260546
111726382
67020902
90041471
90896068
216901916
34334638
86347875
141210682
28824118
369369380
85787922
497693819
271300213
377001425
79675443
526028232
79357277
476248052
506477461
211428263
104235560
328882735
325995703
437988533
209042255
327039972
376865449
485287925
367935939
124097169
426768798
397902942
353037769
442015316
248983508
335933259
162649749
265547435
341922250
374176716
24467856
352768393
327662488
227134730
458362342
101180781
20508438
188924564
109605853
212692092
34341564
12678018
389968524
284551451
1017843
534743057
296856747
105828385
532365447
242324853
159771044
169433949
229136023
97649833
328205292
125576303
377591553
341977972
311181607
406782505
71196020
329611592
67230632
309765821
322985502
81664051
258886041
273483830
112720337
287914384
534259441
433197479
83907145
441908401
27960800
387221891
403649492
251761207
53307583
255034464
203005868
62076750
364445553
504747138
134394469
364108596
378933409
305743458
240352351
461128506
72267238
422715117
287218423
11941449
307716449
429603458
433173591
236942269
318686807
53574599
26107743
124579357
422983747
370920367
120981162
18165918
274817931
444835238
342899588
109203389
88990115
141411398
14353065
504626309
194095073
529207756
343921437
314487348
105364348
492673514
426791572
443939329
500174284
502885935
476248427
460952589
295812387
186018333
116934554
586773
499314174
492364215
98179083
265682943
346345505
275863625
265328602
428978982
187896225
383542257
82027310
118606550
316077384
5251385
241685168
50707139
325030251
266018002
364642900
383176531
266325948
105747064
24054621
90081127
95925245
245808290
358164575
265426240
433367627
249890624
365448540
195282502
128183565
314981694
173284961
308532799
150856066
248307686
366150364
412968501
197350736
456809892
36380691
254959351
146243902
11106064
75111546
333828880
362626058
225377559
438534339
301868985
179270048
327205116
481784549
163716407
340278205
289454682
339666490
136159986
174239525
414926247
232229301
33066118
468337947
110145963
466882047
38761185
493200821
368929614
429587914
465481360
103749736
29665199
255507541
171277513
424351879
308184754
465712969
329528255
506108248
354977731
221746724
379124564
324471110
117518891
255150905
368132154
3468940
521270780
234127622
253173734
469667703
196901739
300508259
407033221
274774064
206614230
166217852
134439923
406530275
287639835
21888764
322667800
398208184
360973206
44519242
260349812
526871962
163094108
497822570
56342946
430975537
181723608
379835093
294258382
482412916
310609947
278945425
110706373
488824139
431798471
111711923
536681422
260541609
511361230
218671172
258043002
278563259
179201571
447584034
83644709
351098461
428192815
284937574
504264918
450236336
417957157
133806911
454911096
300612215
195275369
139375047
516353831
163721041
51074315
375007792
424156614
454002299
178765903
438336527
151311251
218850969
199947157
324711686
196551094
285393196
163492638
460778580
271990521
403056845
466775651
441026391
140086569
3979758
141870540
361308744
112383718
421893704
66684504
320545776
295681469
230201177
169578581
165009965
246922376
407559451
193194266
304015690
24464146
390577784
449746498
320419157
357031288
407168648
436166488
109534991
160769004
328034535
464391591
332568369
3660041
523854290
130554374
506144637
224740284
369817710
338291210
495411785
134527793
274427219
25160863
394533148
294612942
313623454
18099429
361402574
398065527
335499817
301789917
10997391
437450513
16779551
480082077
144748022
432688833
402133258
229281256
238373667
293840131
362084145
518983657
3367886
2375367
341599607
162052861
331555826
453811634
375852661
408177352
396237333
148615716
221611802
54574495
385926189
237175078
324529938
413488730
232472288
72543076
427848582
290764334
244920957
75316418
470392090
107633278
280711860
195020762
125326531
156457493
496590307
314502784
149347338
139802049
476433153
211714226
388885714
228192425
149558149
448232502
446176889
33559317
107618653
444222178
2077032
158064509
211257366
500097023
506807086
354880671
245376297
10696651
530631095
327466899
366141682
224271797
374624563
202682769
8580577
255369164
98544314
88120555
168676995
381475765
215421750
195181498
268929444
364764244
30084525
358758975
415784128
108793423
479557355
527644538
473045999
71018270
317903336
410593177
259030040
225186774
142251899
253314928
199752403
458267171
246393459
459553206
114972281
407480413
491680127
152617967
403347062
253176271
321690745
523023340
505991496
502868703
83912389
150276325
486169314
94069073
118618838
89003393
515340484
193157536
230480280
515314262
498212568
113379955
156312730
365739893
502910097
421529709
405141463
291260042
271642300
79817731
390118239
231807583
401892326
34952757
327300751
316084413
250050267
327052719
181770086
260638872
142149322
78011072
363109870
374210214
52716296
52891961
58684916
374915477
512997563
82825698
517688939
456285318
503464972
195350170
150298912
103156605
114431999
395703707
446615662
8641491
417498568
452046117
153229718
84695908
335214449
27521056
495913324
178004283
498666037
535210109
203697148
360825686
298806801
158284832
168204619
473639380
14062577
375946966
369058100
344563650
17176065
491760236
485228037
44044060
317721329
476808897
37920829
227253617
99492446
96592459
318168075
84224008
167319790
426224961
278503783
518816085
233189154
123092996
213767611
209751695
26079718
120777727
430881253
247179887
184255383
196327571
31467095
93198990
206297269
63326798
172235562
506033024
154910013
129642249
311696117
251960225
94441757
226830597
392189783
65494455
383754702
78634367
365441177
126216356
191918835
321492364
8010580
73486297
74117656
427029972
360587778
276668938
81130866
72199777
55295677
122255563
118284548
290541096
434378102
213014747
19113007
217753042
48600923
33418175
25555027
108312011
277715968
135392400
534595612
532455789
29146557
478270719
409290593
98478808
135739471
263022301
65370335
419360461
31432562
406550454
381531982
68970311
171004192
234423734
207859964
187986215
381373091
193985416
200844058
367961658
461738035
238925381
133785075
298458737
188442923
475247785
132756251
118745185
61166137
143919250
107231057
232827808
223265333
193340971
160745678
306391943
385577364
268423844
281733180
174688702
228712076
235103473
308554581
489683652
461894401
458878033
153632662
140446935
509969196
184622596
503494878
345192812
336217824
517724483
188837494
470385893
216401316
17166604
422243393
300540153
86913716
532256061
143627955
432433893
279424556
311733807
261057064
33294843
468198000
227365605
354360653
398729508
282976899
490706069
505043402
530772438
462291951
61191489
234265318
436374733
355527858
248189188
507738002
511896721
509642740
190967558
126485298
280955895
487747877
465300788
523613872
427413427
268671388
195963511
276254655
390974691
314460883
251055650
24462691
71907949
488457969
409901815
231397392
434982809
285312792
161801256
436314105
51064431
297077273
125749644
39405710
158585024
519666285
103695011
18200113
534950375
463685379
261911023
356825830
341960802
46106253
500296695
186408895
499967632
481143366
34988542
477259536
330261361
4584867
257805922
103967374
444376403
83047967
433921629
352570265
272552148
410223436
521425241
298945999
282376634
503657635
431789454
319468146
482114492
282960919
314678401
276175601
189860198
260670563
52564526
357377820
92275228
366949550
123653639
225320002
466130420
439874100
264659867
488848513
369939725
346774056
123296491
244838027
459385234
402563085
515846094
191749286
110430754
133398856
239136601
225533622
4692422
347102812
338888484
94774734
534724472
225308401
366206003
494233515
488563974
223698995
478763327
424860113
534379764
39222906
423595836
246603923
39807296
35633352
336366537
88626417
237932889
87176258
461104620
439145032
131131841
59614759
405594949
143647846
498061321
437233784
228171418
203916362
174047509
112099756
36704425
176739200
467348584
29843677
145511696
149307972
44934659
268299318
424870646
136486592
147089111
458123387
211366968
399088621
482930330
345966568
309867204
47495958
255917517
17027300
159010737
363147471
79838456
167866447
31558611
247501523
520006815
104198363
194351935
392438590
394057867
99262518
260280266
72992642
356311569
281011058
121841044
105026617
23648873
39856676
215432613
301086720
490183873
352909823
495097051
94211635
200467436
488538942
318561782
417586676
183429442
252042349
203924792
463878282
348992880
128915915
155540360
74887964
174801344
317642385
418318627
7373295
115244940
277299638
6922730
281851962
216485000
221508426
66354877
280849870
170028547
346176619
58899787
312379025
369756089
186213693
283998155
529956046
534452675
248969864
133338255
69323681
2283081
495720630
528686537
63211906
520301869
399304082
368139803
406162504
47070671
487349779
257312116
306238501
483284518
179600404
5162060
354747951
20344502
362672143
316588337
482807252
89171648
261706401
434690906
476425772
240758961
327227014
226591691
327956241
174962239
526806239
532262957
390195876
7173689
132306159
13045666
218427501
122502945
309208581
432059032
396296196
345443985
366232505
116242926
459099325
380892118
192446435
351266482
48108463
434410542
246497550
390811418
222443420
215994970
263294684
449256878
245307992
226637474
224223594
291561837
168877648
53101374
386438661
197695732
194647962
126238710
254153978
172283776
277696855
173923826
524067362
448401922
310690417
95148014
461291936
484675997
23568261
458644746
485319607
119739287
131543605
91185227
92019490
143370841
389962740
96717764
164782333
273246132
432705936
388099300
214026080
195580681
309766365
478277560
316386508
297482857
393067736
104078052
301591724
43141414
334659004
186256370
132628833
263739336
434644412
465926246
487401624
461191711
72666993
79156037
399202577
106474375
304323136
142043260
108487874
86357026
97888493
79160568
113801144
24568985
303539660
387981515
212437118
517371705
497963760
391536060
367868366
373723947
16218272
334137784
158550095
14701199
468833988
115178259
341665934
348070625
97712211
239924270
151908727
219775907
171989100
457303260
504045242
138720831
56158683
169557040
219903859
79923870
122523165
106142474
332943468
534425098
430383095
285401857
401550870
6581272
349349205
342087107
237232212
148876726
101175084
178576027
158132705
112479169
241037934
173688138
408778157
9355032
52863104
30079781
529504839
275084263
512818590
428986494
379074676
101800705
125451452
459708460
434804953
83561141
97186160
98325266
78312453
6733986
344180808
84990611
448459963
487964393
304412587
82594267
449887560
468031208
421533553
22159875
146498897
15035775
211393462
316261084
95241906
523879448
178682699
398510192
296450392
163192818
39734909
418945912
325220176
184633334
120493315
275210334
156618665
156558958
76416611
130731090
248151952
441818159
347665067
344303914
449752590
340268510
430752388
205998497
326548447
416013119
202458874
22074492
167044894
465759421
29500404
498500658
299108646
261636674
311488813
529064033
75819402
249454139
487724406
476136473
378619679
92322097
181813609
468601215
233751661
416336067
137615910
422340357
410689520
227371556
275976497
365728596
430694141
170233265
193721351
115888852
285799498
373560905
234480767
121731989
365886234
530846616
305690548
262281226
362945078
171322599
302906676
59150787
167131141
240190034
317474445
356699172
156416463
36571330
291940715
218481966
304896592
5818525
80345658
302342586
439541068
352120288
203045380
270490459
317990182
402937755
388588325
490359392
408256622
100030923
253831566
104476339
464506275
482970183
158546042
233502363
295806220
172929559
357273821
204911508
442275574
155650794
287834635
249590540
351586092
18725018
305893106
251723958
239195187
97903225
504621721
518339192
378338629
55527839
29574175
192029805
304065825
15692269
286910925
10400788
509789528
277110779
273647308
322982712
153393285
483737568
142641700
40521281
16928212
499892044
360025590
535214533
454671032
337537494
345069331
332953541
153468802
33777255
532102892
127871279
27298852
396739422
12673214
205190139
283461722
49465023
247914337
470859570
384845723
78128381
489835516
146593423
158313168
114951093
342169694
281314039
380808413
209097259
392998949
268101271
429144176
519597166
305519109
392854236
484835106
496841127
344406339
106370673
368598459
223198266
84392218
168325370
516451053
151091589
55930246
4101023
413694021
427405342
466970242
413253332
284395221
153553721
154944015
368707767
154372050
259343877
92320085
378104846
277322930
114880749
56420310
482381498
269115490
30386219
219930066
90219251
494958216
70010881
258964227
103003054
330110170
308880293
445333731
153314443
199970935
42888474
479224757
61514807
56788440
432087885
108346202
201830306
123709125
428508464
217622505
162396775
246595295
480147801
436221833
164464984
63155941
531048571
40534696
93761124
216041377
420066821
131753375
457346652
530933145
471632746
411466461
381971615
386621792
157839277
129791681
416877717
211838185
383882022
501622213
156712266
96520448
476642348
156482685
263755622
133675879
149733705
7202164
409386935
412794191
120624931
332171771
52275744
358601274
532810896
515411861
369584397
486664652
307689805
74686605
54890214
518110528
105409376
85933900
134429322
268859459
171942252
262334713
129987936
452847357
288552494
489042583
513504640
106281151
199394251
512135724
496301986
481909028
104991835
232264011
226069936
198439471
454438549
42686054
526448208
457380708
72310875
198744278
72768630
415635205
163416944
304227910
197955663
294816157
531163843
174613604
406063717
66629888
144690997
279100336
342502377
379451887
157074874
479660847
206224903
377742447
310391599
41608683
310404942
528346902
226207043
256166651
196413282
89154397
78923184
73364403
58225694
82187426
34971696
104713501
275482543
300699060
265510256
418559960
347566464
127222163
217776111
239749633
264205785
88205669
163731971
410971017
379765611
282199692
351971584
400506059
340376311
219504811
231787652
16472138
487573139
225288165
25033781
104108029
419853577
510634566
168690467
325708797
73355464
423801484
86008749
148772647
104108667
317724200
526272736
41341958
528384023
229749822
101019310
406730896
236793225
55939897
368734264
523974695
242672621
316332962
287683273
349352682
516316549
112096292
200303894
20414617
53320309
25997876
316963642
238962179
84197824
17954176
356561332
345490078
74469782
525029369
220022808
414234149
419462618
359104774
207819165
263518953
477404773
52229491
436398452
362261394
337346002
191973607
329032891
378444032
170409657
29290221
6893160
316367657
295829130
75403222
368225662
177986324
377611986
454667109
377095888
144173017
106429353
386088849
101379783
247690278
88080933
6752409
65830972
121324179
345803315
489325528
394897720
463304642
355064099
246017690
68907558
522961157
236236517
514042022
329354257
187240440
297179462
163655932
112113438
401105674
497389219
304901446
338174033
533198703
492572117
96429064
122586181
32981151
173587054
357793551
128808387
414164647
387856231
264893612
204923445
190716350
294182238
82594490
48012212
151843511
482195279
483402754
283207169
62862523
461053153
361766152
443386329
345088052
229681803
479971636
208165859
507921213
474810391
131805403
303560171
286040529
425346971
337085098
514874235
503863041
348701226
470449331
131848916
307386393
5878047
118181337
182012557
272453669
119895498
313551127
528296677
387858277
116516035
106356651
143906165
370623192
145370204
387406540
240179510
43113716
293514242
340208000
129413063
505012106
134994779
330709586
145229119
535818518
210248018
400341991
18950510
305070531
424749294
148140148
407731104
83185580
339417900
469859486
354414356
171279224
406061744
132446265
502342592
146912396
440409582
385246143
327494896
101490926
435669434
43485457
269921534
129069153
294958262
182900438
190175912
93150251
433367288
181168827
524564561
115075826
156145773
43819436
137969226
504060479
403470405
307898479
117102325
167536242
195953356
180081374
112525648
285917654
519881947
278687104
217095361
422524092
181148072
272543150
418679248
272985235
430871481
334954286
195886658
304116375
329630903
53391032
20032137
461243513
271897601
505239693
139083043
66183858
344348845
462875156
457296743
468387788
304643712
348090086
42292825
21669045
192025133
30090076
454488425
333365786
25663998
244095774
425223771
98028198
394376969
335647617
328976454
230545589
146095872
468638230
336646905
248844864
15127541
7550860
302987090
504538725
361505813
500714792
415221800
274144138
256584633
20243404
443808268
193231982
77102939
278534125
55271628
30762625
426362243
206936030
167379817
369316245
531997080
287925753
333813709
245954357
395257148
85618421
329814588
247628021
447096538
459322636
172501002
415999231
421582579
80675785
374397960
474835758
343114007
109006262
146000844
424058064
187759293
337222613
266121954
442779668
68330331
330382794
448267552
178660092
72982587
170882606
370697124
399244982
476635462
452862161
62197034
442895135
102579847
495441052
151348105
501191160
36774520
494459680
488928193
523142507
330871632
249761794
418849069
288410097
109574170
195710407
325399607
256792772
295738614
356275646
535943346
285962166
420608180
46277119
399124336
377556081
154667903
201183141
523078598
415561692
462812408
354322334
442292764
371738793
330518683
124412275
226321597
344117656
474507697
352399720
414417512
197674926
93201896
66123853
109097825
378136993
302619942
156640223
441359445
206961413
113261951
185760764
196720628
257469277
215429335
400431184
173644752
376058601
453081799
281933105
16638545
473027970
424037564
511663547
487882726
524672891
498770643
220820358
164983145
56198546
357097934
98785931
501447384
447836801
69559543
345994808
234271568
213845218
90978273
295396481
473080324
154650342
445710174
241509391
23787155
435741360
104461750
304337170
173147673
94330627
10165538
329847431
467157713
182495769
137039787
533138809
77411027
73469592
511849545
149917763
523737419
56036428
364379135
469992066
421717570
114837860
318433475
152769766
173506732
502269764
191928013
453421689
342704667
533710522
90870919
337672901
150060531
194951020
489309152
429093201
297714831
292153752
35623958
527901685
37639539
250012826
482307111
207112789
313730179
183111670
364500824
302224285
13266969
339237548
476710423
364941454
199243380
286468896
60883206
459935015
525723594
247735078
194136709
264669813
459735238
435702553
293167104
171182868
157249203
325732338
336213256
363509608
92096093
76315699
455788050
154602385
31974936
207408589
516186235
276641349
391836108
380203316
497503685
340507738
334198230
251510957
226987142
536662604
36275849
305907891
332848274
497566918
374350900
202408736
321653085
372146006
239641669
183243584
380681089
54976127
301907596
243780731
45792748
456974850
140445039
512053325
181824521
242559353
505176731
237386668
397347501
533095964
461548646
377019382
432955346
409097862
349585709
39419434
380273879
19532020
377377535
259797534
488763081
283510086
378947558
111012290
294618451
207206177
455612737
383240391
368564999
158562860
89384226
189747551
112626985
148517322
199581769
463578649
324963982
479644208
439645747
77149542
76399947
489485535
68980547
171319701
486987015
349149599
97638098
340811620
529705005
422498547
123381190
51259729
66562684
317290500
1507466
247844691
440675394
444221289
471941209
169232647
103437150
186114654
280164713
502850265
460904768
390198198
532485885
428017105
124609433
104359513
435706633
227245136
208142350
305285263
306405870
81577819
465097651
520649473
526695728
149585395
483661973
396690098
11758472
458810785
46008743
483658563
111903321
309029911
536656364
10010997
228038012
396077343
274826744
434820677
415543197
484219897
232709717
473949083
209882904
142395564
259586633
451478735
62854399
421525386
307162135
105184515
283677908
471354567
365934507
1945859
298562622
426703585
151913440
257880722
87731197
479424142
195893030
282407379
17694504
497768661
303725621
532951897
523871895
289277829
426005951
268981424
175043664
282475146
2864782
377238800
41600391
528042519
66848439
399745250
30693771
134332670
185232803
509456799
145541069
454991952
144129210
460989015
320721166
178724309
120044506
385360723
280277789
261716974
352325355
516142914
1672908
72425942
479573318
449707128
467180091
278521879
92080147
332485474
307071222
168984117
229562827
72592297
350959015
12199187
34720163
64632311
429391212
14219855
363687800
216495170
514726153
328242060
171533411
77522639
503853272
335427315
241619594
318003293
147057753
303926112
91362774
381231340
7107280
173149894
271046520
36043892
427832267
54275498
353528201
232778877
289870510
67745013
513389924
4734259
136533555
501492110
32199450
773485
382531875
323910025
405964493
420294794
279975846
141739537
418981254
55104944
90070164
393785850
230071902
4420382
23934813
527193017
149046301
347437802
374147989
321914340
43074124
206545772
379070471
413740588
149168486
11225165
476024635
449747244
265858166
24365660
296798744
465948015
198251192
26700529
88899424
220635041
136620813
6714757
447082998
265328214
56974161
21041439
443138185
426383783
58909703
266529664
26936710
63128786
186773108
532933176
242413470
446677960
350088876
329799786
196543613
310282274
20217376
64013694
516078734
448360396
380033182
173069587
436674178
33565907
420380249
208991404
155068701
357621717
500876511
62797245
395737679
383578141
141822020
89215721
45889426
122945690
523900627
532831966
278471273
232231277
258852078
245703686
213753812
56886987
400030213
276868463
253095962
519289907
144998252
212922489
128127317
173274109
311886016
422446750
520154344
505569526
270100856
446961516
254111293
217021859
295337761
271569262
126640168
23367850
9267734
190063735
489874186
150204369
48974400
365505463
375220734
514043104
128445295
475028717
349134115
210911358
129771765
77400662
432353360
474666908
471315975
425087286
38508185
453951089
212871455
517242291
221527015
1882454
443737971
437417506
292393815
452988151
302376539
443512405
203946655
329638704
366449092
79494982
278540605
386918717
349212461
20506345
338983153
459007407
80557696
56470510
458259608
428813143
101217508
355388925
463625706
169768879
381143094
56684724
172247690
112655825
152198212
151083167
525941994
360278954
73529613
535056834
474681911
71279350
437704411
207607690
171987103
274657099
491663676
34141410
207152959
334038282
352957210
434939804
154269495
171458462
505959272
266254552
170083134
311351829
446233003
357550244
297324491
433636309
492401449
316853115
278393903
224511288
524078543
13337232
289656406
268771580
421308936
92106650
415005158
239035202
494701153
60459686
93466594
293756724
167314545
164688012
125602066
318172935
112971839
36265088
33018392
332973286
434420883
464286313
128295397
394298345
54200171
315680828
197335263
26654772
453268143
334554306
530039039
120827795
270343392
277096939
278254509
234315220
138583647
266512437
138792840
34830748
193393939
69807326
486948371
22668789
69785653
56988778
489445720
156567692
152377623
135570917
65062175
352672577
456165517
366395557
165320901
130745625
333337015
130721355
237381748
97597142
511181627
453718662
157924908
164829683
498317744
172518711
163533962
135239690
340207991
59092719
45771527
262925803
326601777
230271520
189356328
535010216
80048728
445271171
515105341
177169897
355257460
333527317
312734699
305160394
530261771
401662810
505724485
147991084
62728055
233609309
338960477
413927942
239697366
433181056
433317226
41473266
434271250
246884772
340526623
438133134
46527444
286659500
365446102
406129446
274311326
281137837
534936379
486574636
445216224
178590444
166479680
152406010
220192322
486960469
32689467
201925837
253433691
220679579
360749425
211210075
219009164
367307958
257423903
455399875
147985492
260611339
153888917
171132007
398791377
460370885
496366031
458713412
343365995
389272027
430610711
98888402
349830754
113374843
220284233
405823501
34634823
198235136
373710591
120084146
138060467
504698892
308860553
388571916
472018794
182295866
447930291
296207415
54825712
68457533
516949411
72894411
153547800
26456914
325414673
130495930
359926163
327809880
459300600
217590091
63430521
318760126
226552780
364472986
73274155
29545956
487208264
423158432
501699451
170053553
460332471
106945539
93784568
174548526
248093728
406071665
33277506
85624883
504513874
344346644
132305107
62155429
452280540
179759829
449396923
510503886
198673088
216120795
51056328
101996488
308521634
67947923
293685087
81893580
10312793
509656533
217861923
56118386
264851563
369341061
233103068
226394669
332441410
62771673
69622254
314292767
486392303
5201870
342263224
60851275
216697902
309473399
479511093
73149527
496673942
206541916
486250068
122011535
329488442
5862639
397141794
243222745
242914396
317849974
190028109
83321621
280656051
43228724
35207351
389667798
344641942
354149753
255479166
127640198
9890134
335949636
323841678
