43547003
358136358
166986861
353435802
364644257
264246060
465047317
352712575
482483845
102221500
139373475
329937350
357456808
278296748
477156070
190942054
129951727
76859566
25653816
489265408
328587303
132191100
433988749
523134186
133989731
34885259
452549978
241037028
123884300
11136569
269484989
100327522
266799720
316348127
292103826
296158281
163861962
405598957
469953420
41174376
91917073
208143315
429242921
473922609
134640531
383691960
263943776
503273322
105506793
210055401
391759216
52252996
315794723
198843126
106707670
237683060
197888308
50285129
523490642
155531510
408034252
281733583
221065715
439790720
413939702
363186742
237956972
380148749
153078965
303699328
286717814
237054688
359931648
297834564
335160890
486211620
35712324
525937996
195724964
510910137
66506318
128816915
384621378
56665309
111543470
162520640
109792853
347045687
415627216
315996244
290486881
229811556
500527697
12977645
149789701
464845830
423342047
349923158
158746670
516498177
197803123
242098991
477123399
133198229
110478305
419026046
309207477
256730115
501957273
406600388
109877271
497201674
254344634
412964054
199426677
347560941
133579333
269451400
212898816
279478983
70662482
318163305
146036083
333665850
80786985
482873939
423977112
282590627
127663375
273225832
100408022
518776598
525419805
262239525
387871954
393905481
133323856
398138514
511607007
240492503
393973069
167214724
168011318
436341568
472199433
11036867
72757121
10544187
144662600
509915280
216074322
503227290
124461615
188979164
182710899
410877971
107350779
535230728
112909738
42179233
265968738
449145853
522868657
304842828
216575270
220266558
194137856
167075789
476820239
15634362
20503088
113348566
265693267
442656663
465592251
211421000
298360295
333778502
340237794
233866574
518643263
382777737
394998256
508774945
316022247
212168270
527786797
59101402
178853667
403806228
327941003
288717189
345555460
225898285
7605769
335467840
354482411
362793490
460874206
351124680
179404099
339856796
238815431
369727845
275502708
377481370
401656773
322909741
59049649
230703601
156711878
94093725
361972662
322192321
181060488
283102293
336020016
245087516
390304837
401905753
224181346
435945306
464010420
59537028
148324950
151236484
224181573
346914872
218406439
187072805
28404459
287308242
189717135
162383486
403897306
487791983
507538892
173468551
433818720
90451983
1789039
3666802
120731569
274480784
199549551
129545011
397891763
18025142
13689932
193898814
516311389
480005422
220109553
5517770
482222739
169246452
356981101
251001254
65405364
385399736
457742509
379485774
163456432
414111161
67882702
337192988
415512401
207833379
443343967
274102742
54190935
251271610
105593832
127710689
514235235
408939663
112437278
170444891
187203579
52943440
241653153
81901309
349388932
414521155
422307715
527413434
195472030
292429456
266707406
14712110
81843973
307696950
474547886
214721828
472111336
254821293
354763129
59038090
181150762
261188103
180583582
208945915
327694534
146805454
142320320
24752308
128553144
64522142
312362966
111328172
323843155
217732452
24676570
129336151
486925184
390315239
404891998
186843656
121663516
324650383
516929984
227279224
270947727
378757026
53947982
256530693
371421395
70410227
215629004
176955059
440052425
55909545
430761219
455521350
411988251
328063004
528065068
354522529
155742996
215255991
321543990
524402659
329328267
242953750
147619162
154875913
173949438
287351717
294426288
159603807
38043735
30708030
250218671
251891251
265800276
65724272
334624223
312046945
442433424
354981671
74797570
93700210
56163792
199505739
234533022
201804579
56883910
360334483
278333446
328104857
95114447
140659298
163094804
184003522
529134817
151564939
487612617
154687796
347176663
256617097
220606663
503155592
193178530
206256275
433232579
495626684
154835765
353656460
283047900
225080671
370485593
325864244
289993509
182696695
152175228
127213954
196477601
424534653
378298266
271519598
179744760
282028740
47581210
44929466
26067408
332900867
310595284
146459230
373184703
226100242
273029288
389114306
149999272
472528330
496913084
285048104
417914489
378232898
440174445
199885745
75957922
340974086
247231758
292279236
464070565
69263491
144582911
360862099
204495411
25269171
183965380
365269187
15431067
518311271
29148514
35940358
85763888
345059371
20649123
321465822
46679654
418187986
91090759
168706586
519231498
224475892
807689
37583154
303534456
320662132
153230052
432135733
223483623
154296806
490118212
237176720
338649878
260791023
157397244
129179106
406097089
273533626
280235754
331512709
346075578
319228500
471343849
499126464
225428165
150155062
503635335
286589790
126935182
235637225
300333256
228766156
176275179
182913732
194249952
74949332
73733414
49785468
424850504
509836260
26912343
304258517
272283643
318204095
105747059
476855017
297765571
197600622
500103398
310165061
203934640
276503999
168660326
280754068
207192293
284442716
356581118
475714277
66342655
269147023
174897507
349828698
276658927
257324950
387526470
519435983
345492135
404502490
364611671
147702175
207445601
235751058
337602996
468784420
5821732
164295693
359649589
278730527
108406471
358249615
380022344
390071973
18593685
440032280
16355895
461716376
330731401
530251068
141747290
353599157
326569682
360201607
180717606
389565092
294991970
348168879
153032872
422368981
56019404
114364503
438162755
1703297
178596105
297115303
139644790
21808381
322665110
426949568
312316153
82712888
244192508
459077770
89933302
248658021
423948354
426742248
167626608
395028536
23928826
277324473
471656143
389382933
372029340
127852793
20451296
481264673
385888793
480565794
373788227
472341508
38803521
399494158
376117918
297644018
41621739
528809081
7583629
322537465
484813300
30139966
462047317
186805389
156650949
140470494
532627888
337087020
240627273
289004177
235847220
286438633
19420165
325996936
305003970
504045031
318867751
137324764
344585977
253917507
497688399
247522378
161989041
469035633
93193085
285173020
512911775
262289426
480884577
419122891
61676099
167764240
269230948
363543582
428427814
245523338
31076361
300921207
40583242
130685741
96123863
141915882
439418170
264402987
375665842
6833557
63406303
210747798
86292057
405622856
185935356
184455643
117124686
14180434
420650538
118673853
383451279
172136356
196233488
302821013
206216967
198076171
88558410
77095003
137500967
11343646
84160378
140871817
306852621
307766177
534194001
442439468
98111245
305848247
316590211
53223232
270701369
15864192
110696343
172006623
253999395
348930175
289763547
210858577
374614570
216066171
177724429
470552311
420970913
379443807
406884471
6522983
277700655
298922681
135209417
307718938
133925078
448829875
378850594
214910284
276453040
145105619
433212484
357800371
203774997
345566105
2825806
71439281
525356436
245372037
517824126
455043047
58117413
303987638
46357251
114414325
261244888
207288507
145258510
352508251
6721516
465492536
349291097
32901204
257952666
450527838
96827298
237400654
175704497
214977427
391438648
392505766
259481117
352053528
364085906
475630749
319200927
313112749
291065016
321953227
238353105
455861929
445910241
46863723
341818622
84908215
123208681
335968776
67898837
430271801
198655381
98056684
340726894
126592596
382519389
111303987
369297672
183948986
428079058
374310797
383273969
474781074
200099996
10783333
469755658
32060043
235136420
71195903
470098887
258365179
334513135
67617225
363560215
310044599
221483300
434215119
3828142
191774859
238704164
327488584
87993388
313482700
303724491
206707970
375169997
190371636
244009529
356302741
276897043
370252820
143907199
486414260
263172965
392947715
235380929
391783590
281378838
88372457
489097753
40982759
105572511
163485884
14674131
87706024
9739468
510757237
266966409
326965348
515547115
237913782
511648453
4510943
403654656
34608863
47622273
390687805
518999023
213042597
334777892
111846460
229944089
48626311
4261388
195765836
370413562
95713483
97743766
236174392
524518503
368043805
536310931
217963383
479625883
408851221
233287358
371087947
532213050
265458227
79165792
529834907
495316718
511709461
185588124
464918972
79193317
34469229
305315788
177709243
235682383
16267566
1377288
223319425
380155237
123430829
34408565
194492527
105806536
446432275
8863738
313183479
182382485
194119897
531139291
306530452
414207464
390984842
234879672
363934459
357421255
299755741
202932656
9784206
386090471
467864474
422909784
517867442
430198445
354853785
415733211
303554666
438715128
253661447
350284488
140569057
183116111
407480052
323606795
275328098
452757919
394419210
503387991
225669269
63769843
458917653
157699228
428835031
410036161
398797159
186260521
433127481
42805030
269964469
222982751
143108058
135165000
354970210
157904663
361962451
200107247
183633600
118168907
216047422
156079423
536782762
119549067
149133814
490619129
324854327
49275209
228207024
382152391
374118601
33663025
417012954
40646909
517064137
84293708
372186353
149853919
509255617
96111454
56207563
183255827
20921953
272195225
267075475
359672392
189909152
197821935
507292162
235677468
257000740
157129330
94079124
63829797
141421330
362184650
415565597
86672825
122099640
222398292
281006155
163311625
112940314
250450582
513469892
522571988
258506252
110001958
58048763
514763742
299125805
351174566
368214045
533493110
466732476
304941059
531648879
33120133
415154692
39313681
159709374
95851848
372753488
466926798
307273427
505307769
199812652
213651404
420816979
179442691
181781180
215349981
195348292
156639193
437311664
110036896
508838043
437855971
219487667
532097393
68528682
363384982
237053380
257367211
60601871
185590442
450821955
240344829
323623565
444670544
287369692
72377974
196613798
130520165
312598148
40700237
494056984
3711261
220809637
263794859
288155370
291320065
72540940
161011786
339989404
68218129
369630615
70743899
160545847
119885034
216010325
467168850
444168398
489333875
136114303
381035689
115072707
419426595
462461593
318190453
167253077
106237551
141189914
407103030
162312509
346079944
431323862
384852367
362975772
234919568
397250218
421359468
370284738
112093242
419472593
80657845
488757070
203984978
214593775
139599509
63163814
29302851
16032221
242030846
84955217
304638334
28735484
359501443
407794045
528026008
146765421
173914502
284993935
90607111
339363801
365151171
100145500
157401189
409084666
206152618
101313498
511654948
460166024
528448986
289584285
389424245
462260961
80955898
487516620
482910873
358487774
502436962
7969291
340892863
74754345
178072935
506954920
440982357
8317770
223323469
514599530
408082606
427653848
120901303
318579892
75345532
235905560
335128742
110470296
92588426
222049248
165704081
216944828
525035343
441283363
50612141
122041640
230247882
468013693
135598467
480592878
531515017
234012522
137006040
57357227
2338121
164591487
327059430
415435129
203637376
512654782
125763035
212649927
441262008
390066862
440337903
141574400
362831722
358118300
461584252
94203118
166278501
215771544
230625336
438915766
451917086
101471985
506588220
159642725
132571381
288585066
287031985
279255536
146158446
461642497
416250613
322810357
493962349
205693192
61246675
95023784
81313592
257443907
6258743
512071415
165044312
328287240
143597194
146881928
119982649
55080616
112570588
74227305
496731127
143578296
275712628
235999730
220248132
463018157
376780815
278846405
272628057
99060231
363602764
282088376
492846810
159505963
530250153
237883198
237079969
125564245
47134186
399372669
388900280
289232227
356092857
448723028
161830809
501780268
110892426
1443773
404403110
104614731
358249971
209994259
19771769
358485846
202477276
193194383
136310121
424453336
69690006
145947347
232900603
332694189
405388102
420157235
437458747
105910823
293218923
322711502
118242295
153331565
254345562
149487005
245634077
433661044
153324055
272076381
94176096
99793463
259565190
138367725
527972255
450758705
506269838
342451139
529887539
125947589
160651051
15182899
95936088
449714885
337468077
267018204
419097355
468457800
11105951
206733238
96583757
104683345
502490125
35283429
426098212
83033709
432803963
159378707
116417897
517846610
4600740
94733831
509672678
213630540
434635504
133766145
357437093
175783859
143501082
454750153
125054431
146498175
233184370
139098849
335719620
76573195
286555586
415909318
499507130
150944397
344578328
276138834
412827905
187226051
138931669
298958831
426083770
253042927
158962547
524123203
148737867
369452690
19694520
473585526
309188792
378832438
33502291
453086758
198758901
122457057
392098471
521066021
457535240
451405825
25456467
189475291
24645855
391595922
104877833
195417990
75684613
395149504
302113141
257430822
13163696
444792951
353419249
532158555
86313381
309437152
233657141
384865704
403357791
1421638
88174624
67979016
473942411
237520165
406862704
274331780
427382341
460829302
348564756
302327567
344374859
260073401
287393077
173034539
192321553
369552004
519686682
433599947
293202946
240497531
127053820
3663565
316347665
424305531
508991031
241353218
240783546
261731480
34815517
332982578
209800145
374832979
329345793
333937798
291052558
422066109
369799123
304432525
191895110
192563364
42598631
224079825
382028474
6470390
243129637
375787310
257889540
276575578
87517599
529463516
397562332
177496962
392314510
152333898
203075363
484677892
258796256
315974667
260582941
522239609
296982178
526889529
391003480
92368387
343974730
87420696
28315104
536397963
345122119
68604269
81089774
439830793
328413992
375481593
82713199
467256695
276518277
176668448
484460040
141182814
9611496
480340604
361070954
482315437
536155311
29894445
415012685
434806282
190470288
373147134
216214035
490458906
52288003
20741321
231417929
361933061
436540603
369673139
429115757
250539002
272678605
93287311
398135168
370854902
519668407
490838537
297570669
277278275
262634657
24275759
57926763
434100723
80890575
502119813
293764288
268306055
40825969
474806030
505972987
302774903
284291765
294940459
124174236
347971955
501355836
61591641
281530551
207343631
384514703
60071130
419166865
63889661
248494695
363036333
437189512
386395820
410866218
259244138
410834982
410681101
87366472
501941212
139391064
235836923
534490855
418255833
424293939
101141201
309012567
262899682
435878923
345066785
278875545
405055477
147612540
151997630
533845590
30017082
407623426
257537279
121123494
251783858
123474615
86847794
343348794
429996255
305291521
32060137
330834759
90895181
167927693
33766456
410785216
3888178
9189099
280385438
393666906
211346702
244431478
113049799
477255208
240515151
387034243
347180161
457184017
428939705
529750023
493164017
251369710
472548849
240684675
336717180
300281731
471966133
7393985
466168107
23976847
302082811
274979678
165179665
189422698
91078894
218692522
514357913
276645317
37984808
291658540
278056883
529466649
483054924
200676953
385612831
442685939
165942667
23537393
176203158
99764262
167433930
424677850
120765469
301090336
163417834
266606315
459267102
168418401
53904418
97503925
454655886
518722232
221382340
49001454
346938252
509934597
252221198
88137307
278148053
347828753
135683490
194923044
277880821
480520426
440446007
496342263
384679578
265690126
327650308
167158227
92434169
472126089
501655450
142598014
50963542
212648251
336036764
336845613
180357970
339159596
140384627
189410703
331073676
279249162
51670730
488065552
256089116
520206034
206351260
23963608
417403617
18296786
322244860
185174310
288132908
69476362
396398494
404346808
130188244
528852105
446432508
100969284
295903097
208912801
408505844
427811513
167951633
40175054
522439358
446092457
261951788
109587643
216294558
18122596
440655702
306131526
476983164
414973020
215579280
353884145
70534458
285621909
214390403
457995582
50100035
52687624
61273886
236909160
438367524
264829278
232453319
100927516
250236731
45570553
46185084
245029558
180059633
92196806
144991218
116067372
28328878
503723905
32748880
315547897
160633870
213642535
346155055
504010425
322796479
424305519
346020210
153490879
148517010
273458164
85425731
67301732
258385083
133217768
284948587
438989412
441251413
333862607
405465096
339714623
92369439
9205347
293440054
481091808
155055266
325952776
283104149
87993573
411477997
284916171
232923843
518463581
229373325
150453070
144527926
49074404
507114873
235906088
277746125
143245968
72021714
184982158
423384372
208066113
317002201
245540279
194947322
290664422
202699245
427322921
101052385
284351221
311057855
360687076
524261475
438291762
467879352
394464856
317472736
151870033
518744823
246942196
97195607
337661604
520795918
256503063
7887391
423329730
189782168
84819586
39434069
517656181
116932856
292512995
238963888
423751235
283255982
341751877
9884589
359883746
493266522
468244821
205655450
341346770
447177956
225497685
433348041
507680103
464706596
142845248
442197346
366136874
344349415
533563475
392971775
471449735
411181305
140835963
191170304
149667711
52809895
372026564
328754712
312036869
331876625
273091190
344748738
340993735
157686444
332977243
83563769
240718667
84660648
113084323
208716391
433125362
189829442
30891440
213058036
320817269
430423640
78321576
353446270
346666243
360558507
235906025
403902279
18977070
86408656
42274740
224900598
84284154
194649645
444758342
482803617
525050954
459499500
373719279
34910595
434071082
32665842
167081014
302389825
478265225
240476683
16352214
479012480
499575138
349703888
224390947
292900032
439523830
127990155
43854667
10550428
157345050
239102685
529087761
469037316
536409475
327757619
4892791
488553315
186957308
438724563
201253621
436644919
164574913
192740847
390450212
31555361
365539889
419622959
327312436
261131902
414108787
464851677
316521925
163953909
116324633
246992519
448773335
152730882
45331135
105735962
206752626
81353607
264131431
448570028
302660136
104514589
374710010
359828841
485129316
261292728
49853283
342611214
140291079
426109614
477834287
505014712
51288507
159691480
193386812
252006273
96273500
186763973
172355119
33776247
379207616
259168313
76131453
314572963
259495265
445573887
338241967
7948163
374273626
212061301
317182116
203633549
422510943
322657308
141333534
185923711
255556180
241064467
419095591
84653748
295192460
346134488
362595262
448290251
343258815
531033970
103447093
151899773
364139786
236885696
346239959
232509918
457856080
71537917
382132454
477265876
490761549
190364959
199338253
144324308
107148855
241316472
134933282
439459079
291686678
366091715
16423176
307525314
363010470
136600338
520278444
407251971
155905050
405122745
268483224
19728064
9527212
314098335
22770654
50123042
497008552
440122127
284053452
83266215
452144845
517001812
4290784
436049955
372154550
271179432
526817400
432506186
384137725
306116223
140889012
113878330
102424708
376479709
457746291
265858074
263482787
206127886
243152278
60049655
54154047
122783112
43161180
218657842
34795
23303943
352713344
73468294
37196794
507574648
319175714
327113691
192594484
382854199
425431819
510328226
186432494
5175085
424752658
480019402
274999076
306413450
279465293
97317384
120994237
279942574
531175022
219987699
152796304
156775583
431300823
73720313
27011008
286450992
97499419
431311205
84037558
9188529
77499599
348920342
377970266
102712018
395467450
274102277
222414853
388504794
17787860
293483627
106521106
266885315
189729116
474167915
54351161
502554251
393489536
521108632
136714522
246311563
355195301
63403864
359970521
16575748
171003035
274189078
281443460
340920285
506272619
478513744
102802445
124509643
483654458
83165472
293439109
50200955
75153547
417839813
164361266
103016586
308249499
59024629
284735204
370439308
525917264
302947941
137503249
383719117
405220295
311897182
190981916
386406578
12767568
84105336
395830211
356492166
201066750
21360406
281054403
519516073
327671269
170646454
13392163
132827444
163872910
510220224
477702152
507915354
434638953
215274186
290705539
273338900
262552326
491373797
202130971
46436936
174719206
401994174
202123021
260189503
210108135
233904489
402725539
143385061
231064011
493968764
306229968
320477582
51697181
434257346
58074440
318368419
237117708
280460414
314628712
297952212
504135168
104200030
161711353
242724747
261620093
52475928
158075067
283872349
227165211
121687954
464571743
124992325
195854277
277959878
276270659
366550027
475179709
194827905
276488
277739735
332693771
305471368
209968073
295907706
288492745
4986266
368826107
414164227
402545574
36837422
391638653
330459084
74824253
190502119
470698884
348445205
378855792
324260659
327126457
123142303
298264738
105774041
437766030
395067942
130750147
384973326
368602964
370063469
108948251
448697952
488468820
208935662
401102381
124342946
155517415
132605233
50968016
173002610
182901508
67737783
150191474
523050959
56661218
326215596
329237251
248438259
230753417
155974126
160476067
121849641
262479696
155563455
338585505
70770098
252422532
318565283
44828068
416933485
147304042
100562329
58337157
190005519
378942467
300457257
40085788
243460044
525904493
105874756
143530096
18969750
111743728
185822258
8380299
97139741
258177172
354781988
252564829
463060610
113302274
494468556
140832900
512087589
355991203
58498431
220268418
375427158
286109830
435484072
365594807
341399776
204423289
437256306
457062151
491154787
10467104
215177268
36660145
313463280
189527055
389757941
147743855
276664461
110189947
136882894
447477666
6758567
444645246
509860942
231464577
41654659
212450788
291717662
385361329
201513738
273823149
296888646
312402743
147849518
244929796
102966419
259088876
59949464
49765837
418162200
520634290
518201493
365232015
289297436
100524971
258049299
108347848
415416833
334193607
454249785
124500348
185349516
473860128
58530350
249724742
284453632
77846362
4985108
427836925
289846141
24953331
297290820
245359735
510569004
132372108
152986361
99609851
4767918
396508047
402373293
254928134
480981002
401166416
291027277
258325887
53648339
77993310
115064917
91394167
417363328
339348891
419652826
5630461
401259345
147526486
270450138
169266007
29139075
253766642
183453274
101815733
203059375
420983404
345971329
66460522
21434563
102560923
358254828
296451655
406697989
190600966
208004369
267654820
349985411
296476741
484414586
405665363
267334465
454380045
85938476
211755470
480351260
431679701
432778973
227441670
501395913
457851173
281590556
39686898
302804264
376393446
56617919
304489174
525720598
324394289
126036160
321768712
18683282
370221746
218827571
293992830
175394657
175149278
214896449
215484351
134237099
77092801
360332364
311604632
447350815
247328778
84902598
454947211
351438297
477409816
385218483
441378202
143155876
228553968
63211963
36355345
207456644
275283088
108458904
118500402
197702492
346527176
249944023
91734917
449940908
289069015
35055587
308625506
220796361
397444480
168476
501158748
265437044
83840071
601403
316016359
375994037
519103907
28641282
150186494
224561314
314805992
425613335
501190620
30358011
262453512
170302121
107251894
450206476
252116667
148229998
25862246
474390662
286583021
392470244
39400337
331141328
461798403
415275538
285503596
84242758
200283482
378645963
310070531
348834707
400462775
79949974
508499894
273931296
133490267
267819632
11913360
121673369
31817879
145642096
97210334
123578881
436372566
263303163
258793028
387082224
123575436
254643109
225050471
400596858
131507256
210547623
354927559
59845756
362784908
279575017
475061821
245441689
79277608
134583816
246406812
167187606
83370187
374587471
121520505
138321327
163964936
498958514
461366669
256571842
446777935
523260926
530735683
353733862
84673516
283661199
489626590
214616244
212380523
291260526
6812891
402857014
21058095
468676916
167254061
239426948
132227807
514219941
463731651
9624001
10590080
261404054
35857301
383257542
161940948
121995145
457468971
42188940
264014484
64810795
301945043
39966097
427551680
159282538
468565601
37036138
327239043
9865698
345865351
43621267
114016607
322296967
194002170
253675536
215478330
50994269
45294972
222383416
289047245
425327506
274985729
399262370
21342962
290105290
351600697
511754034
143795752
420643661
183109531
443240486
159147533
433194951
436949794
95112716
336055313
503109861
314434718
303685503
217879183
380813526
286316824
16741866
494854618
75733545
108525300
34498149
418563806
248705902
440404068
235687393
218620221
90093744
503478626
448191413
406932758
104588407
233123458
112763374
468163151
213717544
451081621
302153629
194645206
256335303
176310023
272229179
315230673
113619681
391518830
387664683
172539635
532015024
243786296
245732719
172533857
429831680
134665700
205249857
239985771
442031721
362588776
342980897
523665115
56970015
70432137
377311168
61833423
444513783
318595213
270110796
214678337
353991986
414460216
20651459
195344732
234478412
464137540
329752950
280312206
252168047
156886886
536086019
133337951
369675123
46139314
219924125
339257320
409841915
370383660
20439960
278742721
307880625
350242034
375483370
49606401
471412950
124074266
106706063
293590690
386859319
511917207
484714622
190042212
448335141
387976252
62163237
509185245
89704482
426284402
126025566
17465171
356268229
318522172
197717521
398541269
47748047
357460880
70226633
472957447
214160455
105392537
204616581
39832341
327678057
455710642
487445396
16001855
276061307
129555853
253511545
324180708
197002792
150935182
121357649
366749755
232205982
284526760
200581203
181806496
473765309
187602917
70217180
359321799
514207735
401573585
428088966
452043424
328388369
329199916
189174346
155679357
359200692
325351330
393930747
319863424
124457899
122237699
241798584
95390715
187378623
321612050
141752835
360833222
101151590
184193026
339623128
373814137
147201256
237778539
251732271
115298948
505006726
167138466
22346323
455101180
414820378
20819914
435952764
487183391
420612358
160376274
270223219
361138415
394662748
174351501
254977571
156644121
367773809
91138859
411231618
462676667
385240502
502858463
425202455
126633557
41173511
413777401
234549012
488543779
83383145
443728843
100272189
266803710
441449027
236612773
533405991
97254604
162268460
10847091
510500973
266206076
101022190
191398759
504107478
450149034
179895398
303388044
236527804
364083775
180814773
380174670
451095278
332324691
375557031
123835417
18664620
479947953
70680661
492075434
113290934
33971995
481931897
314781441
365136525
163527581
206532197
227330017
455518868
124836118
446081082
17924544
256958167
256221267
22803094
244018377
83782257
390862512
59302053
54345964
131036288
326960122
519146536
496563367
316847457
298906094
115278821
473217806
335698056
72939369
207469968
158950723
131941436
101403061
408263201
260613974
330118055
366408551
133985202
18778893
366705063
372696319
172196939
407303117
257944384
346814903
54294240
471287585
465881509
481444514
245155100
305110032
316638023
388832121
246390136
46155388
123873705
127578490
316284344
304222029
98725056
117904448
223668923
284475181
231975739
433271579
513436235
432737881
204620072
348503672
27282097
481670862
33014593
58955674
375620886
364831602
309648053
343466007
167640822
313350554
157260415
524265868
180876056
280313399
530517389
85044644
500609684
53817480
274059303
229317412
145389049
21229283
501192441
268215014
41158066
429457637
10685546
40933972
499907392
255136303
29248658
411013123
123401993
340153331
47841348
307506064
446648539
352140365
428894790
103884903
389837230
486179334
474152774
354539121
191590518
525574867
452584319
261626274
182306568
407472327
77210451
465523768
260212369
177867875
84594208
342626269
502828186
201902329
477361482
125710415
523398659
215524560
279455955
473849000
52090961
414354695
479439529
352546615
454587741
261340318
274617292
216720073
339589433
325682593
86872174
241158903
344917147
413490007
90273875
369147580
426647084
45621464
287890235
388184012
130528790
15495502
477820527
91432600
512982992
505929362
99807834
286267864
162027601
337004916
387461245
361800427
78359753
153850151
375136290
405332095
356877272
256639683
506997828
154982640
352099082
388942439
262111001
438071061
117314024
293726924
245103067
459858690
500546927
520783300
235854833
153089284
445242440
69027442
15585342
306057975
133979296
211461408
202214453
254268181
30440518
450827517
154561882
447402872
203680074
219935952
488174035
393900319
54014305
261014275
283733287
299348803
375624693
43469362
394390964
193202064
256224825
364726038
499286773
467183340
341996682
202600335
531296334
79587471
124599062
7412130
467038102
467440700
82999392
232009596
458633148
242479799
272050202
431255518
486475419
138108535
121373527
487241462
239300934
380221451
488177258
411089501
447994725
411689323
288234728
189857410
91621184
62764479
155822607
210688219
414724881
128672015
141696215
103428058
395525720
466702799
352613578
369769933
180417196
311948480
38857652
297689859
371410
373476900
353884519
403134433
414488715
411221448
376773458
176854795
502722295
285126175
503928306
40290367
483710302
314834018
521098747
484635593
445662186
27833877
411541348
257859658
472656255
364544126
239807206
39384507
431272072
153907227
119368918
261329991
418566169
192691999
228850168
214768383
41361577
193991348
379677783
252742008
106779996
95624095
51553959
295268804
108027771
476824346
254233994
236392387
130798342
198906745
399184332
414895051
387480777
256094855
53060447
224019685
516665372
62565797
239888649
255190684
65083161
203737817
38613707
13854567
308358245
50761120
200849894
217188986
504369584
438198990
162474516
134480243
156852683
36620905
424074490
497232230
396620391
397928140
501694390
511026588
320086740
42963967
276443375
25995904
486244222
514353206
310473568
354974389
484955585
104059275
480107364
390157804
147268006
166779708
306070182
33499934
45305950
352089900
406910298
412021363
382713434
220031220
115195773
59834176
423883153
245669846
88503018
266651920
130943640
421620343
491037351
420332641
50107791
190829720
247753773
433019507
370863114
108960033
45796204
199616686
107280392
247919003
255498469
535599278
182573867
109843916
450888593
363158051
298048786
26353047
182929118
509823042
60902500
316611279
504537231
416464025
429123032
348590558
458519446
247786900
311909007
347333941
442255486
215742082
39165744
230747445
320320866
231603254
492129514
186094664
487262992
169464190
26904945
164924002
46368843
279231917
415312744
500620125
195551461
198782446
527797854
317409028
177523510
526103313
305924978
346600938
344779891
402384941
244431601
329197503
473168919
46339795
377610408
156710056
431306672
25543515
439450145
117301609
277026414
28961677
250912953
58882942
477330016
482525854
517471168
392101823
90198573
365904190
527756851
27709381
425924597
186756818
523094390
102359106
310556257
242357366
392177362
429718120
474125389
46378211
133421326
466406929
136368555
495945790
32233711
56367322
261467874
504657230
420381678
140412353
347431007
251746372
200868777
295751774
309213201
14477875
141427142
460495365
38777673
286701599
48760512
31856571
520901170
490769629
50475416
159332794
179269689
471321798
289617444
103935480
511413347
141625833
279694763
457865719
219888043
247086473
443807526
166300255
366140886
395068388
315034221
451338047
402102653
9136981
132705761
170713450
33173347
262614649
295133321
425381492
191329407
411278535
406965521
158207423
433519321
463831541
362456245
183683815
96749550
438363263
220910951
479982043
74664596
251264539
386455236
267325424
90032061
255718005
462573300
228213567
63156781
430969255
265336895
298457485
356300429
81222341
242163960
408068654
58729756
156285098
439653672
381229750
114296950
283158872
336989814
67527408
377246163
375308005
21481755
271670587
436387403
331801461
222285926
15539758
222154188
366334331
515018373
64304613
472819997
245959241
185594503
445198305
375257600
214035166
521710654
69920324
290181961
287235757
333363728
117361455
59215737
384419819
378484582
357134428
310597110
457986115
479923674
503700244
12221329
341717496
325215206
102203137
437341632
420555941
89733914
75468766
71503464
310652805
339952454
41407799
203972212
420696328
185312405
448261165
250882806
71068737
499015764
362859222
285841619
485710195
478344360
406201527
133084542
189744071
124390556
318734443
108130985
446825574
323881458
485586311
20031006
524380124
75445073
269094393
233584448
342591920
512306450
310832633
308505662
57857290
250884625
521773667
251149078
162412608
289422904
488536727
440552534
10371002
36514723
526708918
211921502
54646001
378215427
54631925
44987682
204294907
388123923
53253646
254819228
378875808
265441146
140964083
40708675
118793174
301293922
366889222
12889379
25896969
343781621
203511845
369480272
529034878
372096272
212321157
430265361
381241630
374170605
69494862
223478293
499174674
495209920
82882248
446428654
522292199
230189495
17872130
475795172
451703231
285168531
272176572
411489236
190271884
522229151
178509902
534434886
512005506
115552626
98215046
530186525
341233789
279084313
517504562
333716645
185143315
138953106
153845409
38425875
166221969
509362993
97142667
505459668
271770942
320481311
532140357
285065882
9161927
215894757
310006486
158386790
390577630
426225235
127780860
111566403
311891262
429579988
138535033
90273046
139471781
994408
453582279
289749206
302117877
91769365
388321758
41355095
65026071
481192656
134483464
346075886
328561432
10920105
511994455
41383042
255315196
338490933
99578862
496791827
165279338
364700649
203315458
246431310
65862824
348781366
530696137
519796630
237776340
221131099
186841740
320582403
370190038
349060049
343633510
128925015
100445918
368281691
220276907
60137516
199901004
220094949
49221923
320256773
229542524
89053896
35149306
107152372
511121052
364492769
306648421
134849642
309913900
195103136
9738707
421459359
253608254
346566555
195134027
408642799
414680108
403354593
199415088
75453391
139594935
91939311
89925997
76994839
47621158
451544535
436260818
523412925
116826059
322743998
5228926
371097702
428884327
61037456
108028806
45628758
508787595
383212722
274185324
256507634
277179222
177709157
284024616
34820293
345906577
20874105
35290551
365117569
388212229
313944558
131007008
392145293
593965
511188729
71337900
518280170
488410608
502102392
57232589
144896458
65676728
224177462
439096428
411256506
251881651
358450543
396553559
213286595
135284758
329630047
205980857
142542486
11175165
364305913
227809844
475475813
229908601
53831117
535386981
512365285
480656626
306992433
307566850
178002037
205383133
280005258
387904742
405487514
202141766
119066802
3962699
297794333
41068992
229659523
203814890
98952734
455381092
533427046
398811430
33513136
277262066
161407700
512883576
35426035
264464495
88737944
212101359
336507663
417892305
194374598
100273265
396156958
325925011
341953863
338268806
375437591
220704915
78379226
468945450
216469116
11535898
221380949
234990760
373797700
419237352
43248533
388445306
498571152
258835548
301578853
29302755
60098697
54672078
40670910
494910642
418799012
412339817
33049846
496437279
448431984
47684726
535142234
435991396
249397322
432950202
303140396
342447801
153314174
438374438
167921606
73868869
454666285
296805408
155095322
469697898
21647072
421749991
44466885
100981734
134040750
268755577
247255419
373877209
418920796
43815400
424121930
302155073
130780216
375943731
253135055
443259164
289315794
262854087
7607188
512625900
472142165
116000020
237512039
444440654
399646589
468734824
121777283
15237664
205572914
523196203
327623571
160777498
442968535
195757067
393005144
37530736
463938666
319075659
179470219
299841008
276298267
139928165
461095584
480472716
444582049
183133628
209985762
428151401
59113099
303180596
534896418
536260125
464653274
399627598
439938363
209790091
51383654
361718843
24302765
104405668
104108496
370746890
56051788
230824834
470581051
120967219
74984934
162760115
349048422
490634395
479938793
242593171
339011001
494297687
80417281
363405891
163958769
290339613
518008432
470740360
337175649
341477990
381416259
383739947
430144674
22598031
16777504
78926321
499142041
109468242
185553527
296123567
44696452
60582221
176775054
345380373
219528733
129226068
298439115
475193701
464741396
504841139
255042838
507383867
106279480
51031807
88830998
221709638
68282060
371617677
366776448
299876610
486364634
154679393
85744730
15443310
442353473
460837410
408701021
230393833
172101424
146739362
56375642
289643589
71511477
393254142
248548277
396623911
442935843
2860687
513483402
190869593
302622232
293961895
260939304
502320887
55522105
526573390
310390119
287902627
91868307
394797271
48800548
313277345
395496004
128788297
328267295
246447716
46106609
289544892
40296862
520713274
480683471
317295219
226301662
121243198
434770480
114517372
134154123
270641255
34474873
215801369
447981397
169306362
251517102
151945755
433816531
77517791
261379993
426250387
170716389
79813092
179652424
342777361
501982351
108979038
290692393
480239909
223562415
37097781
197450739
17598214
135346773
421491252
193425618
372035125
81286194
243185199
476760349
126466515
367777143
73273987
475386421
134754850
86241799
411733025
434346410
212285829
517050945
385753887
414191734
46295462
189972810
412782631
437233258
333950566
97571267
140323231
5239569
203679105
434516996
423815421
512838827
381344097
478285875
433966017
449746997
212875423
144444634
9121068
464255061
277665929
36089254
26072624
398446215
517523283
483241708
67137712
130156252
77998496
272701222
69196527
458742025
175266248
276333557
479332803
187614048
136787566
525831115
338582084
153997408
358982388
171017408
515002400
48372165
110199460
410313937
415614288
136984622
231228234
488852523
6813618
307301721
282990608
521598104
387899332
422185657
13893889
337126904
371309146
356227248
351649992
477584160
187825497
282458207
425529589
241499182
125636699
138864895
131432965
225023891
506319115
351139284
326376817
252467303
255328244
23243783
107636333
51096024
224256081
20919065
378774811
16666149
509779250
238677811
423288016
165167329
351122540
321656041
93603379
273403953
210325181
478544305
409158326
306601407
446354298
198777982
51693022
52976254
140784329
51254313
189476317
460206693
416123390
393652350
290276808
511172662
4894653
352587087
333220167
427393233
270970830
393897752
304101147
376094412
129059906
502214657
243219668
431150249
534686583
517946614
290808728
20011232
71901711
368214327
307718760
284806652
330249751
293006131
401435789
343023824
221878004
193554019
530887092
397385831
39894330
184571345
127654504
209442252
260937369
43152391
36684230
270385137
257108257
148186019
479476014
375590080
239912716
341742028
321349688
384381748
348259592
240494735
18170823
139092243
10549691
276087244
60005809
26795549
427179189
192585152
262954444
322596017
306299998
281124539
414884328
502470604
347341988
473994045
448246206
202892724
407414391
299275088
525815073
193560099
416547056
68599089
403273359
389218032
468578446
251684216
268129596
390283030
428360380
66611951
533863930
158753739
226256578
332053768
487504889
486506691
268622410
514581371
167357049
307850749
143676573
167398243
400754339
430295374
237574544
198311065
383874703
29378262
300626605
403648334
271287828
307803704
391115516
14401310
310419432
401868460
231094790
246532549
39310602
281470437
386699927
197846352
8489982
415860425
385803986
96699981
495358268
398839546
515247472
83777613
442851748
485375473
249324206
458557702
20240737
297409957
397448762
214507012
221752250
26468700
191299349
76692416
152182847
425821065
413749996
346421555
309964204
106259423
398343664
289354537
306960532
239935513
88148259
173341266
405900519
121032197
411523317
157030696
314525732
325474739
510731554
109689477
3139483
514968694
227564132
371777101
171325432
313600638
238354626
98402547
434713259
115560910
450244993
153609577
84414892
457709266
19593910
231580726
335722611
429881952
381885635
230973440
275572199
205494322
126494326
283218286
65815471
64418209
471669123
278472147
392419392
165356250
255686704
435384767
514955562
172014706
170389706
246907916
128102118
192985315
519630250
488622925
316365617
100621982
333301641
387542444
311042457
47322588
78915811
336102808
452104924
432311005
267188197
47079937
479087019
484876298
27675247
84210785
445816435
380442763
286485784
211354759
103216580
356583908
483439360
167574270
430412790
411115885
325263172
426463928
469855138
200437915
157196833
92747222
496570375
399730344
191614601
311178595
484985133
449319800
209241164
296319410
23668329
448578871
111257980
355663105
429369790
437302479
281532546
437295666
213704988
245768206
299290797
441550183
145649388
502260577
78506301
346912903
61589609
450789844
440741456
190555920
71844461
277761812
84425056
6473485
373978912
163646121
477135314
237291333
289653913
469375672
59042744
266144531
22757702
103458532
352114549
297812564
444413581
499923560
100575700
36242542
280299658
92684541
394348513
449808670
397858061
448502526
526663190
252260728
74033467
482674132
256488721
35286065
51669112
270966524
37709813
2542973
57585738
58472368
34009444
396865937
61115223
302373327
306455364
14285920
109994192
81000758
69896531
140325097
128936764
100767129
517636647
121328482
323287767
392803426
72942556
454463081
243628662
424816448
428596574
274535576
167261543
14532523
237471343
340991881
118963957
63645529
480267305
481338998
79355001
283638320
55445285
368020717
105457914
112872926
308506790
362340403
11927378
322307059
327871088
169606187
429348358
134579381
433506614
217643822
385999450
100654300
527533453
161770032
253618960
441885744
253283240
288247525
458387084
439817385
169364248
74426662
406009033
441203901
26077020
267182777
300013266
50365296
516803174
333117479
434320152
535454992
186703206
373912777
282733450
366562302
46954309
385459358
31054473
212422652
439424899
8310042
357683485
420101533
34937286
316398167
239662170
105414488
487333757
276080947
194212679
217033814
500476649
171484902
227267044
72674500
519015361
395720229
263750936
530531943
323398990
420126380
513053698
346050671
318698020
480890595
238566526
400858552
454566304
52980017
129250488
136442533
112042865
116120079
19816217
462422236
416394953
350180321
449689132
460656090
446835800
453064416
123090261
221312732
291959227
401037685
304700562
419029995
208946153
117176689
197987836
134019291
370164085
406690811
111576404
178788196
77106873
269990316
456857380
489004062
139088379
457117739
19640711
198239370
47539963
238971482
487796567
502245238
174312739
532240995
388692832
159724156
238145171
23720180
123249033
264641278
112062978
251005552
183201382
432809264
198868985
438665542
318725465
373308365
488597582
433152100
206747133
432613847
486344909
195840844
117298733
474497644
467817291
504724454
357500827
104861492
481506511
402819495
289649144
470625805
120724763
8990184
489168386
243486873
50647250
373437300
150883062
381818285
114899134
209371885
265760112
147655159
308023588
4620158
469083819
352695666
267589970
82217177
242453038
6171605
316056897
190534944
306468896
353316933
100800969
60364566
119703101
302249221
116525448
233678852
66227437
104172875
96410172
98556992
91893506
129873554
90444414
481228347
36766405
171785489
366940017
382376214
429666891
238866926
262371920
57767326
197132243
90828796
354497684
347768910
401820853
219558656
533671852
510301700
262129015
153602849
114319188
147306542
92010463
28586477
283650255
81408548
26445989
40042211
112980669
53123577
255737067
290890788
230641357
311910598
325455210
387112042
160919426
530658832
97988396
50360576
148939359
161293579
398277312
12475482
462726738
164324894
112345597
161227593
239937195
507867783
149052728
296950664
410659299
507774357
522047652
89221173
291294838
295479104
212123509
315830252
172082543
414022007
35411835
431549748
248390948
354559770
393631428
527210786
206100771
226700400
269586831
305801443
5140585
161342452
130677728
340634730
253187863
35244505
208184563
160901238
370977958
122656963
311347307
202469689
292250964
9461511
183865553
421873364
184186819
53761797
442142711
223945889
167949916
236013079
451536598
511616640
383967212
298971719
70788987
105239580
344074699
519588172
57220604
25324389
145814523
470508967
227187647
243363081
447948159
458252881
459178498
28013701
85433539
234084828
83223287
123502628
219660241
487233545
501574203
258287299
155863319
55330213
130912465
502932855
207399793
245204245
510566465
211560749
239668938
293579643
78738649
191060744
392882828
162287994
453834690
445843924
363661142
327880679
33816614
445523815
500627081
290222449
148802169
158331781
461306214
101244594
235097554
504082399
266622056
78800035
363813928
282286257
518309049
229999649
333084334
362046732
216242087
409065019
480885589
350048375
378718317
200282370
500581691
49421871
346567597
142572032
231274427
453887220
428575876
527704398
178145793
350801225
218348952
339171918
203772400
105507497
75671876
103121100
167949962
216055746
293917509
209475509
321760266
276697515
251046663
31106729
11748472
287365047
299665391
480989908
177325685
305965452
174495770
57766944
131835283
98602988
168357322
516958955
313031638
527890001
23075300
194839343
232948609
417206347
208924978
485079900
50133367
154402673
330215239
397985338
514049274
326165436
337418842
183955172
224917162
311218517
478312122
60582118
407248479
387561946
299213962
455854720
93569388
154777549
109087519
411422521
177268644
64941454
119202133
472763055
472768785
31284523
1236865
402885508
33459185
323243409
45387464
529630324
533170689
118657853
473243111
308674342
99153525
449279689
139330196
365835661
335933730
102667219
402002836
202079851
197726615
349513461
418511399
366124188
87401849
80682631
361069393
260191951
85838606
17595335
286043873
271608196
293958960
198512146
353895121
324442165
534496338
309871009
45310152
196984681
401870662
159609470
226296547
450530429
516425346
229948170
343547297
95781650
311276527
313270570
406261586
401149867
160929663
391926764
85271468
207293205
186490501
487208074
296487733
488377712
376578109
110952983
502564491
165343818
369692362
432121561
513809868
475912469
52736905
308341511
508773559
315980250
3701713
137558766
391112843
470261188
408527406
307016251
266617231
418220167
260189837
486251763
478320669
149188164
141585551
356809032
412946944
323028498
254657112
228740545
418087269
434518748
237376058
531087583
120592241
95975031
427573400
402412038
453879332
267670024
153650496
482436697
301346466
519248172
139947926
301202293
346999987
442261349
486353133
305448848
442053202
359739015
213642480
261082194
295036255
46504608
163783844
346068882
53839962
119955908
141901372
235807623
455218594
535951385
132616833
95186057
328813601
87473207
158247972
179392940
270520412
55482540
392305251
55432780
459713780
305245620
175151318
276486116
311749637
358399871
238828491
273201624
193984440
182035855
407539709
475823203
445280292
258305320
75232515
259582318
490916096
467848402
435260334
92643112
304299764
25104105
234640686
178631669
106953032
124213203
71576138
256206288
481238938
300185760
484765669
80364308
493902031
363252183
169963157
330421681
525735034
437214742
136807202
341384188
495441146
390362098
429896772
89147273
522889247
296004503
385971694
156301155
31581087
535666978
208543236
395114047
209895920
483120092
198035960
140084050
277527955
488185960
471096643
399081601
209594772
118739147
165219906
1114366
308790672
99930000
222652265
48651326
235958836
65707266
106185432
172154882
402530473
472512685
477770227
185372473
18529784
1741446
432198758
243792866
291194854
287720632
250657984
279702181
82009247
166622981
211537708
436282595
31168227
302007802
47223911
74825969
408042502
331190915
123885781
273017607
492890
143574010
132420032
263468317
471275070
181950062
412095199
135021009
309011643
342553648
21776007
300189629
408860489
410109591
34738356
150990657
535116855
506620734
34224652
99760952
218742603
91813603
368564448
509781443
254301621
131128920
31713659
406999678
467907342
126843950
190626811
114964932
137923146
414061240
395355840
98993971
195946267
63823167
176296846
361158587
91581132
230249554
396541377
288855952
337937377
223409917
37465358
489510731
82781525
336226223
410074704
37698922
441780127
31703337
489534209
112178605
63476666
109115766
136335049
61837435
402846638
210533506
437936072
154124919
116880283
387498659
224108540
476259371
200516203
294912451
115658532
524504303
341965163
430333317
308110093
378832163
124258435
285022634
305963368
68239137
321267015
365507403
319623022
273813787
181357975
446106414
36655431
217987603
416914549
382372538
477639154
355840315
416600102
512010625
156686003
240330907
151209209
300351012
85412941
367559875
340485473
396049258
186251555
472748603
233087311
158016631
6662323
98218640
345138627
78803580
376141651
509413351
532061310
266174994
312000381
459945029
239634934
176353770
453197757
532828262
363551750
137773898
356665842
249117942
231657149
367451727
411442948
205343519
182741645
319618642
518012771
469138046
65830720
395222432
167197781
89208422
225128697
311082111
332791990
431643942
303084610
517125250
335086194
7199139
413503997
235208331
524817756
458206185
12184949
199543603
462624205
89804124
61266886
533862426
350236673
99781178
29424946
271416771
148208671
220949866
247520057
278560416
217640273
145803882
528778928
70018438
510313357
97562687
230159719
425556331
72304762
415480376
453256596
241751131
485821341
436041215
492990600
338691150
379710753
315201114
225603670
305404385
416218625
127589586
160985973
201594634
143218528
370553972
407440818
104637120
222664748
47802190
328947866
33190136
29053911
476933433
108758176
106941690
21125571
203975386
268842686
75397601
466696579
412723962
123450544
516551720
299710193
431395185
26803097
485670057
100797248
260864168
114018016
314127370
501585916
371970255
352377196
474068710
524379381
123895564
478273378
429748080
477173240
379744182
320108099
438064033
470104710
266839069
403251016
199161202
193610085
82953314
82828805
414778569
180136882
233627348
406307841
91629757
248099190
441276903
108021885
97225266
437397707
324945417
516209843
124360802
34528421
270483533
470740707
101575217
40280914
211745416
521680551
90575760
51592812
378111516
194356567
442230015
213179205
160800034
121637095
164286758
287149475
409545640
79803419
70176133
218576933
84465459
164626106
34555302
257708341
100691500
486848753
494215492
76530716
97770014
511541803
190585194
265471284
461494618
301478623
355912609
328418157
207600056
456363699
254650794
13765009
96724817
216697991
110486463
309832910
110143748
377948429
256426335
447623807
296748731
235917327
272651269
9486501
485368077
131221834
523112875
314156755
200189886
361195006
2676016
146657307
51087044
16619949
369907510
329439403
169472830
21209063
77418137
399042935
467478314
71325245
62085244
342898994
470433612
200274177
309058681
180357012
107994198
326101141
526977225
332501855
218333029
30578908
404091455
454171025
129851574
487598217
262844950
250216825
325581159
97947056
351103819
101438090
187472297
296885294
420143370
440013283
177030476
503962056
95679476
173566689
269987272
168819315
99327353
139320070
523375329
25006019
159398449
476149210
34952784
389114032
498435171
329879730
454820736
195346912
371019518
297487825
460753305
331384614
325136546
379429604
192196337
351891767
250866468
514366421
386269437
439491037
153084739
321868660
107713152
37398831
106151274
244133951
459617004
204838364
66199902
467247231
201104652
144724172
333267365
307547278
322804805
188232244
254996012
473742451
481940766
12010705
372611767
41084695
222534364
149589939
534899794
203586873
273059349
365026276
523821820
536215750
263264289
106262507
58786873
182986467
490876599
194048175
111011383
174525272
357001258
27072927
125247556
490448214
325469025
227389011
47569750
149607322
392723984
160554278
479687875
263683126
306958825
330608686
388201270
239946337
411950287
173485361
425138836
135025839
484227203
155176354
250906940
344761638
508851994
375110948
7096377
354896298
377062954
26544619
161859275
408918170
52169749
93710717
126690634
12509259
169752791
36551285
53363991
448314203
472625103
215354525
370299878
106608001
307144445
133603696
483527883
333624135
192913440
21079232
531335308
117466467
411073809
77426186
115951055
244081111
335066454
480702881
403395195
242343862
506141745
145709782
521584861
153766523
184044722
83229469
204116723
430127628
22881738
428502852
81459195
484679327
365734736
417475449
183658169
250163098
511025873
393859553
475489373
149840801
218779222
410267312
369749429
200959579
182770912
330032327
485140303
424301777
148131717
311395855
519057604
268131114
506224002
153516868
395158415
238675141
390435221
110479849
472453641
51018785
121532696
89313758
8333011
415398308
288204194
200382267
38902841
216670406
45041537
104169142
513409941
455364796
429736303
61211658
1283184
101359944
414785265
112747938
257879505
227943067
183548578
440878406
222637464
69235495
530029206
458448738
38364659
117753505
412137327
465395714
291764018
459431780
96532138
6047908
429279517
199196276
92165780
296087223
87118534
210735880
380300489
484267742
75572717
106589960
365488678
415075508
452399472
98289795
265176027
382174704
448001790
311033162
13545497
524512885
172622572
229309616
444040137
81437685
128768617
453556787
375274121
242524546
206972635
97635799
7013135
445547317
240825457
274079180
43267979
272440297
321117354
118718306
528299951
65405220
198652629
329152984
65256014
318798815
191306514
442559230
120138299
176172353
441603010
182675524
75436410
248472661
174739361
128406951
443081300
16396065
399579062
379784945
413291513
72745924
342453143
166152618
345267070
475801295
126511719
233332168
111824368
232082207
98898935
117500554
188067829
268773854
228009521
93061204
392731807
171274976
313384151
121028942
431288747
494988474
148723728
478938088
162425802
519229036
249369012
174725903
308617252
96099127
156941681
286750256
178400892
368193575
107175394
119791564
206319464
160981144
92704564
353189570
301639209
352934730
327108970
239118597
374112111
257592454
520530277
1443943
480702167
26069484
275526257
203081023
325138699
498750901
20769950
31774302
371048859
383544044
419908603
62213722
54755342
362053806
135941108
173596336
359358342
126317053
53028479
67121220
266308244
299600745
148866731
37363567
245688841
30336851
38480680
374118481
462265817
336154124
474157078
207769195
115107460
181181950
399154670
470882110
426679530
264883464
462337653
262761214
297431162
169902033
171628642
198154712
210100947
370803801
147696771
354377470
432703368
14688968
136645440
243444727
523491073
176776318
519954705
516329180
465196471
344944874
255628545
105736235
63748871
110892411
287884359
338669127
408919945
178030767
263311100
463335559
366901014
363838445
214332594
360998984
397204554
127371175
204598317
143902805
508915187
132873994
360160440
481493408
12792065
198949653
82834119
319467785
469291741
227140788
386099090
395711181
447741558
271726165
533284412
175114081
57301022
166642794
535238414
258955722
79060228
424611429
164129360
403519509
234574949
293964827
90885680
440000784
107794693
248473843
175658562
130322154
71425334
7549514
372356553
339539350
199709734
246903296
187778691
279290699
377718178
139374206
118578331
298161147
153549571
270532789
266789783
259863562
182359862
57853505
134602502
508837546
514083375
215064601
250829233
501719258
430209681
76505947
280694744
200409317
154030656
424380150
231547013
489624344
121124673
293171739
406016547
22403986
348644749
321888921
76385700
17128447
113696032
205332326
475361750
45793015
420172810
126200008
439069281
84511357
152236112
302711202
102517003
39601513
230648297
368965068
168763616
201417183
364463438
420356359
59642333
417619670
525447550
21897198
514241186
3203217
127973852
420695609
88062765
184034593
248795539
383560565
471208265
523048861
100418789
305374374
479092225
329072031
28904316
405303961
67375237
209019148
201041750
201666331
307861267
248595412
114280629
253381922
472214246
12960124
441024774
410831233
22931011
458479997
9084331
65162265
398164691
531471430
13491363
302343382
39221336
524850859
357486569
282243702
94706828
202289258
407290445
287728435
123984971
449415764
399454992
54384896
275419348
225845909
291139589
474949679
22756229
170339623
255160455
535152391
314544158
419170041
159730675
209472603
360875300
113484293
132758103
40597865
137557322
299031185
55077305
512719797
347385160
179025043
137097463
267431996
32520722
47317477
370622686
10556852
75639005
253871555
38772191
67550071
14957729
314163211
289608757
468606336
532595292
199113819
282107791
132627859
211498044
373011105
388505934
367275743
279281648
262793658
76854423
113115990
63455209
181988649
40286745
29179291
167850830
372715384
356960086
29215378
175203120
250693667
73309157
265960734
89751397
306030335
99566448
78254466
126944845
418437311
294661699
223821048
493899596
138588228
341558957
64320627
262124764
209989554
68018098
286262972
476535172
397775008
535821307
129140438
469302529
279005624
180923178
20152669
415668544
220279399
237225614
248728849
375460831
299645203
5382556
121819816
445897992
200112810
50236373
200966316
226742273
60850572
391627240
279454665
275074041
49656734
457150146
236891902
536300461
161874733
328914737
76717139
375291523
263187435
475811626
79591137
60251103
864693
271234230
4138937
390165466
81864080
452599541
124747708
171172029
28749441
90323968
122612872
185125567
198123830
396428818
90302125
102922531
383131774
507311091
517427475
307066048
354457275
299740954
2676033
416060515
108546202
17800509
56633974
509651483
72870033
253249324
273491582
443715942
143648421
197595806
325282713
10593281
434826265
357118720
22738613
139063244
76956440
35097596
458287935
462116810
92531524
460128409
227200971
4179745
79327579
98056086
363554852
278085608
520619660
15946567
269401323
266405340
356947914
133313527
133262573
390566662
176018543
533391138
444226431
84518889
208847164
488328851
44327451
306909063
390928852
132344082
350060981
24621679
332413273
370161934
39683497
454745782
93563149
177792368
80624527
260010096
412395141
498301001
521137824
71310958
381780736
41581982
525459382
147430302
266106574
409831316
264670632
72384321
212762316
142052487
366437489
425733692
401927057
434899427
166067393
435456759
96384179
481823890
93515960
270552089
242261235
418665400
163773473
440745904
465356260
141478841
249346516
347792397
203399179
170655636
396827244
313286398
284772592
893028
368947231
393033636
44798768
423478803
163285691
74628447
480028659
437123498
35956824
155138885
84841064
288873353
31612904
139029860
453664353
47161116
255594922
308758886
19426629
186239874
3219999
331401476
25472532
3261676
204287752
473210737
108898870
10667096
436392126
312959685
164685192
53760117
474422543
376004436
436384677
92318656
9604132
278586752
74927868
350220885
514451523
249637235
256573384
70827068
277672269
421183353
319295364
128212605
300927957
88064574
191290832
8227118
430706164
261452431
137759828
122830178
163788355
119899920
110886269
293716678
9946575
141292756
484384950
512066283
425239295
56466669
35659261
479924252
413493994
121039483
527740270
327239038
105926919
357256207
361034554
118288824
361628934
345166296
142605022
175220955
21579843
278943517
368820614
177026925
431460193
141977857
318759080
488688824
489958938
122643786
150890896
355314902
213317437
45341791
238721834
399091834
362807528
118584023
339513194
276003644
4412274
185323291
106265926
13048622
431593899
344455665
94983432
364700341
117593779
357271909
221615648
333462698
392523516
188685519
364068830
469397566
232586352
53476948
396397710
396671334
201177481
72567962
458069750
416678835
347201767
369680839
12440557
404299827
175305046
447667448
157703615
288184939
61628906
419548113
150124366
525207286
228626987
430954083
75193799
101737015
162672137
458455674
508437252
205001158
326874937
429485560
150950392
341779402
389260310
113021606
330383048
196789867
117081505
101481560
455194673
145131543
315250335
501256711
435780125
222107691
147154667
57388252
33497859
428632005
473010261
5424839
514930652
287524606
414982489
185687167
113922047
480303275
413748074
524317955
492872913
403775303
69076540
344846512
324207291
75693052
193356679
461921726
176068057
112346833
447600087
395041993
253389828
351360093
287565465
76289678
31748187
94666511
302799211
435787326
282678094
507510407
535223771
130939289
159250907
417108458
96702277
492271373
226263806
166312678
268511683
6126837
522390388
186429733
431902218
180867469
371254178
351468613
134522421
248205072
206353344
14680645
408255293
202049222
263433187
16837236
58522497
186287131
170613937
199390224
525798720
37711378
215936752
333051938
156912004
411886925
456718848
334332222
103624798
61376815
354346591
418894346
329723725
237951874
133155684
461857149
201180264
294644630
283670314
151932058
387659229
248608214
413481901
196166167
389806630
498688531
150957806
289275825
285173910
525466728
171061368
409632718
265728355
116035694
443680883
520768621
94169558
228240368
29678758
502306733
442539956
66065789
266402263
336375926
208553353
516382261
210688143
9000801
291957842
73616429
469689691
305484385
126208564
9176066
10960821
279778483
449766237
319720405
161313651
334953904
231868526
216887829
256424493
436202691
258223756
241340128
130068419
211543216
476094110
141840887
68655211
322378303
439240036
256792153
186660774
312505450
245483387
430339365
11044877
179722557
524472024
433510265
183082287
438328837
193182119
81575280
61792609
533894205
362163873
271923079
234061064
74442200
74015097
278090014
334716465
272521905
360164218
264275684
421515159
220682979
339577078
140049628
440057778
529452472
498797412
115340832
71244920
106607714
293012348
95199083
490136177
7279462
524001334
138437925
60742563
187740816
350607011
272939536
502902150
165972463
450354806
346713200
590647
121463337
183075569
79159904
515499825
222355364
226001361
159139210
431519
492893449
320539259
187623439
143110003
119860951
101497679
251868411
255037707
253180391
393368509
278422095
362077511
395106660
361828414
490238528
381549982
145586342
198291648
462176269
80351583
183054761
274633821
445415625
155173559
344402886
107004197
461505938
81322863
238429963
130771521
475020646
361879232
70329817
158988604
484809729
527950159
223559940
147024736
254880749
443618229
447947650
147568884
234357815
524924101
343587613
431008178
524056252
201411279
136637850
308482231
354203804
276577042
258895015
427080591
140995239
163914800
67801072
379778466
292191793
103026508
317407997
218506151
158200831
58633462
107756444
274573212
121120630
379208237
329056319
195038984
54025109
119466899
11542896
296536050
253261666
27286771
314764420
148019940
31203685
145283591
114260792
30410205
514312669
172871336
311872199
346264911
51624569
304694093
371818491
63202251
266719599
122041078
80738937
362716150
112813580
68311312
200865673
35987496
328538128
116397518
174536652
368377823
309503520
139451632
216511633
272401728
7081192
247776678
271090525
484511796
300259007
101636748
177965054
504057413
111378343
441892540
461642863
513017695
354648275
429424616
324411826
371418620
482671942
222212991
395028953
341147694
231036639
163639594
527735501
291367677
499948804
489648045
294475583
423625687
261979189
360060832
424111544
372949603
493687260
295122958
121075486
487759643
88154971
525792912
484166129
184134594
171315936
444594392
1957070
185817970
536444315
81108450
293380489
387833570
305988755
200172623
102741137
7877392
269692819
535351826
309186951
23344523
530692282
25394907
513447837
376054218
66817023
23953958
324506260
163201564
333389063
277105811
422563060
508129752
372436177
506943616
180960181
46549472
296747422
351745941
204278665
171975302
397633450
373094647
285677417
231903304
186122161
347670336
535017792
303296984
464300024
499460980
73432780
320720756
24142518
443315848
338852762
352490082
166429698
303270308
498907250
168702909
18037907
160559919
265730085
456526005
5908570
246994336
104754400
49433210
418150924
280522525
25927640
494184988
159097478
522061809
500255847
275394493
218211802
143471613
322038867
140146491
275565480
477148332
367560382
23970227
294592669
445559987
510836653
31213483
494726072
435627904
49941195
14604888
445302193
84303531
165253350
415363012
349541127
391762055
16076644
449406620
528523580
358220856
350752588
70655793
421664422
192398301
319581025
297234580
241298
214207991
229916276
372066180
505573574
535568361
227524011
10288521
284380259
179854721
494379718
9906255
484354990
152800367
481138705
286894835
24040965
251090751
293286517
343967414
160784073
335802445
487690647
509454740
93407485
520332516
345967057
238781296
532227747
414241806
39582139
464838401
375068102
446422605
26435098
44851614
470580086
118066862
514972819
500266791
478231433
160390039
85470021
342146090
235527642
15343067
274968394
166744316
252344993
391103486
444607082
84144978
55134535
363997144
234385693
528766657
303969958
190315639
304113777
18076803
459106013
229632281
421292131
407638093
333431482
117509854
320617958
49340906
64414742
150922112
191258251
189798935
235924142
177801513
509729763
133890014
395378338
192772083
39248323
217558687
212653077
525328687
280878557
246965099
469789891
163592428
87258279
21945091
197016254
336767730
96904767
263931826
401257198
174453834
189621221
145416259
181911067
259764082
28928144
176770771
524820333
311977654
74231166
11972359
75172298
148116523
162743786
188207210
518600150
140873821
348433478
322291373
295189490
26504086
8477699
430653208
487144111
158226559
499886283
466898071
189086908
51988646
429848812
387162159
230867597
482300063
410168200
530021480
297127333
304059480
12859866
385368237
304545126
38200058
292919617
370819727
198107084
297387572
353690999
343771436
376741737
230002843
31632671
472850358
6473431
502246380
399730967
193453540
380646051
482609533
13489393
437695822
344104198
490554571
195485676
123052432
86734039
131124083
530570753
253134539
244295184
79895588
180702586
132281717
264943145
346282619
266772239
61222479
61647195
370002429
340873155
226964497
151426468
380883011
275589014
454149849
480382118
313276356
421545573
69803426
356106181
34904957
87622371
416787809
88945133
423375026
128305181
421750505
529893073
198566777
315775387
309310076
418092716
79603360
498597404
117957242
272119604
366661729
319398746
473796110
126547197
113603099
125402255
441894387
433046810
165145858
408119674
225876261
40648536
193079085
104330602
246904354
349302519
119164180
79321060
466669324
525163987
114118691
186159253
308401339
387032289
267322693
527706919
426455067
528025078
430187716
370486116
200038532
469502420
337397716
51632287
326009052
91149639
492812534
268413136
245647772
14066857
165350552
522527675
348272703
533345616
88318531
511979669
321067530
156755725
26354012
204581136
138134850
213590975
320952801
233103958
140753364
58575597
179755514
200372794
202479236
159689182
112647150
533329849
396993771
10178388
139327049
485421186
296607389
455419584
366648948
459409963
406479471
505537754
77539159
385377644
181104926
105056571
202874472
473221374
59579427
161653925
298080474
214112373
75852643
509473030
149015960
420016400
182918853
143331697
208883732
352344747
504738188
536347397
112384355
254979416
294154592
405480167
420071874
236714021
185222597
522543670
231113479
445547619
171837443
389738636
70050551
266357863
496181260
122628174
329600674
112491584
146228431
494958927
171086700
350194248
200511243
289890593
423878378
10566595
12754161
382172164
346318821
318646306
337213270
24374496
458796016
148153322
150395341
259197171
151608574
236577403
317793048
342898399
204134771
530290946
348871008
484937094
357619902
248986597
49931639
194906017
425863537
102095670
413528393
182118847
388329413
405208887
427154936
19076133
183711665
64979690
26475430
121300030
161039161
416656259
415441537
439390321
54544482
411819129
532807176
319900297
465252429
388615926
10992988
353251022
490819868
343317512
260109518
283793213
432256667
203519706
184238445
57817852
476816600
8235837
190709538
438887495
342068379
523125539
88022263
351351439
146451787
265473026
292436033
168582895
91003751
485237415
393449488
338481821
164402387
198451669
325009211
3998140
270055298
97186022
32921267
328353305
473769672
354125120
33354115
413262097
456492187
284125876
142915169
450679391
442189290
264403919
399237432
42708627
139518433
179636820
321288396
238275215
181246792
76535916
234543907
489717736
100469407
328438596
133876024
233516285
426196225
194875346
422760864
415572260
168351856
56618333
100250929
150213556
33826778
402274449
249162882
384324907
467859846
17532743
263591123
8073121
497070483
410212198
228725721
427264600
209756417
153725983
20216419
232613381
518479911
52273669
351935238
225738809
56225817
435823701
205284813
192035475
480428708
492717486
40085561
500773242
521412181
80350130
255506235
190998986
264460371
34769087
449856611
350236724
430817646
434790361
278945580
529581924
303688877
223314361
133982859
20286780
286183422
355950784
75327988
16471728
245417299
131563571
104488998
506914708
434620499
345687919
101599615
133100004
479460602
518679927
203664789
147873230
387767487
505728332
58626093
3758620
458753630
79991158
396885125
446957781
268976253
241040535
200074978
218310943
491628434
428236051
105418118
245332930
442216001
25222566
228653801
113012177
305355578
519096290
428156768
504792672
159410160
112308016
482945511
230002104
182296956
458526585
245133247
524964225
413651396
464875958
3299681
451876342
139614001
491916438
280274622
167525891
195684488
16112761
227479106
333164310
157247835
135576240
271125515
168376089
279543743
266728278
247300349
214426857
160055877
503083317
161613683
462925507
269298204
286325361
389104567
532618323
360757691
271530894
463803164
523748979
379902856
430745487
425160120
318101162
480196550
514922904
204128948
8140694
343713279
388235262
230737618
355183031
390765172
455773815
168099413
165960891
470694269
147434691
446885474
455967708
194760107
521902953
248806604
512170683
527000469
278714911
22473574
347488660
315819182
339398862
299086078
434045729
410600520
306337287
86367026
329238671
140197713
436326771
383519880
84330167
335421169
187719104
90909263
225150202
133393965
148049278
500666078
62387525
467921
473062113
77935008
68156421
138029671
478280162
381100289
391492453
523127195
157727286
484972717
62819517
437621896
496478555
438203547
346334595
340219551
175657575
294725359
143350269
47610877
319373023
285684389
267885548
355424011
220001842
36210082
346587062
290665482
197491901
531903916
252419835
130293304
216607663
515827975
155889164
303183427
277738383
481386465
512065361
529742088
96156070
51123845
299087902
78930790
124883389
160635627
170829756
507262715
495510389
226305979
142014963
438280308
60425430
536098028
223832687
272110642
305673671
529100863
504413927
368981104
94303763
336652141
210882517
148707002
465891658
353441749
446794188
10083869
49616502
484263379
7490098
510653688
298159203
70579898
515419968
411917713
379522205
275803292
133375246
93676634
85933448
236878085
251772411
403897624
15037269
513140684
452877465
92033706
221674973
213442112
233777083
157208407
253100975
476784405
525251794
417951899
318146668
301337415
535030829
194568301
296323527
106694780
400807251
145067002
98012049
174409375
276243340
490813834
157438753
528588740
88096598
380926134
110340520
161691951
390326135
462800585
48982335
71699529
115501050
325190920
288864087
105122781
236909781
501185464
8644012
519515023
259316665
485701281
247035758
448021806
370809091
508795496
49234976
197423259
165153722
214139188
235623339
428184242
274131740
177496882
444118577
468360257
446028402
220111849
343217085
38025417
373224147
65069526
183552800
228199134
309962459
212617462
150149048
462551277
66938507
327656531
427682701
477749323
274496809
22975676
443765829
2443
229282202
520851240
281427621
421240471
89450199
339677939
297035249
402319152
281246694
10077811
14338817
171632524
101807757
281751314
501859653
518935383
286330979
444549847
368666461
424749408
480597210
222653059
49142477
271307186
305393777
106005212
106774869
414868697
163095096
95692457
337731920
350169909
59676346
429407127
527858460
317943545
482553185
224618214
523407605
231438326
309535850
319483995
357642571
53913689
230813109
127843646
399755587
478807394
402620564
344530609
230471964
31588164
332471103
149422756
330548026
103635184
444210306
207358157
332194928
482168559
106137630
210216363
491902142
188860562
287300409
299851154
450229922
163184561
483311119
488776582
369432568
532212808
220104572
232112115
284826661
76416903
115843421
32260329
34515497
80403525
399964764
9724937
161015806
234005430
271670336
292746756
528459101
374519003
424576187
69291941
463357916
325756399
159696931
420504756
90784683
268686365
526094326
11711362
33027501
231667679
452681072
60893104
190158204
249558304
117749735
398252945
295251592
51580752
361112701
137638239
348682102
201667739
228480173
7647101
95684708
336466979
492404535
169453677
214795801
466242805
303009927
316306161
201338221
248795765
45202972
510338624
348453256
174615858
419148883
92348235
430969876
406530723
103752839
111664541
456073414
348461054
396796380
344198215
144039983
75604762
319025840
399190374
238969682
207087897
441860503
185582157
512719818
535561772
480303374
221851645
295473547
488598654
57317365
488378935
404595875
534481883
166425932
202271761
205421394
531383766
396736953
497027156
256255903
413825574
142951242
125727982
437182309
488240256
186610476
287310715
471962061
262126584
310086867
205128174
280170355
241317027
230336637
370563085
400749036
79904529
290125351
146471118
512784378
394051767
222204378
336649586
521377805
160872409
60700862
215290984
429422865
382597473
14696105
504762307
447611127
93289862
113793462
1608117
81922364
348329717
329071771
3743470
83519904
250308549
69370100
382855582
530822047
30124822
199194496
441834409
362453530
120782825
340657893
167776764
341096157
213212516
192825360
138078558
37229138
48914421
381485996
427549646
309362270
206005206
11424017
381254184
335130778
423539087
518357752
71849712
32448601
335996347
354812917
54651216
284988193
399829688
42098201
261783648
288491048
413356021
16730733
70119705
463069124
424262905
138506780
518080387
367701057
389081285
166035352
1882502
417814484
514568992
459217480
35274444
534317348
404663762
443117758
18212679
311559868
366623538
523520104
291441318
17151420
292621104
260533728
443209058
505919633
345939303
533594432
452092059
183344318
278691975
241202099
488746382
321112964
306091250
5990718
120165645
201620642
514433588
33537590
305709787
250142144
157575619
184296611
119898305
54284017
186985903
508430718
392636778
138767352
96519130
93513357
201640064
376457032
76796913
136727182
468619441
219938813
429080956
120041327
97014573
183196373
152983745
8202393
244473899
188615437
258862688
234070078
225242311
111874686
35950062
225233330
147043190
55589146
120186301
159998811
404933668
85295013
301743369
303113158
347074284
516879861
139129868
401911019
428250217
3416268
7387678
303505838
459698871
54456218
490327013
382656759
38900405
520147283
410286496
199291641
190958577
147791610
35290879
454785160
191299612
189684469
444180962
59366933
500763170
184158921
13551904
116783184
523548746
409844646
31369864
530181406
405269511
400381724
499392165
81738920
530053377
249249032
9737440
187884614
56076694
88885434
335074995
253749791
364114337
357882218
89982674
55544344
91372408
247142887
177294803
483208609
197529585
273962314
397273781
324588095
478871827
478615424
441878356
391173401
277131707
108395037
58399224
341772107
108362404
197196255
391935393
194037226
346055902
210808698
440434667
296177940
127704369
269159711
80571433
409429251
401892459
32565818
466044352
489203454
428481060
238204699
255804055
170311645
269760505
210055074
252784049
430109289
432415216
137089663
416451903
317962996
352809763
532149238
300618282
459847443
87259571
351423342
426986798
243282906
493041215
485382570
439317570
145689649
521490179
112707506
534868751
66851513
72270090
347217980
172462423
259172124
418541520
102123509
319682160
392484865
62317351
494852383
534687683
238590273
144091048
76845674
9437457
67811775
100963854
100041219
72363453
238350932
313037319
23552756
445126184
322346415
318162326
412820294
18124050
428925114
48310695
60717680
521631501
368897790
250749549
208407394
14442989
528742357
482243254
439414700
437070337
522988622
422406666
74717038
17027754
263103961
469249813
491826842
113297230
344396494
126742239
475400219
322430639
105023820
441367659
471996990
118538324
196848128
391596694
495934149
335838999
455247323
447090005
356935487
9154903
159516238
373610813
173322753
358020020
246370852
323405630
340403561
531628822
280283443
453352576
503061142
352651707
264670742
135680822
2648265
428771585
281418966
375632746
195011386
365864033
366583201
149845986
366089709
255489447
299242667
360358847
197862488
189369079
57699922
103771232
26688040
43522050
351042831
38846880
222852085
284526742
272335736
182859525
208552874
142633813
410601771
155112294
447037262
281945679
268831943
197915504
272154739
371797170
276914001
459723642
447049161
133643284
413812815
316028002
239411686
400443234
258172922
454445452
5361971
238045511
413689603
321688625
31781111
112232487
60240814
142179866
133794931
348738272
118390814
396466595
120694184
180725433
407768696
111255114
76213851
387343346
415642262
485032737
497921664
15761969
244660293
317462304
397794232
437925395
23394228
285391804
517699470
50142199
39555870
108760271
187050853
217444793
316067726
246558530
116348237
105826939
85812227
473557570
266656051
67552877
357066401
93645854
387038594
102343039
357953121
273776938
212386759
246544770
450630577
24628853
296550081
477589192
158516625
477988899
89402782
43273857
175402824
206109126
53250651
269427778
304023493
26066506
19691420
481982510
73404942
119727149
324646015
455581410
76974316
143287839
206326894
133088550
145756944
99669067
444625199
356237208
25275216
436873436
318391427
298348275
165401300
261537637
309852368
527179695
444620972
311813844
292524264
412253473
16082483
122189126
167489105
502980881
334302835
5187805
441811527
436525388
420058657
221955939
456181331
263509772
455214697
283484838
39663188
381348750
347007345
274057186
405170046
509849659
530974407
447344208
255489094
372755286
94529445
286103362
138797093
365194253
250895234
347479403
116835109
3521235
240851752
264242364
382301215
116765899
460767656
353041553
397710161
166897080
145288056
447103332
497992534
360902761
288386987
248696518
21385736
479935119
501301394
266052792
31353877
150386554
327637778
501240662
416776965
259236039
19559161
192363387
478928279
54038326
275980089
427674831
15362060
463357343
74415775
404738091
304844195
19472246
279324843
346130586
315662679
513550232
51496613
453964654
232986870
370706093
493427742
101599306
390335390
129346741
64156253
524429641
203934286
74124807
386854017
79099844
52949092
423921320
150015224
337336913
42629055
2342688
521746713
166517956
354549646
94328224
353694368
521701014
87357260
46663627
322964471
23157425
76563948
247328309
326866244
218692858
128173096
208834881
116737087
39021602
62296313
384116930
454361146
472313872
328618009
483484280
166363654
259367410
253296194
250322408
432395416
300916694
26950465
488413756
48742945
156290653
272571911
520540125
320291756
253543696
526457779
329753927
296160460
510437919
195051612
421197405
429145850
68249919
415210676
238061356
117963531
426762827
392004816
447975549
480737410
528695950
40952280
351604014
336719741
80914526
120602988
301273914
92233552
107319970
8627018
407593482
437957187
294391313
179459404
387724454
51397732
509463889
458705555
99443243
138677010
6623019
238269063
369093140
54442548
411826233
24038635
106137537
55477091
89653457
42306990
21865286
97812072
109013032
336109097
65703215
443970376
294853833
515848755
14122221
63679059
390178617
535377036
199618131
53483270
273158676
473306854
308090146
492498047
355094473
38174893
40799239
469676181
365159109
389017891
407002476
366334383
92582267
272002320
239288889
407671621
55076554
465065085
352267142
202199973
327388900
139022407
521448618
169417626
420899520
135762180
465521686
9924242
19952737
313364196
457653041
415228487
41631602
136738891
348197617
423480131
63605684
11525235
330700660
66205528
93122229
365808012
162622689
24661419
392374269
289416653
186406275
15279011
18835908
333021593
79515451
33615009
108115286
166359303
67994750
418125363
492343301
490863046
349046045
140608799
536635313
151980830
82206611
259590486
357749664
263532823
502621033
54723141
17828088
518285657
463515496
516552517
360215423
225186838
249153603
455009955
482473913
89879974
473740450
192654924
503955905
494828243
434269467
520340242
312344076
403798740
320759929
67818764
205456911
461266652
245732530
261644502
157747999
250675736
427326958
202874391
200822127
265917275
131457966
277173880
427654204
487409114
110967932
526084666
357234825
147246232
282919284
118219188
100712982
224203386
337828235
471925477
101336782
456040754
467706988
423274464
193714268
131658058
18438347
399910072
366509520
388273606
536504211
371371335
249088281
281126489
131933384
97001511
297509946
21035637
12515418
360804850
456401614
534220695
446136021
444589741
290045590
281305265
214071896
272148176
315716102
151398163
386717867
495695286
422993887
463295664
173974553
535312416
230743265
306159554
107292679
183081164
107989491
121323534
21209549
165734715
445755593
485465881
59959776
272873912
272589297
198145366
142760924
172769298
516792376
146381559
258803618
154750150
230472154
517133804
220405703
330354824
399201110
368250442
329433744
522666679
151445112
26612181
195330406
189641558
181546159
437610146
188307016
49467143
450795482
337670902
498211698
174407277
200633126
74487160
299815788
57962824
28857118
423998183
203539789
339615816
129495709
99797640
314982245
505264141
483541009
415278131
276400191
134501701
408900419
383308471
466049948
41013751
211275839
74625789
370743878
200789251
80910314
160551455
135125998
446034343
157349622
435418767
466125117
185465588
148135184
439154538
44668293
171727640
419650679
16186090
425980458
5320088
350549354
387410142
214935263
4800748
261533181
44849129
158374528
229887392
169001624
298185784
334898371
110466169
398667167
198658167
114229395
421096481
423111767
237390846
234350444
65256084
61320165
117805161
259173234
399761828
326123723
338050018
384575981
169617229
417271703
102569695
170762890
519643130
426794233
145348414
459223620
323395081
178631497
473991904
220817289
517439841
133084575
260261871
257684077
535878906
136601650
254313588
189811127
76144556
153057383
173268133
92963844
299458611
279693773
23958102
411623197
323290005
94555533
124808249
187387191
361104372
292212981
122909318
408478326
201426054
206334390
321520319
528960761
360217393
356820578
437575387
137556024
10938716
274391312
211839639
332292565
131374455
169666548
162546148
290516833
285367971
314494162
101365388
103299696
512104330
294785403
182755185
441084189
508568213
404244769
48614212
33613309
283735594
205160101
99437209
4865986
479430137
425655422
440823541
97743193
474094182
475712033
7669114
388419918
42845169
349929884
213122513
447496196
345004264
243501443
322961266
373111062
480701893
321407153
15786352
124330954
477420699
424245921
280321620
94081440
176084175
505830005
149887057
29679067
96718041
170787746
252881626
253913126
182146547
527643955
438982591
520145118
230869543
76939997
88211969
211420453
92719986
53532206
106631943
229990160
212601851
446924515
99113807
43281981
279472478
173667507
413556680
426331344
104422968
300224500
231599726
252375900
16976657
155018329
218063507
486123400
164984568
28786365
331214588
253707681
15208187
111079475
317982615
164741298
460049228
326461171
38814277
381636104
486921789
529093490
500246992
330656080
128728405
171850130
7160836
102004685
143639478
22804601
242907175
270513738
6195314
51001277
313038086
522083689
502701869
393973046
185275277
443779831
474404206
111570078
53310574
200128322
64693994
303740732
41323006
482226798
169986247
377305018
260868555
456883826
400242100
346124376
51190460
177810436
504820665
151697885
442062057
418702734
210792372
473607731
271493716
514134707
84444818
144896025
266507281
435639836
399960848
271683558
379133747
456920458
291971560
138954645
308945219
532763985
130179474
442172910
232092442
98340087
357225478
114772932
501423088
89927802
529954743
283920730
187120433
362622599
200709364
127388276
28195919
256739364
332423046
135714311
129487905
171100500
365564105
342956955
90421188
448042107
504125426
234328652
129871566
320230000
240723574
397166515
365203452
58011633
59908420
319245309
73469717
123682413
104430971
468929255
393533933
339339944
506245917
140718282
164164872
534551877
351289717
235997007
170971495
154123950
178575253
4427421
330365757
520870815
416722570
248123270
357307121
285504135
60319753
453906562
77314290
321883453
230731173
505254570
357077499
463982541
325860343
203817304
228872115
131687856
254336213
328682978
496465397
238192513
324970917
455576262
195626422
1838127
447471398
536617169
130070947
278660708
75990419
330290038
279596919
280821705
163423544
498485618
196090388
499415722
309730580
480987749
137398888
37105217
98297443
131307048
3868204
254490722
23253807
297611357
434301150
258288528
224229479
459520048
3583151
292298558
44260036
200419603
384245352
279447116
198014933
377970482
335805139
333842743
265421690
185087149
122313909
299937399
423565655
25385629
512465792
387679066
438092504
94103351
231264265
234969482
191190960
23296219
170916264
30460122
188400344
356189288
18198953
508879434
232640880
64891571
482279277
110067161
331827831
254710653
94125260
40467653
113221401
426547368
468667846
193960402
29512541
31003178
401459336
445714901
102778257
3503887
226482770
135393403
497085224
469309584
239009869
72876831
10075321
273403362
333950476
307090707
207783842
4263458
6074345
83129145
123999437
39052653
394125754
251889236
2939548
294134314
441912886
90566314
136288297
258122743
117088760
315179054
299000893
341885864
382739396
519272768
325068060
20864890
259351575
337703008
506656098
187943823
38515281
179945023
521647820
515121392
81858317
39413477
157926429
343863205
472395885
104337443
490504080
280629641
423938823
280866595
3990554
490763806
431202703
468067594
198427397
325360461
373457930
189851050
336155694
270867068
233970793
37350126
103618991
268771568
510204508
439515374
477981718
502768252
435398980
11376515
461606666
210809347
266793708
210083679
91814312
348894225
456648671
153853061
95926183
105668589
462927921
536757272
96862687
125246466
132261366
338165264
291268604
279425178
500418256
363202893
160096843
268236456
248674505
453768006
28553994
482215322
448910620
288024604
312450218
250301188
290270143
103596733
406844455
248836381
388674182
523006665
55342484
307683593
67591378
302463412
406491802
130722466
77214376
98145904
97916001
61566279
128928303
52249284
526937915
250911064
510422834
270355822
125187050
89719384
335048377
472894037
481824545
191448540
338254623
64421973
20162164
499053767
498300762
380221283
533047394
393008167
129137265
505553909
63312546
89584408
495082154
520874282
363262155
288771646
369004806
364630483
315322090
188639461
204513178
97578686
287830035
124289069
318535088
409555405
214341622
262384395
370692882
293865807
352141101
64325632
63495792
289798489
33639223
144597961
309678031
465820652
60595118
76047426
478616193
348574766
409868176
310607234
62423576
189502497
390206397
536195340
86788343
142000744
122407303
288251668
69622499
174813115
129926012
513751834
533101551
149146851
344259849
513441051
369537546
31087343
113299976
240806803
319797276
472952062
175624005
100704242
452295476
358361579
501093541
228085401
341652642
292587485
257882471
403899726
371405659
488838778
128965995
489618234
330690435
452114632
88529834
195031005
298891013
435066482
222493701
362912798
88920038
139232663
77396631
133782342
524282810
472105232
359294020
358635723
186637729
298999635
362243814
238954128
425175455
416427245
508876716
305965603
61908199
529443835
2119506
515488288
231429258
519992730
232169949
298816718
418993180
516570460
314967549
196715332
42519302
232428905
23358034
477100932
382430209
179303331
244532776
342941213
44301679
9507265
126479959
448007354
353129908
33450332
350753326
449499108
218797320
222725731
279648052
107154148
408845038
348151426
381947927
125646682
249493408
223121559
261644561
435025267
248511229
528993842
143382388
334933241
488714004
108565832
90995694
460866912
118907876
438966496
128264438
50210687
244001650
341078843
427747001
429685717
320677209
115802998
76780464
168740849
121084901
453573391
476172688
524386520
248028573
496800371
250916575
372595480
102705144
166809973
417820394
142126225
530744343
35190345
501785149
294695782
532858753
380585520
511466613
55886708
273413345
516994755
404090972
337190033
149372434
137852785
310231983
447427093
41773555
309437926
517175066
451622784
157689496
211129817
62235559
307671631
10790977
399084425
360077154
291034497
99343153
468073991
145746784
79121291
366478243
441297585
330442399
74877636
227808400
332291611
326463035
358448978
169826021
4278771
400228860
112540444
274396063
173469230
427521265
77291734
455224717
9184230
62078592
118354663
175721361
124625535
252519283
50744958
120153125
499848106
160775132
117016736
525857648
475959449
127014797
369907112
412546985
526047139
277023685
299265795
491177090
247298068
114922391
3364572
139484960
174973001
498830225
346628174
447898272
295686205
143102861
501008551
304421267
476789970
296288893
371766519
106967611
362896616
174235772
417052995
207185356
427892011
106218481
509862984
432108636
259135141
422325279
260821991
85805370
162926341
339991475
142709088
323403699
362677098
334947068
442392540
272923607
437812415
457839959
269785629
402137703
379076053
508761788
152436293
83988818
325964279
217378734
223900771
503873167
209558305
6611921
430321770
462132829
184707627
158616388
508799585
326121793
231199064
122441425
52437257
354750957
309256153
104998412
33795303
279364211
456993749
501524784
132908662
395013020
64222820
10450771
441652174
300478238
357000924
367755382
135677263
77019500
24458792
177328321
201653099
241546035
23950728
165986325
500418362
200141005
517103570
290761672
203615494
415684007
446673376
98254925
27816958
452139994
499483931
306035751
314245598
196632975
436006431
472892672
430687596
514295071
441544639
311624607
118699797
142359309
509439961
57236361
366458401
488663829
219550651
247849805
300974883
444323727
227431262
263399880
78233697
468718590
3032093
524333146
492254627
384081461
55603288
20945145
149768394
107361751
143718389
155928078
97516038
86232651
23791014
21762664
486366909
100605132
224262805
53535027
300495917
105157317
333092927
405983268
50787979
193289910
328307695
5462325
88129135
61544402
208990770
217099668
149951833
137268096
189667595
4691236
482462753
392824330
183566112
405672557
181467394
273643585
108691867
438072430
85259611
10590150
465000538
93829142
350409141
291592028
208932247
288039969
291397190
199617322
169779600
234320422
26988927
447052613
151474136
536175057
346584782
278214562
6690630
145772890
118588186
252702449
427726663
83255814
530810018
483319793
106027976
169198106
190493712
194547055
322554220
420916540
75963518
133308351
466883800
121075249
461664814
504085044
356028896
530375573
88468562
521997368
313158932
376814142
269377665
146997977
153765156
244752587
439831248
193870529
197111832
365836472
76005307
213015055
234762845
13456145
351358521
180358459
417739156
268542473
301270394
333148893
397670891
50006161
11106293
452891442
47898933
528173802
235167386
154644788
430132639
337475812
503011271
87122777
230232775
54455366
138440726
464871204
267748217
94837575
529119002
48665668
115649402
80860301
227709888
522750969
172107683
146756078
52223270
197404053
495728302
114442189
70839447
489096194
498563065
458916110
247294673
51717748
522300614
20401027
206371496
37595778
463020457
377951960
217951352
251999748
95434732
22181650
12850302
12220792
318855650
463784687
203874531
363264920
430122861
149182077
523040577
281810216
174594586
62755965
121409769
276232303
353995851
74146630
300407202
264507321
493286673
52820831
442635947
141223173
500154257
456291168
436081247
329785452
372691534
304667020
449025948
424774829
383784866
86792803
88873139
92447194
335933692
25090073
89661994
524053423
507514691
134745119
100850197
176856781
303059016
126760095
34383075
198567952
178553580
463546845
139798258
85041964
237433218
122823053
502276751
407519698
89602609
129960083
349509820
333367479
280097647
24694611
263320071
280234818
463466264
44786335
78505314
60664504
127326229
358992385
278506051
308488900
262596773
64332592
208263717
311852236
300853124
527810749
12902756
376118887
97073501
36872684
117958451
259905542
417614802
384251061
153384412
13307067
131240117
330617474
327195977
444548234
235360243
129409323
395683682
192497057
111124405
119417290
291856743
126156970
64641545
144521062
282853499
80457125
481634153
83729281
520645303
360681003
249705124
304608045
130560500
467928251
216585225
322874726
465119251
510777976
429183186
25468374
82602584
52324093
5439866
387176201
338657147
144607042
178648905
158790011
484035428
282323579
56149883
140052900
127803296
106173798
106730441
243642389
467787456
362318585
15671325
199596358
486704127
214305278
297843253
301612562
312099857
128418022
504180918
38310336
5908096
132580905
451982855
146031759
143277125
157583690
62564297
43567098
77261617
496482658
517586804
466471986
441336039
341544425
45093157
499090672
388744892
293082621
481981195
358635259
382017836
81888575
510164729
131318427
217984430
207706405
215441563
298741566
79223899
500848851
140748276
264608515
474528917
184311024
515667993
222693013
42319900
174761610
505190900
203824735
167743618
258226293
173267543
48610831
1225728
216694064
157127257
184512032
305309111
74587252
532424389
285916416
117788000
48428864
362562535
135894384
159798888
293023614
401872558
48199065
272440065
94805665
307578566
494343609
429137011
283638164
293472761
357944053
106208226
461563253
411711354
329160013
377725893
331535690
100687043
169313670
487098550
267072258
442501103
389955446
36956921
534207697
38639218
322843635
254845704
458485636
268240451
156685795
519262304
193373486
106071580
155684302
298025174
395206829
330973797
491867772
307555627
335070764
258354973
416613175
346076422
302206318
245083490
327050427
68821598
448659731
445285734
105073125
142926080
364591054
292923780
349671959
173810901
349891962
372668703
132208898
411510275
239497936
400159438
479122622
31851776
291701207
530641409
165475178
243588915
430507095
468611689
227977662
316864499
123064615
76318782
132259502
223278628
189035728
256754962
291910110
174606797
502905810
481981805
252209992
300430157
307554100
21026013
437229494
122550226
104369843
216058628
453142272
322645675
393024746
238582687
15802070
88111582
216958456
342240046
111914821
476259141
524979133
199578707
43781308
265079350
319063577
190285760
247837290
244556709
417209928
78889903
483290486
218117915
534618051
373413509
122285840
217849820
516635692
350053528
362544314
478757588
139077309
43262795
51007339
17005829
84805577
275523737
402423261
181895855
433225382
218694258
84320988
470583768
116062748
453330576
99289270
34800376
312539802
364589854
133152982
1689212
467848159
150255556
9236763
358918777
231677009
106993184
524537467
134541686
341714544
182169395
478054148
104806558
488267357
92257177
511798137
193268844
133264714
535427412
98395754
57277122
153969482
128953250
72267012
83093587
366488957
416313735
134252726
401553721
105621620
101515820
369624551
364227801
162020567
530720835
387317427
417378183
481658670
148610907
172800115
391569210
106315540
243196443
20618156
92780696
525759667
341037406
132319140
491294829
491653209
334800296
361463695
243052654
364337195
218768966
437190211
284100150
63046945
280466284
419569373
419145553
288374226
131821917
17677870
385564081
475756416
98453372
157796055
387776337
244103119
171893805
350377522
112162113
369735737
305906370
453797915
315739718
292874345
311800454
397209180
374845664
138349292
339696812
324938196
304675364
122994719
249313626
444460219
514387243
381810244
295426521
386030068
274394839
364800511
110640744
503840918
332613135
276399714
488930122
391435500
325531356
438132792
274281793
494369500
435853737
488306192
484000175
199867093
350016289
7244573
345051634
240587650
67193502
29306792
37984055
56740405
255136308
444851098
481944175
92959195
47467440
113314862
195013546
177946654
36126502
263295325
426508111
296677177
451074462
456154352
345987934
393534580
474420185
239488842
379826216
405092779
295882315
152674089
150931261
132516341
46577473
25219418
96318898
277870196
311168699
390091507
395334377
103638227
359576400
93984782
247085733
389502936
279181275
448175154
240373427
278758974
193584454
261804691
460001592
493818445
404159182
495810859
351478456
170702989
205233207
467447493
392910778
417546187
216810591
200361472
209376735
320431280
277973172
261533552
465350718
457176494
231678747
306000585
227047036
475458378
180555413
74924039
404605188
379580709
417007626
267151239
199199230
149860967
245981747
455467407
178949554
325542375
7511987
473257937
336399054
482901148
168147730
43691324
135035857
176977238
531247827
218483821
296309625
315657915
521439199
221422322
426690483
364682844
158787936
496194004
516390768
502765353
229170040
441892578
135034918
184994471
231289840
57705381
515533727
104445079
304598897
89985356
179028161
383212764
92989791
451178144
379748638
451336001
305858437
386483963
490656135
441733196
135625737
535221375
414210005
39938952
403931676
192846690
159419213
76764613
488022486
299519811
431587776
320275758
115274140
508168446
332600468
497483918
66486622
401678471
70428654
125894141
62430635
115338447
221106039
267239885
396204412
74089133
478294603
262897167
255490032
93269588
60085908
15525709
389191106
470091391
190705246
118758082
156699649
274330252
46420073
514793266
177774696
408797715
380451720
116936872
430109207
164178794
30500124
85000437
207089757
389027780
103757055
181366159
73704232
54342001
468897091
429010870
449100036
109339558
228335705
104111525
452419981
408714777
