430529151
330078808
245845663
381870097
320860040
113520795
183590462
97425049
207622849
149713563
194217394
394061786
307249213
441467970
219008924
382890319
305923023
25611523
382072719
236175222
135177546
535210659
363392769
387954355
409047435
409803531
418544895
255294995
179345348
402951120
177604462
505116866
49049643
19960358
425216001
9843894
117745527
214272563
350697780
327470921
396267857
467508124
18288545
218382032
246704678
331778001
190829252
24211723
286587460
371008174
377691399
481834476
411133580
80293677
156144802
404980045
225762035
148977945
42171963
386527251
379648271
331445334
114553749
144645940
353739611
39088554
242420542
241121938
329453532
172314363
283920507
503735872
322261180
261344505
239643240
408077402
261377400
420836790
210226484
522078730
113164119
114507086
70786723
255408790
297329650
90329089
113284899
373342653
424961107
378478476
480519463
243037111
97046392
25623285
123915192
373872876
229774417
373776823
323975112
179104359
63104949
491170677
183914160
66282795
368169151
142460192
468130262
322354881
384538940
218241656
170860246
533713388
52382970
39924453
433195003
512684059
251098302
102566574
526545936
197534262
491456070
223300461
183917144
400038341
38841337
228615260
429667595
26441858
532785741
499001690
222506594
143125135
187200648
50158301
175824407
237800491
219744451
429771596
113593457
350992828
380259372
25988653
475187709
525548794
472529348
206256698
130855944
175154476
211674403
49113430
112115646
421417821
392440876
280676730
179282873
459097639
113278068
202704380
381895868
315936463
51506959
180335606
19373726
138895702
84892707
431384094
203567561
323947864
149648497
528759779
339923991
276506360
39558932
295255964
132749713
4276265
321327299
41890520
3191334
462908701
245143556
468744213
344047245
133386603
235600975
216678842
263115241
141895991
488750153
225516863
44844648
430106691
411697271
465999880
520448053
375938668
249679899
482649936
260127210
126377039
44440497
199666997
144914760
449028851
481267510
239441017
354982298
371602935
460478689
226734006
156284355
372194198
172940834
464117231
50558655
374551239
103101093
413059862
438624112
482301343
81506912
182486183
234411546
524162927
441763882
98191844
82841575
80361639
253214485
479385104
89826836
63523982
128027648
346649139
3347434
187406818
476876037
354580291
206421222
471493954
272861087
473246484
157049343
15225767
117943543
177514751
75207774
457358578
134693667
534968606
481596944
260679438
364258661
241378057
520021596
280980110
241226622
180445587
272672618
133541829
427322810
226471602
89027734
108404526
215191125
437341833
469713486
15354646
256029637
71744450
333423523
471964236
315386321
258420185
227084538
243852129
484501022
138056420
235640497
429417625
32847603
365674270
271514353
263249660
101043337
277682017
207090052
346070861
402299102
457534130
442502898
375416368
351441107
139817825
233798268
211381423
193587127
372095393
356604109
277933955
399588685
279302810
33587914
77460417
25724935
181087288
30407892
14202929
331662712
403368668
438410867
81721636
181073107
222333251
235454667
33062577
108997663
193311069
24929304
308190692
240012116
289353532
457588746
98796033
206825271
178719036
16189503
336145760
519371770
13273851
58520895
516245847
498202930
193146244
170622266
50265556
116375100
533146540
281997245
63003258
75619061
495877813
32177577
489919799
523581105
3343258
56217254
309226791
336721846
113586406
117793673
411156972
41539533
410759465
177644266
402907222
310246594
503096868
489514160
451764298
488194601
317494323
429482713
400047054
86624312
264293147
59862461
400341649
227813892
76653744
463973349
74894587
260925095
304539462
63529708
39408536
131668167
326121917
366396769
234221264
193641193
84125566
447628727
447770774
71311955
79124673
297679223
463426243
373187741
256938126
214222530
422711011
167214648
445516587
526035488
300464367
346754385
118579731
244483987
402646612
302570210
399075424
260291416
215247415
481558215
268231381
323957942
128893898
162895416
255147041
29157493
112903556
243574827
328719334
63808019
276845235
380761471
317146566
323023672
29854683
327260297
220649201
476912576
107129882
402910818
229827237
333413516
28904483
22928474
305935720
3387535
427273489
166679385
400555989
353711611
490748539
521350837
485682774
372530363
250599668
354709176
476614965
447831064
230315818
135543372
63196006
393642225
117354568
165857278
48932072
97207903
513990707
285752130
135385601
141029909
386372153
147629639
415562588
391146310
317791742
346573457
406469520
460677608
182335355
400192494
91846977
293914092
389706018
325407437
14074793
162861084
65268097
13732431
353137601
392236251
506136202
238792816
532256603
316814344
363982000
350374408
404745626
260016512
114089695
262195560
66998333
328831470
349375383
499571963
52110988
32427573
453795812
535043685
403521551
458206731
332887597
307403598
270697353
274033469
125024217
444549115
506215675
252611949
368071469
91556968
383342851
531412913
28040860
271671061
520215144
22069055
492512665
96503623
447180560
139374267
442066372
122503005
194828855
196121676
256218008
200997313
415941757
102732714
477096649
262887802
316781524
69927678
142385923
359114439
328302640
142735668
152581555
440386679
386226929
380043250
406376386
187695124
519922194
200667560
277486727
225235827
171639634
397710845
178658971
465778620
43476770
425435823
163148879
511190981
206217412
39213534
42716025
506056274
158133172
517221887
365989359
425935110
429850090
43136124
112354391
27344286
192067306
23379623
323322504
172859472
370060053
425363022
43372244
366201251
189589384
339457618
377365857
33805236
130527187
521068994
256211236
269385196
160423919
511654796
433944260
535224465
95207877
371740641
152615480
161964833
212275367
322031838
367470988
299680663
147623474
307015686
392995516
71236407
330090964
390997404
21499536
163965144
378355266
474474037
163482571
386563938
352893671
400264179
328477648
291824305
1427102
3879709
164252847
249195966
46111476
341150531
127038149
489722731
522335580
336894794
407018760
219277193
235319418
507532446
180274364
242132249
207153707
331535668
456927331
734635
94784696
57756622
239961745
440710168
293830831
348283273
76623066
476754277
115632947
312435912
353432419
305273842
355366095
329997324
518545194
421398884
337500582
263822230
233019746
454696550
431700790
151848066
369867823
420669383
380640445
397897354
392440149
464428879
415331793
124146015
481236657
320063559
282319995
459966823
342796056
532012322
430420071
531716914
457571168
285270641
365333844
245460867
54755572
249159278
524525726
193424128
387432582
68004589
30790336
456303231
446034588
338513973
338498929
255679506
206129759
169417773
8281699
330160020
365466967
56589148
277122682
338735222
516877041
74416732
391876886
335488408
329922988
223365898
338651062
190371350
258070886
349455894
67699317
79983152
132512393
476251430
354374877
90677664
170257442
104721643
529140352
518531084
426066293
24798791
35032366
91352954
55869872
340421110
69059791
62038931
497913672
137400796
308675413
113054888
391512485
534075635
365329012
74979825
495192999
519580093
402717291
119170076
524218501
264388760
228473214
112668879
16107718
352305031
134055570
134046590
266773120
99654281
305602860
439009678
492551790
165571565
142430522
409024070
187831794
178851893
528037669
880426
267895359
63109560
467234881
94992458
269168471
224455878
278506720
12338009
271133185
68044844
77626570
428491109
229892607
194641742
254212741
452119310
332543051
285003981
201414806
430936164
49902987
5347297
93480351
229127829
473116012
315018117
235037607
275201489
472782360
491578656
202307921
417302252
488448490
267379632
282245100
254582904
59115315
131233108
428635670
416240477
315152364
213912580
338198341
287073017
119932292
480089954
501238255
535255630
65165887
375620784
484270676
437733281
192001537
179144832
363283612
415636805
526092546
356677384
12182311
435831498
529826856
526607497
111404806
216766582
396404973
166890834
235316544
448623424
529345016
276858225
103486873
288008059
484021066
314386891
223100016
519838909
299676402
472989465
515307640
405038927
16706434
165669541
524829770
468585900
184664688
37647902
77499907
356867715
390698311
56737565
159060714
124358511
64125655
511730930
165836963
316254693
215797872
361592696
447394015
369999840
231011898
478602995
381050198
476875952
506766925
484111796
179061208
76048221
48931787
166326980
379496185
484015537
535440164
101846374
440494263
101026976
315327337
488666872
149989645
215284861
395059625
510183481
145333939
470073922
277679718
298341403
412974280
376280628
177353575
454164005
311575825
292881068
203871630
73204034
255580710
195265042
60261430
92674272
359417783
367985272
214466972
382052431
449790708
259786028
377228646
120331266
468955599
242904205
501903867
6739126
120959076
151290989
511618744
467933848
147558547
530743748
395823090
524327076
146237637
305885599
83545627
2802550
365566452
350236864
301484965
208962078
3475278
149503181
53393041
228248169
390943182
4932670
407074510
57900285
107768781
324661150
506370489
239090879
6609864
493345773
118094553
93827722
82890130
12677389
309400264
176221625
102589159
3996005
499799676
454787197
526778935
236940587
356971334
56867558
217858638
211191707
50291266
230512617
287556548
178175962
78959740
504701442
303431243
532064600
99194921
514652391
348716715
291780956
219729887
288061080
273083129
418768973
379878281
33852748
156021635
308144443
55272945
410603267
412271977
37394407
20551113
128325937
535557777
503410718
125421177
368239243
42712465
290191229
400488813
196919792
102721831
480659240
166290385
425002404
125868991
131785929
220887756
319813151
197598360
498372763
138956539
50235571
450099931
240321827
407603733
507405926
272647126
521685485
292905075
34086174
289456692
511648657
452261193
148331852
175639319
125145
187739184
34183265
234678762
77742636
27552121
272741212
530694244
436522015
192208841
201966859
260240667
276425995
495414933
130203871
364320961
425715206
528240319
456294542
318378450
270451876
532687424
507741019
130993173
285954128
64617599
467520632
155301410
512187155
365871359
300944305
82628187
122404935
454872539
313920933
129628766
465616095
427568698
101660339
92732359
296759446
282100004
333696055
198732856
444578669
239611830
454230111
523905082
91614589
507050255
159656600
388483621
410423126
49026842
31676023
353159490
274762631
333382089
134225331
142996792
482997150
507894618
468005827
288198055
238517808
1099111
279974993
213634520
75134089
396922255
450236888
65546692
417982493
130125793
201179063
402737624
371921302
208375938
401307654
511435268
87121307
354319546
372740987
281646794
525569271
284733424
485975789
161897892
389768953
516344021
396072236
221422503
1453648
201956497
428105112
310594102
180544398
125251493
494229920
53095443
231609245
170234669
354010268
479300268
56531003
50895215
365629728
183871333
241171600
392024133
309250019
4457637
386363684
425053959
379255283
44213986
412377287
507686352
320315754
510851163
71790924
275190341
189689674
41420789
238655316
523973596
143437439
219730155
208692287
20288276
528413028
255675308
142452374
352456230
332134615
430355418
231302202
234467187
360931007
64893497
374785950
181161919
264849066
369071119
5030165
116332646
183840117
68258188
304024247
20247885
512048763
463175230
469049469
347119503
277056539
178224488
272105879
258876467
525192234
466561869
66549109
111295213
522433109
450948150
358499738
481065899
170979681
157416723
13602514
344996591
384727782
172987009
388491400
25253004
393147696
24956573
275094914
497789675
79465924
478641940
503050659
343679973
36419971
295380726
473287221
364340079
259926139
354038341
431635072
516910494
450095028
466075153
388635073
46991327
523556063
133442831
383614332
198838707
138918321
425538511
273800778
36989486
387421371
163973395
219462803
468841818
383586388
438396397
476782415
222227170
129133875
328052043
514487036
39675880
213824523
230162214
430779012
94222478
80161654
353511818
116618369
159180989
92457192
410888909
314429422
372424724
513588551
410106470
95966297
114723240
40807754
91681602
312029529
317377588
117920427
193293524
305022808
303020555
504516394
244772776
500852581
422366884
32548144
391029173
391661009
430151658
41254399
390690739
99589804
183656877
55452743
136007159
63350629
57568524
195030782
527726698
237416696
368932060
288220921
508878944
225346795
307639454
376007600
368749542
379883908
529597923
282079251
247879076
338093355
403797064
278156902
324228088
284686836
391053259
444445765
375502499
404147543
408824926
400225289
350217421
426084591
359509808
115765643
96783189
260217275
479265720
194288769
371680158
461769650
484810284
435918029
493369674
53596032
437690235
325674695
536173380
236883658
335216279
449392873
408593940
104443653
106887984
382752254
362906718
324415947
92697518
390347204
483448653
123278106
355402214
398254315
420611310
469375257
57143976
355287201
12885617
124193223
246596494
44295041
214259796
196428308
170924856
419268130
75254626
339595860
447003297
401664174
409685509
318009326
530429093
476969633
237450133
519521592
483107529
194834364
200408378
275884298
304304526
344199236
408122718
102605669
159005397
85409995
424691481
85065802
394311860
188256410
479569062
419681341
93685203
32807657
506126045
36212454
480703564
37288017
371860048
98279651
219470632
535680492
193649906
466653802
390539471
70832973
188572508
320960417
116750165
506112315
504608757
256206320
89200931
430115574
336742676
358987752
413546814
363221
289512298
70510474
214358936
37733393
529097012
345653030
178947147
127384390
534989134
7941022
299643633
124551875
230607275
130641517
197279865
40778605
298922032
326472158
311495957
12389493
164169806
164741628
203202487
260533856
264727955
279747491
125871019
280182082
87418909
78951938
139071835
50203826
437845529
487522273
32415829
276505065
50756999
198553390
378239164
347325224
119593420
520116877
497218905
166551769
313059943
423027796
230289843
231954425
496150805
489997653
93808614
429472462
181528999
458269827
240894102
102432788
444661334
302816321
528678974
296793100
285850621
361324002
238135111
409993707
344645882
326432404
28141388
86872130
389715880
484406044
288817890
191986149
146992130
239483434
422981324
251663497
323187956
954203
26883731
404695694
404603924
375502930
527011671
155626532
89943846
5156402
19704012
104737330
204656885
347417677
43374149
119036329
517083659
341328041
73264805
115800431
509212259
404683945
533835681
125643590
288131276
399308681
160680357
535716803
35285063
216499842
95449021
401674970
92682796
354463329
469147650
102854152
286858641
159283954
220745477
33495738
374745608
440392998
183332872
280657454
268441768
315466206
139201905
98747537
376152156
166516489
424441832
510292697
41613695
472823265
76459098
110149827
100038216
23019958
139751770
436365035
321498566
518389990
379592045
140692267
296044563
50380508
154557941
31346912
272541763
126013662
422090776
470476562
523690033
171088278
481255118
365270309
488263237
291167465
392330393
74716924
14562070
535508712
488806897
104975143
360506166
121031660
7384467
285755748
123188692
244333990
415481402
369814527
586132
379636629
173135034
201252651
508162703
500455491
323873578
357383173
429806930
521659688
217775825
8241401
22166815
455232243
180391390
282609567
192858699
508307401
515898397
264203683
357084102
241956218
498689408
274349755
354122295
359971011
133751012
440118204
389637204
474816329
327299710
80670112
467565518
193420515
212055972
389672361
294093239
154554053
503401547
85472000
150231201
512697996
67355579
339485025
67893350
433473433
101641961
183768477
208198692
357898428
111992453
442718595
507711076
522129733
159311458
464431673
490943583
244295286
467881868
275347257
422277887
72982525
390333482
114516237
71390861
51435105
329424581
117882959
503526890
23924497
420629830
151659018
228037742
275047793
453071782
140164699
261878971
520542925
502230206
464095079
463738298
116506358
224792873
359445302
448501810
306337766
305337135
495687239
206059343
194791145
185009568
213353776
206678085
378426745
133114883
259598437
202018686
529959190
145167762
185726227
184209341
161587965
512584785
334010525
207367878
321457145
132263522
451515796
332792574
510386633
347333602
477016020
498309041
378691422
395425729
113116442
4310275
129224156
207893935
3684666
429220151
431179964
7980474
434163767
127158153
288764007
473375936
458866357
296179766
465332196
109564859
405897747
23337574
334189408
382203563
320464836
220292270
440994792
75455368
362986144
205959407
383590770
514129079
23092923
137189440
384792298
317604342
124473852
501000984
475259818
65023305
334012805
366134052
525361717
174787791
100122630
403777568
96920696
47756876
281932210
148113133
290517085
306649049
29673157
796060
224982450
53972166
28454858
211835889
30951423
246388818
167190876
367402222
211592144
155894980
82480282
412773458
183957679
465711162
269261726
329120838
497458582
97877508
192857119
494999039
390621319
430690278
211241506
323471771
110639926
120494783
242814369
276711558
220459537
136699079
67539735
321407208
7483761
531172872
26890778
111762039
242493845
131037502
38264783
63792752
300043692
103711372
211476928
108823009
290798141
72722390
199566012
13998775
330044925
237875630
467669936
516390357
298887628
59321963
319885194
417062136
65934669
429535451
350709092
408787397
74833623
380566331
206000685
163229044
176714220
205433181
72899165
354202546
276147565
88886270
19615007
229318795
523194989
363613264
171736383
477672585
510394258
81154041
305189970
461472808
499816781
207657731
440587843
428636958
374273
252429767
501665656
215809670
416986024
349031880
452990233
473252858
40839148
139271679
441958253
393540836
86395996
274362700
282375086
263819028
361805646
475391249
71976212
473368836
321809776
476930932
301812369
203615281
163319781
334343820
78036302
366409419
149702164
265834700
344871595
100647103
507077523
19216580
439682520
388214296
129944626
229156827
227005553
159388319
379932618
274732977
386646135
423051058
320794482
528277636
443595088
201540686
268211848
327768044
424674268
447423215
454910872
98268956
419216264
58434985
4682562
343261382
360003750
154469175
464631517
306350951
447782033
254621518
70491748
334244808
218870996
413098066
75258497
412697569
154176029
60431169
369742342
497395455
444881116
437500633
472255640
296310683
21218053
515193777
267041750
401210273
505543419
88964398
412109631
107854541
385891366
264469430
420404848
170363629
213283102
208976613
192696227
428479011
189320198
97114587
153726012
303154083
494657175
26307698
419622304
432379055
307129787
224039697
283969727
90527478
87937503
153470983
458300770
139166662
56813684
44631998
37812359
67691718
422048208
498605601
51632635
426138959
532920069
301998785
92120783
493096527
379460071
392787928
54373341
351290412
247740977
325052848
193474656
64531238
9473618
358757245
458665191
395151675
423424660
351653182
166002704
223929182
216441851
519937513
51837746
476696925
372023550
53082928
434335579
212842333
111203968
99228850
291210431
342098970
363105268
473201994
341927333
263727034
448836817
264638314
76558655
226766147
43387050
303163287
409804564
195353035
33256891
503579160
142557584
83778411
509896590
443135365
427426676
412873975
247154939
41033960
81611543
521864598
11988701
406396565
367481732
333146405
80708537
512256988
72042757
483282719
176464499
423269780
177290476
56477108
103948291
248569576
509300478
232148285
410023970
7580779
371369161
411921707
230707396
383176037
345009518
452734248
345783294
365469855
526740485
932339
158422085
979746
406781577
21506277
5299097
301070070
269773295
30088079
507527346
324319657
480751363
514987788
382338153
63131239
386445521
404724640
456132128
15573306
218696925
428243381
400861493
174714929
155967524
455201982
31755408
188382881
371926242
299718454
371925523
202825864
429671768
99205062
385548328
31908280
509093148
173785731
358435340
455704265
121985017
535724266
487700376
486231619
6973431
454230042
70097838
92573019
354182927
337377374
94965407
191745400
203720072
4538565
138402713
132673502
396086708
102705392
5096212
189175078
439446601
156809518
413003989
458680312
282143707
333948106
235079199
150730019
500022932
67952208
352314954
210503308
54622164
189285291
23802178
83697817
285130575
137581074
337797166
312855900
96867875
20536091
133939363
334564781
294040983
325589911
151273702
470067207
137981854
262015259
309984134
70171739
505858470
206505583
61508530
34792398
448556524
269802428
69645936
83799585
526638864
81721861
530028514
170327564
21713297
289678385
405366947
446054703
336050981
118779522
23199715
119555084
124352717
252147260
408903910
228096023
108243595
250438655
202694645
442959601
255906951
360821968
341082091
385892248
56787419
130278423
518249815
21645373
255191865
166351375
95776827
100934469
483566850
245706712
86622164
316451343
120259397
518945841
400060062
130687423
365145803
43802065
531428944
432617178
87830146
32682806
231970166
231321993
475404686
514311414
398560803
531871985
58703849
87161002
504302219
262993240
220374523
353961420
298664022
499863640
404307083
230820771
453486897
82366321
132030038
362984874
490860113
112974762
247821772
109960813
156736863
29134622
214694248
165185186
201870168
335035558
343206293
453570316
356008556
414104064
104849329
307478807
56017126
206238243
505280302
328051924
168879842
503320396
463517303
126799231
176803121
325037077
153079232
162594876
16144911
349609073
174623724
179183064
180178825
204365328
349131865
385805120
204200283
121163920
16605261
295935461
236196086
283594901
94875485
363337070
337384599
506253955
522932623
181759191
292215953
36539056
80678467
264037958
135091062
533830723
509834290
436705578
301412414
272020200
250072243
505448295
486734796
158746430
238164787
271012813
105506014
78234164
321398704
34418294
337535825
378694891
409181257
233144027
246012610
495989558
500201706
144257330
142755887
517966415
279844911
62960102
326945603
475517287
3170414
202256569
493451364
208594257
114082717
311898127
18301262
341078554
10817024
360922509
38205423
415463902
216718051
126810779
319929049
350090359
175808557
221457816
283971454
11825683
149390899
161147341
182796914
28812776
8233772
122623680
120901380
218721217
115197926
147839736
495704676
286755038
529077819
462811298
446824672
349652181
96936405
312180117
505351572
195073151
504431373
156093933
108085923
530620838
368163805
534865374
295522708
474461753
383092999
338101165
92054856
507430763
25618935
334144112
528118292
173955888
315378486
161799759
335203203
51574964
534143047
125459146
43006027
289361306
34935087
151229539
175333917
511931143
142008213
439358773
31316600
236300488
295816031
148018324
125980744
418905930
134348577
296778687
106491707
471023061
92050194
128207283
206208482
208386181
413317471
348474451
128205931
418375039
446344358
43146636
52220931
373928915
28270056
273031768
46784283
115792261
17364733
235501567
524286729
283423569
117537268
291779710
30008256
211918026
323672029
260594725
169363358
382253397
71472939
264575716
364642721
28184910
174140792
252935822
49907211
435479431
212713419
53095143
96139647
491544766
164849921
168121709
233071125
57699181
115784290
269846377
510751670
44064066
257102902
278022178
316408368
230106311
292808057
7413130
102614888
134199510
163799493
520666005
224873214
376527697
345709523
496453385
252812054
423874647
260796725
485668155
170910961
516453569
372104401
362625317
485186865
91096216
237820121
308746479
68625197
448630535
353257389
354338000
142938694
146932888
57933346
270552761
52394207
326720471
514657377
504991539
219711341
479482741
51150396
475028775
306570764
515851455
288271138
285522433
512932547
476363760
132366012
242879849
230625913
366336951
35720957
158371033
516718085
232499981
246513377
136959438
103330120
518920260
45236082
26188886
512637725
193297061
258563651
87360441
472293123
411447732
119266859
37013709
73464715
351762206
407046269
533507587
34970007
403405486
323029207
123010024
259878294
342226225
18704497
525855343
131949302
479218744
68125714
54739600
44258382
256084004
29483359
376112170
480187692
438747416
493711077
281534552
28976952
111454751
138061819
351222388
7509489
319985470
303919578
168434499
72258905
508401914
276916734
411296477
185798318
169085238
20951446
266387765
135381972
7167917
438429611
305934131
303627289
347207917
134790833
153528359
483690857
239606017
524851015
32429138
517559899
22122609
417686625
379548634
348158073
342306117
341903598
150348211
187707544
366839040
470300567
132375024
23544978
160400762
241060029
377280569
81852483
351863439
273549050
460206052
346910624
19789421
390358337
388681224
418827965
45356827
226242825
292678545
478541996
258081017
313456627
492045431
390880339
388679674
202274240
493762871
141906461
319539193
77300400
292438971
63738991
385089683
457917598
6590426
303468946
388651674
61710500
307517566
415984122
212507734
41489766
111824244
23163509
495119400
338920134
480354485
353286436
295192137
175423888
372702482
404065554
196882377
466357567
523195306
466301699
384536724
439404116
198692322
301073966
440746999
272958851
331699925
14779438
201100684
409461747
133973723
144087350
288331535
257364046
70186930
233156203
339684240
309666761
462306065
378592044
88988209
430293645
65809294
217453015
214230748
422422303
409917616
513993755
121343839
515390431
53805254
467996895
236866478
216452532
480665221
164450182
94576097
113004944
89765746
83062051
111597366
13725030
222811810
51298499
267824689
309668291
424715237
314444547
79919733
368194314
81108067
284723321
98209005
43563595
92245314
59246479
58294960
81459699
51096119
465573393
187982033
112173435
72023882
63162376
368449578
465955395
3655577
173807550
306261899
182197258
105054864
394884878
439763201
156839150
489524652
361093244
378675653
216541111
196157191
17717032
53886779
313006334
418313730
220295116
174140670
451317532
474992911
168422308
106587235
272820102
217267146
270336545
193085142
211601684
353720043
231105342
293114654
484029325
493371219
140706157
189165766
111310663
273505437
214776141
532728187
471801657
478192069
486672659
231322667
478882273
187291865
38170792
471919117
27528002
341580127
108916100
80856189
304620673
182959155
205338475
162091958
482995932
192175963
358262681
399266509
195283468
328646836
107822650
60950429
493832706
21174983
436779125
16471758
78558786
386897557
230744582
430794636
150655964
282976613
76119037
68414165
182437252
271086266
17178151
27437514
413047994
336193618
92879158
151141282
464211025
337714010
252787520
2327315
77476370
500112621
442067906
96412692
22254599
336813503
443547226
135853610
45086995
512949179
498954281
203261925
388037212
492970495
144173190
173461819
120717996
419740171
190265693
412568186
492898864
396552382
419123165
212124294
349401255
142569285
479306709
470038559
214052821
32314843
78129942
190702080
270421377
59712994
419664811
282599058
137527311
149869030
84252698
284955797
100950866
331573343
482991934
344763192
116030430
528064496
187474372
366655205
213455431
18070507
87800598
384790008
81869172
296140743
410431113
435904915
398993437
345514075
289834332
216389898
169114313
327929293
498627375
333115486
20274526
373344416
129439273
502995440
63877336
95666943
121256998
302871120
259310175
534290929
370531852
267208527
515364292
258708854
424812860
497043533
186477230
280131719
13826243
333639979
67775543
119009687
182224605
532714102
85566546
195847513
527638033
248427411
447854786
57578915
498237424
485940386
363517128
516308633
336388213
64340880
19402285
370899509
285840694
359608824
167618263
284314121
496169405
79262654
353355234
200464462
214601875
378877598
259632029
195229826
294722905
84524400
454687852
378722789
130406685
440605953
334528972
17658265
249295208
30269270
291828213
159811733
20474649
88088400
456299838
62673321
509000332
475123456
366263569
490179174
107713385
515910195
367300391
203946057
522773391
374497392
505041110
154193288
421809215
7637723
361398638
488325292
530838695
8222928
129763246
191157568
23754563
465442367
329633676
67382297
211464346
99869858
205624883
497694351
526688899
419230825
232010129
192919891
66030513
355536065
237608878
29563057
438415340
34002440
346306686
191497447
244123906
500144621
365882803
171965144
255463418
118025349
57610629
249113220
436886437
68059855
206563750
361347376
186044314
193652462
92817390
314601649
461883526
389239623
357188954
320069956
113718645
18425959
2818187
231513801
343019780
111321235
149341670
435729439
331867056
397005681
175554150
400273085
281486418
89144349
491521766
357882269
234251264
114953746
322417928
392135404
88128902
171170406
501644466
265975867
195638394
7187965
183449697
193890758
260299592
499191828
21168441
301474889
152407902
300376453
431476682
114767829
429539274
213521
295334184
122445961
126087246
535766974
440134475
306259872
160477808
172342503
248555000
488279662
500989552
209394487
315804535
427253146
50293328
151163148
78039205
436532006
505208149
428717509
256613453
112649550
119834559
480425847
1368715
305095702
64123845
63372206
519772072
20325227
397019242
13574142
390091865
41721565
320131216
331317710
403542968
54985669
41979626
178111369
82266554
140306639
280584643
120727164
462718379
157752730
376344067
193688174
4531432
350184492
263455349
381100887
285910090
21149068
224022781
115892683
374907025
271881490
411219830
444984730
369093117
441520544
36102369
69433231
523007377
372441094
522058766
65322472
439815806
30972119
156230582
108088554
279451308
230350987
16311081
421450299
343860598
376688351
316241962
98561348
246552973
49307955
456562855
360583743
270687323
389797685
13004532
245498492
480389681
480586098
217550125
532970238
474968070
133290099
383794005
169469553
114844972
373400300
44423190
502835306
396183373
395541023
458333751
518336448
53966430
169248861
503165504
235740036
407725515
411425337
84445223
261090661
223028738
264142502
428240706
28675207
440135418
132631730
21237528
103151843
298528297
120012353
210762393
134155146
255803504
341160457
305763645
130681570
239158166
391184013
529746212
495464255
335970131
159371913
124299312
486592337
425936095
232474611
511447203
8451225
105275191
500264988
185612311
9254323
376621380
302179064
456811744
227159737
241898697
133347157
420550465
236331081
444238933
241612322
20347100
341610109
215082178
489600806
375264068
284661398
23021673
311221819
236136612
448622052
310824843
462044303
90509802
271350035
78409590
225375512
282473919
10538548
448742498
465127953
381478199
313219786
65245178
310677158
420864777
324583092
375482223
279868697
535101830
51570188
378352159
83370131
20038707
127927351
168447097
362033691
530881812
286420167
56021508
348194673
463441166
119809456
502041708
258862361
487439784
30324058
479441942
65630226
308238155
109064090
81751203
148795797
77335783
311001874
460702662
319694191
154312979
304867799
503089271
442136055
510437776
163517199
200229364
299524537
51300157
452534019
436891529
8297275
37933511
61526961
389846654
116233190
534229599
147413132
100272769
57067175
254872502
514070834
321980342
27687994
197004342
315402810
435267895
532162299
522231794
240021330
526924065
117524455
24383067
220246773
396759185
114565668
153217234
364800869
153920467
244463594
95744792
273685759
508100061
332570866
483723419
388233349
255696847
311143415
16578238
531433063
149442650
89631567
404373269
482670795
309618650
133776142
389054086
164979576
292016348
350935640
201520205
167468198
194690376
145106784
99204025
395870662
530239701
402816620
364033996
359246806
275445146
273040712
203591320
447021388
112721623
113723729
8319704
363043597
159849528
338351993
192889551
162938583
25077866
280963052
217413173
27907654
220093001
432523197
282890255
261437157
127648000
112563938
141043133
355399245
41536985
44128190
305397057
270755786
375938148
514371505
7407001
138350220
495221933
391321213
241318034
92313094
251924180
427022074
305484674
444080301
528582961
400467618
219562062
273274878
327112221
305833404
440043689
526966557
497061855
297294863
253238011
518322935
20147717
455705493
431121024
400123899
137244725
371814374
516431046
274631720
56750997
206901714
337045048
325785975
520254848
152748641
223160763
55627305
379042743
499350762
448424300
98679058
337962225
10071926
147278438
336912300
325723117
68914407
298768276
17943090
40467751
392057153
433164920
238195128
148231037
319888029
244217912
27069738
220740775
216375282
254984096
290904195
108215182
20110819
527577020
501468985
5746964
305935431
335318859
127247438
396114824
244825787
367306254
225322196
286724581
509255386
153985125
342694420
6250573
360430420
2680355
23957613
316844940
506771775
178269895
133767946
140481209
386719122
153190004
140121890
300398007
460266318
409138376
453401748
251723574
391890482
235774280
332743439
229071826
183998395
268145081
485714319
911070
465330029
508533087
20348707
153072916
72077964
191949698
50979854
9564469
363351963
387642907
533857901
367896324
378592919
354359386
268838905
161814792
320197591
162437606
271514184
67548690
48218915
161403523
202935398
20882121
441676133
416670277
48503780
274729917
228828605
146751437
67597533
391364046
501513435
372925824
161168901
142329004
60074154
267528365
447276948
203848191
202175592
497388022
212678487
73995630
157482837
116200413
20229882
331416117
244572298
447143447
195609447
295321262
420411714
37128235
426758766
390302226
456350887
50483651
377200421
329102154
387999126
330066175
116642330
276180860
382079686
402758253
48732236
406767593
470590332
248658845
454236790
421796168
63537222
176178868
417364153
25087046
253163407
427146995
489810603
198874337
267278459
249203643
365874074
476622371
185926521
432883453
148679896
44703674
344300512
502263406
444054348
353204443
8628184
202136520
256027311
295279220
323499790
398732636
472807246
140885081
450149337
319956624
75243018
172483794
201783206
127076414
307839008
430987090
156456060
296965962
265537463
332279964
514002861
393429875
461449235
360817209
37894746
432811907
110097740
403361330
118402032
262648829
160300556
452533836
295907436
514570655
452787936
22831420
266002225
532969268
223284395
532846714
264681678
455836960
312113532
334815125
14124205
356357736
60597946
136888101
456292399
448491575
188450610
33158229
34002965
382161770
463245284
221094781
374712873
105310124
230853777
225315345
107413568
42792435
338028188
29611314
121561520
340410911
420891540
104579321
24407085
80291221
133314075
34328436
7036186
41820560
477299738
112820452
321191605
19708952
339439799
225756714
30952557
283024464
142366231
467934390
161876778
350546969
282881635
310072641
475511980
373872162
456150956
26559735
378898497
11669750
209268980
340438263
301037214
250770140
528846909
16192404
249058778
481263187
97935412
333958557
172916209
316504066
158276213
278273385
179941067
16687899
20492962
285473148
178286199
84695714
318858001
168192025
4495517
98054603
104834810
498499232
393694302
108052389
345858040
9731206
408381786
130533008
432699901
377726629
163673504
408516211
145008820
208914639
234934339
522782471
369309898
431559099
304901378
421166195
210168724
182723218
449924993
405327717
157477124
30947834
77135215
483184704
176211197
109924990
489488663
391909789
249359603
364937087
32968186
151629438
178989200
472327825
239112503
54398173
524078465
384258952
514171700
219695901
66205279
315407427
96679179
219453926
532633373
491732508
249420577
359773118
157927413
471519773
457808171
242711371
514690109
295083100
4637153
309694661
287062696
6824187
527168533
95129814
98714329
371055940
343763825
461420988
181465671
17300358
263496467
314026316
477445988
40268001
419606496
383400530
8769057
129972719
16481023
136171525
519168930
328235524
205000857
126244390
200146223
149362743
365243428
29461718
134512634
34681458
287605105
92908479
64755967
441681114
398393361
141990991
476252201
432568182
459636959
199243330
190914950
48321618
94913668
457269886
12979058
166958701
522472431
285656442
530141840
47868583
362604136
37628156
222707355
99255796
401977152
475931720
447551949
130100402
278182952
22841693
19696911
418512792
486166671
1748219
499358797
357645980
320821489
153157186
532195955
382994462
180497591
474527886
399920158
454054281
275351106
255846345
24707590
418868378
445282340
130892410
531143567
349884375
170533000
214213930
260541060
481089839
393234112
510015529
293382134
322472146
511781314
403708326
499690598
101825384
469027200
206159397
446331215
488494785
533378983
513593187
222936376
479160656
162927905
42108972
533489203
447532323
293256321
467015288
263207898
84053991
429317531
420103532
470868396
170510362
78683310
147951677
90460696
99979212
459776730
344804380
134524502
267701096
492473708
151279910
351230028
128150428
386404731
71417341
353917903
125967232
169454597
85155484
496630611
211970464
323446539
513799402
107316084
111759843
198790480
358734783
379631454
466487147
209702680
242990013
395046662
133541149
351575917
152595473
316632971
427522074
355522554
39897191
196691978
5169722
303706398
82162959
81252946
423569409
423490850
449532093
47281366
246159407
308504696
19181683
380666383
69409923
147918014
536466639
67885362
463098903
404468327
57442064
236035659
457252590
199662868
129423182
353910623
335274440
291858656
306333018
255537024
310562649
30178143
531328006
230095270
347852603
95863603
372577947
402980146
161590895
421820791
9729205
112213864
98543084
471738670
363074595
207845251
512958593
92332414
334600809
442233728
211488241
56744678
256841607
439590139
74375824
92361335
138318574
342777381
487331217
521276411
505528173
201879249
321786341
336665594
67830127
475993079
391064055
449641690
96417638
406021800
103206271
399965327
90583745
414636154
474037811
351559546
3787126
426664530
236191629
28303857
187852692
304414014
4584484
131066430
148960982
62744114
175055066
535041501
416946879
245223950
11169639
79609586
313134634
468644891
277242551
59653692
293540413
445505084
386210930
314577082
358177613
489384948
286708593
189170203
301485179
331111596
293950739
116882509
22930123
122552831
392794373
303889378
433594054
193535683
409176799
414095909
264228285
101844063
154431596
500593667
168687431
472672537
232871221
479510399
358844596
323584230
272979750
20411839
306721477
530801836
349440028
54657514
260526263
111749768
118483426
160336342
397732251
402247966
475385442
170649388
524376093
68806720
228814743
48633338
55277837
531079492
492017796
179417209
231424403
339982271
234736642
493278503
508899510
316578142
325924239
244149683
464851763
32165770
206154888
36330307
156481166
343854490
176629507
438604465
496121678
333470884
417637789
462326361
122648928
522818346
84077215
503470601
68805654
319655947
318434123
336721149
403242256
39562696
383405231
40859753
455913565
88596790
433328452
347152136
511450997
71404473
95774284
155086781
117594286
524499111
69215210
294068954
127184606
255222343
280928860
506599012
166345931
292481456
529193956
454289783
446968618
331300620
80214954
344974690
15092615
219882537
112924965
273949312
13878796
27008435
346176590
127595876
297023253
492902381
312024837
348437717
31674993
496191553
247619734
479088753
410794767
94352186
233259065
211956065
126305197
28478470
14355492
21895575
125421317
382103407
137452832
443676475
179648453
516873526
173291319
388989883
460262791
454272284
203900557
375422631
155708457
113590779
356058324
381994161
14019787
167310403
270940013
400807635
201350391
276469532
58293525
118113252
109043933
431402003
215931688
234096973
373298466
150552827
513179833
117258118
184018680
277606991
96860262
27687337
338314054
379806434
424116137
99513123
325006342
312511251
288022564
14486605
158669557
444517638
270775723
529299943
242877135
369767276
150298121
532672233
156650271
249251260
363036861
54184129
117273158
478751908
4458330
232467382
16026840
371287701
395608017
209307776
186929439
191649901
243073699
162537834
279527132
384994989
47726486
169278261
464154116
148412351
81910881
164012617
416779910
461937354
153470064
39245105
487247792
92424803
466534552
92786931
24620610
344626160
467072121
381548896
270355680
261011443
39752353
294444298
416187240
330429084
339425798
246094625
42510038
528606006
477374008
436817780
404577444
129752170
96536303
332605779
357492504
326103271
208151389
189834114
389991089
419823450
425392243
118920837
88734886
3881258
468791268
425385625
473060335
18671355
291396491
13602855
34471266
58625806
259609220
81440668
354887723
496545714
302125301
127111986
463209764
355973020
151859693
479174429
261857516
421625796
394526695
182746411
397856284
306011515
166044551
123268304
223984052
397205765
83351629
419911819
456703911
194542670
342713482
342628470
65590281
240333800
8989114
33103371
464810812
477578121
316824615
234600674
521042199
72154479
12949812
266556034
350843207
327846572
81369524
216239223
59219574
97669005
188027883
212276673
345602450
62908780
514561811
35390168
404621308
97319548
149793396
157766078
376577423
258244308
170537859
479327649
212074945
447359837
312506528
429984493
498969725
37792615
169508211
421577717
242405704
92210813
31446297
57665422
289805193
365418720
459113199
418157751
294355363
131876610
290551195
150178961
482550756
179183355
361583739
395440703
358888198
232055400
265181036
304326970
439859928
109553463
255118182
427963364
384237544
220516097
486526375
182411106
294392814
93232293
290249144
78677001
156189409
396408527
147600953
431112005
29416919
210541305
478375181
434877223
410722668
326289177
160484466
534839073
137651743
251308079
335363418
470438277
364252470
134183456
470551462
350701464
112648623
370811413
249334649
290928290
158124402
389561775
122254673
452080819
198398469
64639091
456412980
484438036
400986701
440576091
195468220
436186904
454877425
211249800
297462156
203191202
125380252
303628869
349731193
184889416
507019655
60218876
450537582
75404345
285714082
425670529
528226404
283006504
439593948
410454448
532273744
260560932
413327192
458654628
177392099
36234768
368532055
387657185
359861489
497756867
192119538
139760413
476460041
277930674
247573082
337312338
354180499
414109322
80244591
8507554
56755070
528658171
66723712
508199383
491925264
356326600
3255277
116534851
33291614
149131777
495555220
159658286
61485982
244931065
349671985
302747403
138448189
364612721
492026522
444261478
254764360
159505753
359944636
390678681
287934188
396280608
233950852
242912612
146418898
496603961
36524489
527826596
300916044
293129682
313769996
368285000
510033971
351251063
505178155
366378206
519910986
319247411
498808384
510905465
68740936
309601624
236361682
162704427
530416087
334109695
269805456
325138697
29152319
373311788
497382321
273883049
322465469
327583417
44309726
377229483
357217171
245000362
232297155
188507045
41711191
496757681
352825805
266992245
73194749
265079775
93245661
228006786
388714635
328022267
116158805
293830172
196705250
293530526
526007780
48999667
311434173
327047163
186568180
527452160
456512230
365074285
402696422
141584116
299021993
429215420
284358628
221206663
394876103
78260290
48672255
317138312
282097360
11343843
498469760
390971820
316779971
415320335
16544578
96504102
495606221
480321765
102763845
512552626
402582356
60647016
35649826
378372464
440691735
171001341
320324552
231299167
507933214
394754226
193055776
491001290
463566842
339197960
431609010
109071044
246708981
353947368
401614599
2754546
270093803
103585263
390820649
438736284
48218433
217118000
153012357
160054070
488348535
165890274
354521925
241280651
169752873
7775150
193147070
70566113
65058191
421165909
233742601
252089230
179115109
261746948
255510971
334447386
313558673
255418268
362846814
458070953
339132692
58054805
165002845
447814367
326685353
9995168
395671450
399566617
491933784
361027775
424344118
31347390
476534417
182410722
490092420
28663328
93234190
198584257
371132240
92080061
486512708
504577831
468483350
65477259
106592450
116763489
384622600
224994846
418481096
505798638
131685475
5357968
233352288
7301683
405809395
397077007
434231861
97566236
227457640
419890128
362885205
26964881
522153144
112755299
430442432
149904389
188348870
388885780
220229785
244518246
49774825
48644389
423709321
239747626
237981442
304674868
47300648
510783305
395831303
523928945
12667549
162572327
380065424
9354434
132127236
413513848
483187019
388913669
37490268
54805971
443563114
498545296
461009769
100668059
502696397
214385504
159205899
56102250
80066335
9608643
141280179
500570621
212444364
85985344
338806004
40466841
522427762
59844121
272402836
143977265
536483053
116550211
291568987
425388591
439451439
489060327
441687646
80525633
452175319
241369613
505784434
499642494
96576502
48425547
43151259
173968087
140167644
32595819
337259947
283811127
492296709
497266561
83630960
466670434
120192
391984104
408617288
285440591
306227073
277741593
157102415
441256522
175832726
442772466
426458678
299150932
466851185
423228188
469098631
158618271
44234174
2786367
277016397
216337587
317479045
224921137
22276064
232881210
92686715
394001188
491256201
74534588
357028934
407287271
142812631
288313395
301382229
381024491
18417554
280278228
52067461
107672508
261520268
220637050
282780375
431209961
103461946
12431549
90514192
222025201
66014418
295240082
109554083
230402061
504375703
13783371
143459599
400111526
224432194
326648240
336554153
189432126
125034707
273604393
452023785
290143371
66843375
494028576
239841150
325506083
258143779
202586988
351642608
163162838
381146889
36257640
60424465
449901043
500459690
505856594
153193855
338332237
240759032
276050870
280615544
413745585
217416410
353087401
529566109
334598159
474966496
536194414
285099627
224285333
191891974
31615120
253716190
200354705
480866869
424565426
118830370
352667794
399692529
196020185
207692787
408068639
488778054
95114793
323649118
27956088
806793
442440914
13276061
284532953
272903061
498967055
395972953
326287431
281794078
160873318
465881801
69728027
63787187
50877184
276852633
188235903
271958089
203221133
483467772
77926978
507175719
488567096
469784833
110887034
42207458
73337640
94935072
289076661
386452780
200805065
337150043
53225589
267103736
528313164
273806262
33447028
469512215
396122721
247166879
205165120
470401184
298275408
24469588
6287654
257010455
335183764
152703160
445484461
101887646
488310494
386190742
445736008
521947732
157896021
319285313
110711068
501248869
422977312
228885842
205037105
14108777
273533324
133563171
346939646
460335336
173013001
262817420
362166006
381319881
131510155
187710826
145977240
28029934
110424591
239910527
237138818
255288922
99729623
142511497
226224706
247350310
131333436
120206566
505047106
137476740
53481395
260149747
457619962
520354918
534530939
351949029
505529540
405245776
255923341
237516513
286277137
480778966
304916962
127151543
407201554
492320623
373637389
170827693
183420978
513891165
218496583
514600768
103635643
163113522
126318171
465987653
700730
418660664
104117966
530084336
414835644
194236478
285972322
27298650
146062381
198398763
327261493
261750343
253375425
80807486
209766475
308606329
159912360
15804506
445914318
5392627
202957937
384101149
289146363
439746897
501810786
322770797
212104463
61615418
529074885
307522464
536112835
491445140
227502207
232324767
366733610
287374380
322586721
164586063
126223181
93778797
530857403
401068620
262241460
222194646
442785301
463305057
439570062
302634690
91325830
297409184
254044513
365487183
165373325
278137577
196236918
364722544
91809048
65546564
439339491
341256374
1414087
313842989
265272673
231181376
214119989
334077087
463488647
288418682
46035026
254061620
199489989
257044673
310666514
219534614
414685714
302491321
467307734
83487926
47885418
536503134
504128850
292583533
415418277
28853899
446243237
39486271
60347625
516480402
468021882
357750765
39379025
297717649
524215384
46118150
15786554
488700724
100160254
208917428
365485120
23337575
310053959
432894712
298057913
118864855
204427864
26437637
386923450
480495036
205792850
238524800
49654775
26311350
408929418
91734746
231090971
29358370
415452586
9557349
388612865
344289874
457620083
383666306
326389311
401918826
503000959
174049846
378181634
99127687
322691084
533845636
487118565
377308102
158865455
500086160
515621734
30803348
203374369
477280673
46004816
528573978
180244671
406632748
497553383
237721726
144334589
3607635
146212993
79111319
64397623
465485085
94386231
339532776
130675861
527564945
382299197
228958224
24735671
224326505
444657897
533447714
146182657
106334332
459105296
303513277
4674774
174202126
324356729
38171692
274345251
30744530
347203860
398762164
339489021
506691558
117630033
217520774
290105397
163977449
463554998
536092887
104093584
454844065
109223976
218259481
370479839
461868437
489018132
56420987
170727123
534583015
165685294
513446793
65214417
464797222
167254707
41828307
469126483
389370109
229165255
502336409
317464629
89810839
405043579
397452455
220064932
410573366
506048490
254051777
36009090
441708317
447157413
190428370
404048940
441809607
21459774
294579501
4632460
504938084
123772551
308883339
288026429
150837553
292775652
402931539
136517286
421669194
111434698
279740569
201121857
349405974
204436701
135626314
85111935
299338614
163242244
459025041
83407518
492599175
317691723
55583393
228979045
341018204
201833241
90624597
262242769
370233272
125920372
247964707
398401628
245565657
137563157
349448303
384912217
222910633
243516528
344302904
273974935
66015506
51014605
91496718
63058734
444283618
100683977
179957321
82123582
260174932
278289332
87070283
216032546
205329071
525220909
95585625
372589896
316390590
447658140
143480180
74289436
510330365
529052607
397216704
312082150
419831488
65260939
207145728
310285263
498996585
480256454
75090317
351335880
135145662
39996050
246559369
183798129
348125660
378729481
217789740
494669116
208445574
489212893
278581222
166855428
28754414
94480149
114636610
308955136
11255837
349132540
173855885
144504572
63527795
459504530
221353754
73002894
423075490
422009224
352427507
412779244
218051155
377701392
300474035
444504227
415209659
273477416
200337921
199934801
437443900
362655024
126872403
19786749
91429059
282620589
243939567
167929157
360861601
397641401
107686953
281730474
8486119
383183520
374405047
294942828
146180848
95081215
429225697
200703956
229019491
383654338
324185156
439566642
211921481
440410970
363166805
321971309
519981976
269603629
180679248
454031626
532966157
235860981
400986976
271665069
20453225
483992653
420194170
464797586
132216397
152748116
457362650
141890613
357109462
128337100
105275756
427159923
349188756
346051123
236686138
520703766
111634070
102441349
505075713
432761096
130965825
438935891
219604593
406956771
70782753
339216738
330778859
10890376
96386817
16748992
31106405
354832531
307885982
6416046
53334141
345502261
168414558
158643225
247296073
495688950
417164958
510687571
52764455
368150899
283866457
436073524
447981464
213600370
344947493
265550300
129484297
88540869
187964834
267419527
514656399
140158465
363460334
534017493
308855914
253098758
475771451
25805386
182731147
507402923
34164968
156596637
21051244
208495733
247415546
208777885
164580248
284411069
50653205
362205035
448048338
462767595
500464054
380310936
307480606
472443595
105684413
9981287
459200335
60933135
480277494
51532115
462652245
286284122
232459758
233064930
385094960
425605329
294272713
435946389
104099867
119506390
405414992
160847003
275492279
106144707
35951371
306788912
30623862
218774116
222880897
478142878
4654585
253564382
50145607
49189409
357673639
460646479
92682341
225111649
512532907
89317039
382441145
322146398
342367852
250153248
72968083
177839062
465923336
271248275
174175658
90291964
434838597
300118072
459929573
320461106
408759203
166448423
8213768
125662767
306620057
109615353
167717818
324921424
195224246
55793383
92821518
657637
1542934
333054062
60401320
236228011
25631379
298180292
30727116
63329857
415757700
67085201
411649931
499034998
348441842
323875866
146141472
487538769
512603328
165759552
473069796
239524872
214971930
194768469
501795931
119607492
349754926
193857833
151498149
191456933
212170328
242272669
37588744
203600705
397193816
344382787
365202278
143776425
172841040
526910763
467341316
365036834
240600651
383626309
266516753
331425933
412542606
499178586
345127326
112230182
49237960
297715020
151027677
378666661
146470745
391732369
335277989
101398130
518191157
269141900
90038441
102880812
84492689
423956980
218141844
517248694
367697103
208178842
360651319
506324759
93858550
431397253
516610973
166017628
477118497
458669182
506001343
317195797
477628819
64725390
145972612
41961390
319261076
251699476
498022602
164441074
359947005
495079746
450288754
424384402
237346997
195478784
198184255
197246386
133523119
192746528
376559742
502999700
56377429
336801477
417301003
12108913
78221675
243509052
251145738
272115346
202429122
6718696
489849839
480207820
516780837
293088613
277271061
73775437
8630196
50954679
517508037
152858554
405470489
356953504
281763691
293160627
187820132
435368407
53656303
150959135
289105563
458951309
411620853
415947538
58468395
79124209
32099731
449167555
372316885
396814643
288745013
281069146
337749334
455889095
68874605
219663507
191061070
291149552
342599298
207143873
352107933
285154312
491735299
365341826
495358109
415761415
532591988
44051018
137303636
316205752
269739065
20090086
169842906
389146158
171924243
209404946
2452485
304948757
354145087
2981750
480347371
296897722
416612726
396581176
302553221
159867146
95200133
456728992
477233770
137198988
287889722
217779547
118619471
78428284
133975677
131461207
282346848
200318739
11231603
325522937
148415732
205303649
432962077
197900462
412140271
48575846
406523793
154352274
467247474
278089744
61367811
102473471
476001065
149816054
410884578
525076773
151351205
316365064
341144314
354364562
468444639
362513192
122590660
43324449
61440898
126992566
384301360
501634245
416250347
458312465
154748699
101877777
516316839
309774092
434081372
322825015
454794267
200673229
6727461
125664282
425065863
423474457
106747773
48519978
388510199
466849283
467579109
141606215
151097461
288601593
38446947
45588455
211137166
533965530
313486256
117470255
223399820
435189087
424623066
50637231
304985958
205487963
360657969
373968243
468900273
444191532
99274534
79096138
78212526
305018865
119487662
65463839
98322098
507701247
328280332
402722943
374034742
206017013
249549412
420227396
105832159
525844665
272712739
514362171
529413295
478493115
173635949
99301311
490684933
508348535
367844185
36542310
129665432
403029937
30837804
214220550
62729882
164393638
285528728
47663960
114256919
199316753
364567533
456229375
114501329
534894567
249012933
77552071
406834270
144411414
97350008
24043166
30592336
479856482
311945080
118855447
272022231
57325298
532524360
248987055
392264238
48672549
250274279
293851443
482844996
431248512
243778537
105998986
87816601
323287757
34449175
198399331
452290703
441525914
530307349
4033541
105827698
187025197
362954228
393127845
297238176
91058728
124878103
210497577
535394192
88598387
454244945
534743216
26830798
513556302
267227393
210315053
137273558
480599072
380772630
336276303
422139300
370278117
400568936
308416620
463631183
25786701
74317071
152132346
209530611
46275354
113254539
475822883
503574280
88535979
525984118
379747699
298468816
164872544
357813525
323635307
286387894
384613422
323576076
142042935
267523354
2212491
34262233
87590215
81455489
265209916
221975396
310345483
168929433
90488864
340668382
315503294
287029091
177794145
331330800
18587129
98785467
319568234
45491051
352930881
71094069
217351951
356363750
43701127
467446874
176142716
327726653
404440302
423930976
384933228
21471290
371254366
351781017
23218696
94048913
159577251
364095265
116863868
325091995
231198583
253224631
303924787
162466011
480489106
179120564
80650685
484720178
39798994
479562405
24654246
413589531
325096852
457738308
387643362
373962252
1975600
397226663
307987340
397549958
114888784
418303934
515662630
516263773
407336929
138805710
195774686
490713751
429666353
233421915
470348958
102250958
481591496
241120180
310967377
494226783
62751105
416712174
479690591
269968449
296294246
66855003
12111248
465490379
326954270
363033002
197022212
191658747
27233822
137292091
526393499
81240428
7623795
495438480
378309971
106831787
359090446
158561449
502624280
108075972
364607830
57344385
230108937
72448935
423397736
357346892
387470275
352333180
519533181
126678092
80673242
126459461
245209411
3512512
48125025
257643733
439603180
380569149
275279842
523295547
444850366
6274253
143942648
135354341
521790315
252763418
92244103
298308558
461078620
386862171
338627198
524401678
408860502
146742376
211765865
252806503
200298583
443658650
251436532
334453588
518766356
161723323
178149368
339927300
318189625
342505303
283944131
269725898
386685900
425366698
143202338
201102839
425021335
194995238
520947690
317661577
326513541
115387585
108470401
27022296
218794627
459711903
122715399
218093913
66862355
359751799
33656582
411655292
153304714
19281051
170579721
439037267
342474913
436709215
522437097
193787190
348407571
202683147
496264204
527374955
267648355
244834265
156944652
227192942
61360796
523450570
184866947
214371660
135346863
206207720
158649903
389805920
150676374
40422646
339949173
500016631
132761098
12056782
131508090
474749575
358464026
308854485
157763898
353432694
500530277
466561783
248593589
122332462
16474185
171321215
360699781
114427923
454839687
305747953
190716368
32762569
493454806
187784157
435482435
445530765
135017304
264310413
302914867
194639864
130025797
222041159
122519059
30761810
252738952
304733954
162439288
137702997
383632581
311358010
3114262
204403756
321230927
98470297
516216059
289212081
119951777
376230110
467573202
82286609
399456926
422704885
520202687
394076415
235679147
48097141
376359361
513315054
51769843
45397972
245091147
473685035
92621454
98008946
286368279
366730694
196925112
132856276
442021047
246625925
125710305
477506213
257460722
476919213
330735577
397600675
258468084
495164895
327163538
5903911
379859359
311238543
421553964
9136360
90345622
351105538
420670568
95881316
36993502
11604143
501374494
492415738
252419125
380990990
161432597
388765948
245184826
362740640
49921819
489965962
377707082
252045548
148367580
171585630
313901633
11425680
379139285
126937110
295094904
83617811
225034753
271958828
489101750
68709769
41623816
174144902
382326164
153803934
311514285
347996677
356898688
397153408
177777913
244285307
93489505
381031837
410712223
188147235
313276161
86567856
522757800
406356885
119568067
424276894
212771817
307602821
356548893
706706
212412458
81414152
112733690
513252185
194213102
251990692
259883149
169902771
19052744
210590814
103155956
22846321
157202031
64751268
499514679
149066429
60272251
13945519
79721565
1491350
439132210
176006227
151642898
381323649
328949713
526856793
172636843
240847745
292808701
364276916
335516573
104729137
168217369
451539784
216464831
402525827
412529363
47082652
296078833
187321047
309482727
36446993
142147430
99218509
443926634
175305564
108691860
189550884
111539217
207562528
53754596
445974378
215225762
94225085
382691351
495958787
148697790
51790240
329569932
498348747
222542580
425000971
292789700
193621411
309054163
130323086
349759915
148010787
284119214
404866212
247781277
427159347
494725357
525605591
521146387
425544110
268971488
166984372
29426963
385754274
272166039
204632560
93919028
467322880
303741170
412615401
448600278
76818734
40687605
328797878
151672040
472901266
386025165
321028831
348211475
131787505
110425404
112251840
458687523
241430665
106564988
458112531
197024041
379362646
338535792
318735181
78504813
51090724
240472600
197127860
175970992
289507786
499148126
324492688
161528388
2981072
482067186
375802062
405795744
387244752
142490775
385500901
112926733
80042930
2536485
308547282
265023906
395068438
154171003
161329818
263172648
125030073
395202318
125870582
298246467
53720550
507775933
183639878
328923887
377728203
33721977
324606693
454347213
60943981
437451867
175348905
218279493
203902997
12141027
248729856
264542819
504109496
178047606
65083929
270678991
278041987
97797511
499834665
468012968
81814505
328273303
477284911
100729236
69318401
35274140
185612331
350285696
229340845
525264986
104982857
321821661
533032886
161607196
425568607
375066294
344695940
149194007
290185628
318217850
460430450
34944197
413527287
268263094
126500179
98547342
402144291
45976729
231381527
490898681
157798760
485794650
410490562
283916803
440537171
321979262
517642025
416406248
18188940
419097330
401602933
66942777
516830053
453353227
66974865
325884577
226457163
165324291
414650935
217035991
19150260
351668677
452229383
138522364
337930874
499810895
407061430
172099489
247707395
135123469
246795566
121270131
111074678
59464304
149679326
519919044
508381444
256673997
342591634
38990993
51059032
141303634
169499109
347988347
164381557
434685327
359559552
196361858
101619144
492531092
338313732
307838921
35083898
410969945
8487707
466066585
263614323
227749426
26983865
480743907
359415093
524713848
337040820
71311913
208963086
81115011
221060168
269450057
397466260
106632440
5783701
475538066
415819401
205510548
514656579
189904101
272687565
11959280
357220204
365664850
124344678
276387132
15553094
5670786
53235153
276052887
212646452
241818774
145480742
458495423
247165150
153239897
288786329
277019462
170056722
488298027
110271238
506054720
200958734
192167882
286276141
460575640
479088712
180642838
254991674
345656102
433277198
247179997
185913042
303328048
307477524
364769317
155950817
420397111
68992937
489413338
521476290
58002822
291637504
524220448
62497564
88077195
39640474
19502953
390985772
396918053
375396301
409353959
208448298
510038480
118993894
169651419
254051184
433304907
43197513
280459007
220877535
303854335
496362744
387576903
317070221
87970503
462689695
128693743
197792235
283955705
437999121
221398422
246907132
348479119
168247960
419440278
470202810
377832059
421846641
473578182
31626217
216584333
8630145
63364305
275961702
31305911
42219732
85674582
259639433
372862531
355226803
162365609
328619185
188240464
178855010
357482965
475252453
342843317
168248728
231706703
118108566
191613544
132712282
433611106
57358826
237125526
445782642
251741921
154360833
511404185
77357897
226203167
115244155
301974535
34978696
418887559
133385430
114380899
199009084
477060160
348218962
342590189
263973359
515602104
266606096
399247235
182319722
485216079
258062848
194851272
1346663
146936251
323804473
352513080
18504649
352492667
501905645
52896776
129096109
437888239
238238750
359639606
320335953
506141766
22304646
75991836
168607651
394265419
216368530
446985028
395675458
388622664
470019040
155797345
235171279
256828490
16575576
369413100
341060613
221781145
204513000
278903137
416500940
73601874
249879671
496858483
316753212
282113367
197116873
530553648
256662453
405102321
449034574
32899198
44558527
470596784
128437219
530691221
426799339
524903064
342611290
530569863
511724684
130532533
43957187
490735573
319645223
327919631
484485830
68217361
172364582
115577397
71600124
90291716
79442291
160272357
130633134
141829466
136869647
311345455
529376775
194851506
447358159
508122368
340043033
117792177
512412604
405529692
85099993
317640463
318700465
421230653
81591720
454256390
484780651
216984284
188149504
134109428
348117948
411199805
5769996
156238753
62194866
445735805
185267393
350919971
483755848
56056732
336998238
149564858
284118096
60881536
458607401
325357496
469913803
529881684
224758621
436939878
485092181
367357469
477028809
474960962
190638618
294376216
134036693
200035628
375657039
251431522
360965455
495600628
161660183
200477229
362902762
351480472
106092850
122317613
111658767
453734400
149965309
368061645
420418049
405622810
77056390
372718257
346240148
119950642
1290967
510510854
105021497
526443808
409863386
516929548
22665840
102211290
293798029
417280638
442791516
389114777
331156296
9508705
527055425
213869837
437189619
91477910
112218947
509679569
421038858
226818017
255816288
147711925
291729318
414988621
338081416
191091968
63598771
465360119
358742351
12107048
60506388
139928745
407884005
387303502
164737757
370145532
19166087
190035607
313506764
442423138
96648403
533775784
186131059
293486309
108309982
384258193
214035285
102252256
488219183
42581735
515082951
498683460
153830650
404712403
255014384
177932259
331095313
289169197
316577931
324355741
329753874
482896459
424568998
334946072
70834610
393180154
99726462
470384113
25348824
345889023
89838383
311222470
395840117
86278029
52536116
447379439
237456118
218353112
341026918
430114241
364965487
275132352
105498804
12217868
122332397
407415096
89299079
255604767
172873903
275835170
251402966
502981997
45586901
372146352
254676040
165795840
180541123
222583282
204820231
451240987
129017085
260483894
180270189
206184351
494364878
218360721
536381533
69228521
216938854
255105277
342055613
307481463
320188805
487428299
246012746
22868480
254179655
230447907
175630092
367609857
150723376
509162762
464029381
194740707
275530389
190085811
41193038
532627246
26992443
226058852
270352941
159390924
22996053
271373247
184807887
360661793
31086709
263322299
401835512
120021158
447528082
235217053
42623660
165112474
262075251
511210486
414193383
61316346
188423411
140851057
157693090
289314890
394616369
386131565
475967752
409281585
470712809
202428877
53516756
407571925
123364963
340184394
364662187
321995713
112064990
187489530
263516378
348155223
65011962
497179486
127293056
77003323
361251046
111514986
290992194
289820987
122348633
386394481
163391723
102839070
511644552
348692846
214674565
156705862
534470624
163439223
210955455
208206923
269672950
68226551
204482770
375590416
483594886
339863084
191274396
243243177
222780393
233531733
420160427
74437791
112162332
170130009
463747212
293625301
105265862
477691870
386711157
514041403
246235281
401154884
413260127
40499856
134346457
438866439
118103606
311906516
111405287
407034937
478871745
102045737
333283078
92995877
333677460
214227594
526872712
223657538
124787273
395408243
162006497
195692813
317086028
149933667
384510274
368822569
150411788
454971856
481931528
131246561
82331550
257185811
119761021
26892985
425957886
296114934
269251581
257720718
311517422
513206333
53411641
378793820
21161588
183804544
65621727
484940475
280476671
516584685
286892233
349921348
286983091
253992422
47350604
30801956
65117605
205953920
61719833
320311653
47917294
339794651
187245844
278899625
167706071
378899174
199694674
179704949
247607518
342117690
176703401
393475903
336350339
31895726
216126848
253437979
222384979
134924223
320201857
289037429
5174803
435860759
49339513
197669697
159090074
91085970
118737609
35867628
475304571
299977068
231417216
304619752
72835274
516083069
427733988
104728029
111883255
58381295
336773549
9937946
260214999
121607363
515109278
471811950
440457933
170367108
218243080
200775937
500304300
504343732
322458385
433649071
106739540
201794
521201354
428605129
174600629
250766597
108206415
191947337
90068351
111211270
531932621
20698877
253778813
180203654
14262453
5189468
45463701
462816561
485568171
8003755
52681401
130542254
110413831
82988503
1957942
322761789
5561440
32738207
502021979
243611240
66924267
65102178
463749110
147670195
268972386
452608916
17761531
143430668
393824475
38711997
41802610
467209843
476962384
51801878
90342473
173383782
455908164
107444145
321487232
258381349
376537384
124937232
162182034
199377009
372883066
24073256
141000923
149658317
170831289
525533528
16933618
243748440
377239981
505685851
522392985
57387128
183636170
76684226
340917593
91921432
126445790
169313929
325549533
405088842
196957784
218608770
312615272
392899504
376181466
301126044
118629906
371429702
435494049
62249297
256543225
312661561
289439380
262813381
299344803
122611591
457307574
405643260
155592695
16147191
9904107
6803099
316763537
39704757
235467254
206776365
379669056
490048786
465351641
225440270
329451570
356964683
85927849
144462144
340574816
490689021
32902282
195640633
498973700
188942238
140237602
61709477
281559700
161998293
351661871
309166970
85689845
346883325
212955488
42799670
248288406
58698561
420664374
291728571
24787583
508747831
480369337
288599672
54049184
286875679
227951558
403393587
267089942
499566117
217849983
323367197
393505424
308536840
382123023
140187549
518242717
247228949
407508812
255686429
99009687
270776356
509732817
91749159
74468269
240106955
76645859
79465606
417180797
339351897
304658046
305539520
160816869
200229705
523639209
100414067
416632253
307027376
183398826
317297343
469763938
120939566
468205485
181365071
83227716
99303810
474067243
531808927
326863059
378615668
378141391
351651766
109027437
176751773
215301213
158877208
330161690
121239124
436288439
170914088
228869025
501822398
257061466
318062415
476887470
300752530
435809389
114607601
246392594
333784155
494714926
30381246
434316980
235050810
292744160
456282709
136835502
508838539
467254323
236261216
427094729
232945865
70741508
458794386
300990884
450158957
452488550
443087709
34219543
281363823
12160037
123033381
141919113
488311559
478353287
512553691
508206702
532602903
402691510
420372439
57074534
280759
280437144
414929918
295996136
318971655
1003699
205591130
403041406
415049405
278726452
516838563
478316947
246917573
9523280
359163200
446544981
105886022
36370860
114377733
256638736
72490562
82810559
433661947
533134716
139527727
237462753
391044069
379701551
298648541
482287092
397679665
368513704
184346804
220156790
276543759
66824905
486699191
486913496
460281564
73330428
263700935
425329531
76974746
109538399
206665702
52186161
454435671
337873268
354775110
109746429
53908147
479767015
395088854
208264523
510396558
492197329
84024641
127405195
243578296
350976088
519226660
204606203
254385432
261137200
172334054
95704702
409273507
441153547
156585964
99945022
425555923
116081207
268813937
52456560
69878524
453032570
443181854
358433517
462107404
381425531
438985188
71098069
434769490
243787188
157851640
157093809
265522745
535999582
229080452
295564686
350598414
22685516
186886823
369035245
482423995
127678367
368898443
535856832
17988882
337601468
121072047
133568027
460203261
349963385
202635330
48295182
62872944
153247706
408473015
187086072
433945130
225786009
447679244
495257184
249359132
223505385
378251630
236610805
63694709
292430514
409378507
2029101
146501280
43484432
266629298
519366826
366788025
125273479
399493895
155674700
389184018
215614791
346935641
460636527
450743272
486130737
405828801
419473671
256937057
193004582
444961722
419032665
207411654
509741325
209908005
103404106
488691625
252202739
355063192
177611800
129633184
195154147
273287569
31510497
145888088
1193862
86870928
273369271
207654680
179065838
333447782
121488290
397959931
105641965
339992814
210103425
470211170
505500056
203931513
142649494
374819662
110193916
7139731
126354376
363182288
435834537
194796829
29108519
318425355
488380397
82828792
472504559
512292652
176800729
55894837
226732031
187422533
419742243
14017884
424219028
509602822
508463878
15060139
10471692
203091752
203797419
99676838
422631381
197623998
150416622
474521975
271934502
217469593
184886019
135982816
436908185
262440025
129441173
148860626
465634119
425219122
404675306
272125955
524859084
172029399
323775953
437844993
515747946
28014875
454975709
276369974
438267355
320680930
472413355
124214289
272714056
396278057
509434293
181731829
120039406
431174874
14692764
148956022
482073352
23735330
479755413
427900063
491230460
242285570
389879764
41657469
186479950
422930883
438607596
382925969
483290604
455937637
267897823
391809698
361750542
388645149
15233575
360358368
379826502
334119580
124223918
264640338
433458991
481737586
412469058
92653341
470706447
205686892
65081614
418862733
201527755
351121473
151581564
93590141
360343550
233941158
422922028
442500752
72860898
84688699
190790393
191037039
315364261
423341470
489434787
371971606
340712532
10211187
277826189
33932615
311669487
406724185
292837476
428114631
380821113
432534519
240493843
127276306
90836931
360391598
441308518
455670579
164767902
252778535
368610280
456332443
96361583
393958651
102013626
446428039
371024630
198124642
455680093
535949379
105552309
535594950
448964008
302355769
232299738
163654470
39750645
260209533
193920466
55309084
204561568
366180711
441943809
96271880
449073931
473140029
368089516
100816268
418737287
404615541
424477113
220935915
513835406
308613563
294736392
20389695
401695407
353804557
181057215
438243892
433991352
200034692
73149649
149256483
377257816
329315256
471872367
327554161
76638345
25016584
146258394
434285612
194931285
91719497
249681807
390119603
255228089
462952604
245255665
362977116
75086884
183908247
61532774
348928370
519312194
352597334
26762202
499493613
283072092
348126470
425360594
280495471
43911189
465630502
112947315
369396054
452013213
381292053
129028871
216321512
316067527
323482513
92103009
424022008
294343611
1411401
512365566
453462262
475170273
203495827
494439518
444365652
496950092
484011333
430472809
21830184
495250634
439572117
424498887
38572211
43755654
271702501
79835116
270960738
102507156
229110649
394807057
535212580
23378786
283707668
413252772
47453487
229157590
92634307
256376339
393797072
407796438
254966986
341170007
229983782
310720374
80145801
525717717
151604607
283245007
257798865
22473612
352353781
135603253
443617885
417318001
420312469
341808821
74245153
422608067
134480064
373744291
221413986
430021905
135088042
126858517
501045407
320966247
297342053
198827168
179568473
101345764
113563962
430887188
107026135
408030853
360932506
430841541
526582657
369568724
378104505
302220508
267939935
208388110
530055228
344470697
34247355
367308362
289225399
286747115
502318864
299352097
362852658
389849269
210688877
1384708
495107322
293064125
430059697
517361901
512119965
64809730
517766930
476089827
329578193
245160128
320715858
35537471
187070882
113968293
72953090
25027528
337417518
79648106
522306746
334505712
502013852
189847345
261559979
225275262
32942103
234334606
20443109
476165033
54814763
53572947
207710002
56142757
271199238
27276282
56850412
235953685
235191552
77743042
468246564
457510347
395596189
83489926
198655982
274380626
254198902
188950519
424553398
338556578
397727537
490185020
138424400
269801759
158848092
139255399
103255444
291560674
368873274
236542478
42988971
322655328
479363513
525736818
434131049
513644017
37553279
112121526
158052025
465848957
261751298
498337704
95423217
298033914
298255640
134200625
325925418
168770942
336020349
412806841
500655273
448858914
400236962
445183062
297911416
391729552
365099587
403524193
407146083
500762136
310975352
310234319
304867223
502261574
84921571
196728080
425797014
421573041
143385974
140352111
241116154
92287638
360118153
386020899
65069454
78582273
170371477
492898276
498059323
56093016
71042739
8581260
231158641
186763
386938673
471180968
228036981
501973608
125673554
141761377
66193588
524860131
340494673
76432375
228819910
17670659
352916945
420176298
134106055
254226313
217816088
125197069
180072237
368664690
160939582
331559726
342744877
489865849
85729561
422269293
305866642
456907475
45933627
382512738
151303516
435756681
381664726
470451701
289661674
44810732
117405872
131922495
103544412
491055948
244773090
175587876
258488490
2714971
116126232
22753664
412089554
115106627
253219404
94562852
87036007
358358727
306976177
320888834
328958550
145894642
364405047
297459505
222556521
333932288
398068950
471790908
314193940
522806034
530674365
63544922
103057206
406628094
171667124
2871525
357306861
246480126
399600859
192138490
234769781
178652375
252013343
496068209
42282087
441516512
505449252
447726680
423675530
13567799
31227806
358032541
137298475
400371051
486742313
179311535
369107326
290451522
288671969
128573522
29538164
446093221
224788165
409640257
153019808
110766182
431366362
322579606
438415332
287479496
417283286
450254937
285983413
124896551
300825867
506955660
176305249
296799965
137655679
126992657
265956068
516857042
365904210
249337424
194921589
50028395
241818872
530775502
247346189
236976267
205966034
464026591
448155015
302697660
326585639
267974738
502805082
267732342
178184002
58833353
282953378
340630030
326006281
188284951
79249182
275826712
404137507
135220459
525120901
354536685
161964004
4859940
415737174
404732235
130064334
484741630
517027111
276051337
469217754
226305028
320756940
363522877
152932159
350943677
264214835
381012106
149423812
526530013
472662175
240271701
15058755
518955909
202616450
355233085
306907606
374684551
26809261
305686668
179225359
523109607
129954050
324402160
412283049
533501482
348664979
129101664
462781155
528885750
465124087
124385144
3699447
476169056
471223533
505285059
438972719
411080607
312361761
381543005
462995508
9464706
72634003
378898132
239867833
471453082
64499218
85559295
105912437
108085756
113285863
506939397
409135720
409488475
395099323
243245626
149187029
417962087
64252980
230653248
285269694
432650880
324442064
280703726
320487019
120086276
535621313
488126082
419842480
345389003
513968951
211170182
279915742
114600187
109099635
436603405
388120476
497796133
63640309
367753125
7156722
495664770
502370992
447033768
456278889
246349345
93965802
463521481
188657447
199035185
528988369
517049944
250368140
499135125
113948905
311688153
514275039
522958500
58897674
12793801
321580634
418286218
218485208
89571783
419241565
358647060
64900808
448496631
479655758
374666649
419540768
442108060
88812904
180626371
318831134
168586896
153589751
63286135
319840381
527487887
514957504
34763361
314511703
105448119
404171649
48219166
92755886
215195337
159817958
240436280
66655168
365752725
148981485
230985198
264849898
519079828
13144562
141321416
516534458
111226315
446305660
391160764
439818638
315873412
36520030
85592603
16284905
154541896
99848005
61621280
184981195
468343961
260130683
344842024
320707643
261704214
148890850
495876927
465455287
107492664
119196522
521671837
128413768
386967195
454523306
315887314
133679148
382134536
10557793
29374750
485863437
217221017
60123186
496433656
41361398
336189259
150804084
159587219
232042275
283884478
198645148
121413912
173598123
529837786
478546088
187701663
14119574
302148830
72196608
475292311
227524276
258839506
282762297
94890784
534921966
351901824
168047560
221959147
174082011
422754180
262168523
60862350
153794357
303417108
42924719
370261812
112173568
421280842
514595349
340721861
222254927
354159446
268613772
287615203
76423701
478939310
186707626
471290139
254056766
140412954
245682333
485138801
443999307
59111602
89973967
91802271
297773991
417664665
140412761
272211060
139855555
479166439
321308521
343185774
449786984
267841662
420867207
409331712
273811929
201972803
483563784
504494235
341119451
419934843
114178661
446075652
58270768
166927802
143041821
268117566
355539524
44104202
202243340
176678658
291264268
434891034
339790528
246793075
52191536
252633417
189433395
91350625
403474141
499341616
226183643
65771151
37099790
295887117
101724756
228012197
3318168
490400706
177810827
448176343
281032703
69527946
55859678
316584538
430164392
55922850
82278159
524979968
328509565
413485121
364128904
57479625
88848419
481231292
123772523
368972121
530532416
35215491
325316702
336951728
317777663
174731945
313418307
488137642
202854013
497054364
262198231
534032401
419022604
160765177
321118498
262681825
477065592
115558863
171769785
5887047
356605946
535169462
455382111
137751315
471487890
481734246
150198322
251420749
416634281
369946944
407756432
109665051
80435406
258750613
370407403
54803655
389058546
99506186
167461033
178621807
522929555
40201518
191432674
24806295
351068519
275552473
261504963
424555337
482525870
332413139
31686436
509678271
354461700
393001559
98167665
192620950
265729719
413317401
467059386
46563996
121729747
487875792
362856517
270995573
197782885
264363045
206192461
138972564
130915667
120699437
367374842
420526142
413606804
225729784
68742446
49011333
164939367
457282021
150860438
429999837
501490229
64200493
329541448
278288933
347679066
203839662
323472949
204649779
191048403
235170765
485834758
211416783
338234813
260396767
206533668
407140980
321664222
254759597
19502236
503180637
1966889
296681684
116201129
422572253
52308614
239497137
33923350
358591043
14941395
176801469
32303665
357621345
300067460
128808413
115112121
185874242
193933438
186415712
242292828
108288593
89679270
179762129
307741234
199457417
76940761
504266080
229741127
376012044
277502662
399652267
124306729
370417192
198801638
91675587
430569960
323996152
135563640
241509938
227691936
457218674
290416533
130607434
292111184
360779944
270725167
187171941
403935916
517364203
445358255
60812806
264043420
524031603
359507096
128866590
50009974
164469584
290672594
325477077
229451164
237214142
110926265
55752230
247921691
392083891
140309922
368377939
198889088
178341410
484028501
476482212
158694098
95714279
216723098
511177956
192737955
333171372
111423445
448114822
18780801
291788716
850133
55305526
376818086
372064015
161586725
429386673
312310881
320121340
167955841
253056081
279782326
483472388
191005853
15370502
342658709
164274425
190108383
408865999
289930653
89035436
140406011
151438919
188738439
216641214
121114053
440302783
163823314
218921924
417868832
189427248
263107610
160881740
419274945
122099476
129687551
505498050
432305344
467306290
129064499
342998069
26277831
151668972
130115867
298877272
63010811
454014594
236718395
231377230
72546429
348552595
297066793
180577879
254768441
351735344
513681649
198797264
141210651
461772410
471220161
151119154
161859405
163843168
174080550
224685036
20363565
25436562
84914943
324952053
372855125
444732916
500306453
504754837
379853656
430843499
389217316
330059074
65693150
104543042
249006611
51442650
276188815
464174326
455662180
350215267
146569950
166079902
49253793
498756778
172367785
216861083
391885155
218642392
159570253
79284180
232892344
107641560
161519891
508819037
369069881
109309547
452047508
174772784
238643291
527080349
298145297
168335411
298848274
42091436
493538962
176156698
502693916
475202785
512455326
504078259
212479121
17730635
245208119
67208743
192039796
55613024
288375930
432322316
445710524
182205118
227734194
206723098
344088661
127692357
352541580
491037802
531500722
253501522
33831702
90658382
80396642
88799975
108249058
421510171
119158056
216925899
20278536
292632970
489565163
451223844
476273681
251630048
184578453
8381389
26632679
369493506
76440100
229907884
414388123
506788078
125611505
380272376
395577869
4862194
477938086
294727099
436165616
317320331
378569857
324662844
39654297
44110657
207016830
479260849
235215370
120653666
3288437
170318613
93410212
352295998
419483628
233037843
288006306
362300439
56124497
338494148
42142340
467457379
369263215
183588350
379244250
320572808
273486522
29672386
128950917
501298964
34243153
479699019
370784714
530395187
242968367
355913957
350650800
180937986
492562056
279336206
363118267
24064726
475092235
213790704
514736506
61971635
318737837
167548683
495297020
174518255
479853830
165141529
360615044
313540068
190310747
89309672
19481406
221853672
12168355
93482636
133680249
472102434
131717856
407849804
399281386
481379943
440450090
22060189
430694639
72767684
481465889
22843695
169234623
520575998
174959472
465526289
474679212
313879166
278061834
240053368
347854659
63888252
1121030
112559328
57606270
296558846
157085213
79784775
314658604
157924372
160293452
275758269
68060230
90638111
371666867
133211632
21067659
236773994
532250630
477450766
215838065
510271179
456998846
233169424
357193379
77358767
500868642
431609744
208198465
194811336
509272451
36613864
370047299
365214948
141401686
377678291
287780337
156087313
52538658
10939179
472502303
8650678
348156410
289451060
257013001
454151276
135840798
383044118
226641064
177997786
63263407
355488144
233023523
212893386
436347962
282963817
311122450
23293294
315818495
44147258
397599369
253588160
356082691
135887052
443794208
478260477
249685128
245350217
476749630
56409840
306037631
480336941
293463702
163536755
154752235
470898563
304324036
526528492
489693508
208333779
420018464
467266627
177938363
114935476
172301185
425930749
66742847
390759658
348729680
174892690
118952276
354849819
505204768
312649626
36190586
337716380
67705321
514775881
476563665
485381776
136794851
86902290
58011512
529892478
60406093
165332040
20866786
254989023
490695638
178869180
17827282
475018559
41076645
78492125
35548721
196602402
489254495
5577936
182296123
139358510
514946343
63399818
344980736
216320096
230252671
31382456
512684346
383637561
78974698
166401786
197716516
103382785
321467439
115621034
499795904
409050195
358125735
347172538
458465928
206567622
356970922
225261461
471316764
519217414
344253368
385718482
456325225
497239566
358925016
316755790
400379007
136073573
501336524
210788254
440362407
395092545
146436488
9728263
309054225
454632619
287336566
482576151
359427099
215939192
382602170
412093591
328346577
354943600
430709933
439716336
420318104
307169208
46897349
501930128
507602757
19354385
293544156
438097652
525463501
19542963
87910342
39586730
298425536
341966937
181376287
84058763
400399955
283320820
394827655
392618825
473376676
202566969
343031162
432410721
505014865
39020150
421653104
493884858
482672536
148612845
380081300
206206459
9344096
326074005
471994045
102527048
101157219
179934825
496541834
79042751
370977535
174121263
106132899
134416330
65753212
530827590
263784351
224409987
250883766
141586145
158650179
496910358
255825214
297716285
228867692
112708560
64277880
258668041
176883712
430909793
241690589
476321794
344753371
246932266
37101308
16168789
382285052
316188706
394332710
482882504
419392857
506672449
507212450
517064921
218352378
78294584
535169315
367100459
506452093
293075927
89658685
342292000
154041209
184155943
226172513
50313496
313040557
269514998
8045854
489909730
237432279
457140834
349870774
362027498
325311374
186324977
291045932
518021144
185011059
183905196
429728854
215513877
453190400
79348615
454966727
483414516
136460651
205314960
165994615
257415944
55015609
463500134
314613037
290615499
196309469
1994457
47052193
370065883
531526061
455968062
457003843
118038450
395691019
128777927
292697921
202712037
508861710
232796793
377846501
329255431
73136793
130877753
108183692
405796415
180146523
494810433
464550418
235054665
369749054
126435202
23873508
425161400
392912186
97710257
293712821
472660289
531133845
214662163
345624771
233497326
479680722
316098940
84278853
169591520
393866500
122488155
272570728
254415852
274136737
29854003
9227941
239324894
359710544
152955911
268571551
404033203
222876977
146977567
345360109
44773351
353996711
330983914
368007591
198216419
140766529
216612742
217656548
172883528
235431252
129053897
163888937
48755278
148185405
563789
142588210
262473198
276704960
156001688
531547585
26216733
451250481
58221317
434645772
74738408
348134126
266904269
487317793
25076276
258880692
421894223
397763462
202020909
292907980
36966811
127233969
104901864
31778297
261195346
300868925
481915117
346146562
140203841
19472894
22873870
319775899
295610646
308597435
238973298
501814314
418847018
315766335
79343547
162856945
185023607
183292858
327697648
387099207
184291149
89729686
132421479
308126495
121333408
271735726
356690086
334937921
356267766
14148135
277727356
360434213
259352323
69550702
62431055
138213762
417917823
485959202
441341859
463853411
219892845
209583936
189559951
273195539
310318782
439355379
335142508
53047571
5214308
123758279
394316724
224412383
397598810
25506098
204559704
135420977
186448282
419942928
427503303
39061721
468462194
450627265
408645173
20261567
337841084
498836152
413835973
236906981
478473201
78570692
202275216
249114560
358989290
448529944
346320421
1210143
489401898
366763707
22164636
97480652
292187746
216575105
147442512
182754985
425081450
318698905
49408672
95054569
119613650
519991188
148006766
155242986
294668450
516884856
382061415
69754861
209662930
142870548
133786159
455975445
37604855
91641146
114629953
228633220
200902160
147878636
34178196
47725424
166335914
518242441
220518493
422712400
423745027
506450281
436402512
475907488
381700693
525115729
119014638
314601796
418962654
243350061
3838772
340638878
361630734
387407284
244767008
122111245
185362687
263696275
177440616
275895407
411252387
241892736
267214569
118126179
432347506
145803076
268502243
230092127
241030701
500942182
432485182
519470253
198554775
434898140
481951130
403370007
35315702
10463020
27921760
60816627
216001592
85850952
10584288
200835510
346848255
439684704
109953924
506795604
489625827
499936402
299939247
191293139
424909478
123883168
241348436
151004551
20518374
31104172
294982728
242449069
275780730
64145342
85101876
369216410
42108018
151772877
420350750
27815754
81290751
131728420
227905956
531824709
390099788
1016167
149636962
380016712
325860790
391726846
483777653
63309133
483991046
323313378
85909332
474684703
334182720
41600818
179777589
329737710
157473990
365404841
10201430
57385430
502713347
393842678
177237648
310114224
381889010
98710294
154222379
46109732
464294330
480639432
113119218
234109093
308415943
226110965
14818563
218374931
273103445
392650511
121439679
431036640
390656370
412871038
38827635
283227553
144420259
497193332
435258965
245183597
439019959
175869981
536801170
289445719
239293311
407614415
189384644
115878279
457305635
56924577
474835420
3147281
42553454
326293356
499984181
500579400
493187646
61507049
491236303
258148086
291242939
69442767
318367421
464064589
93586232
235941956
450333037
230383537
519501428
243890060
63342064
363426278
500891169
253492539
387615969
252553993
191787340
23746505
505670818
128960705
138647988
104515366
103152990
239280092
301596782
476736149
138468690
303017435
401873267
47382005
389374702
440814435
279544554
108618288
525165183
134900076
230774389
301858709
65690754
152393610
488606554
184055669
497954015
426721627
393069765
368706240
457034438
129690827
143935742
35175009
454917307
290690227
417824019
209526647
15199331
266357804
494461472
56536088
302856878
66417934
39667807
92065461
279181367
192984486
489228045
310455767
381337315
348603486
465354216
490751398
376260115
483514026
370405281
355129239
136831157
329921013
282604954
121486700
57159131
466993971
135113119
241907221
84799081
316498467
499017432
118695389
235091770
177164613
101849671
109909512
523025070
267420342
323476240
262647843
266484675
92119381
94632666
150292896
15215959
12878392
23490641
121845127
106149238
521794275
284182822
72725240
152561824
314643143
368675238
203646426
50431120
155202113
254423805
40161259
230686834
432513621
109231772
77067381
13998447
496338471
2894965
146414756
386061144
274349224
153372359
60850559
94354375
222210709
284515501
197559675
535183484
236404630
52140638
467726922
224949775
156068756
120036841
188717811
123997963
1555070
268389169
203257150
530479222
425003947
260587041
257174953
21989440
150883851
192081069
197405745
145568339
56427172
477204530
174135065
41061526
498135222
263058475
335195127
77573276
253334814
355020770
446173551
137068705
33727426
511581752
330814527
261612352
457562203
155381874
102071105
325171091
471931993
111682566
111669225
97587855
365658437
166355464
223026039
334914258
343344557
496169863
516231854
88291186
172846932
30187772
393648947
232466822
359978311
496081314
374602258
444548293
274567169
29194558
134891054
435913283
445236801
271163571
2046393
505780733
479264094
333122223
22712574
514258826
6398688
198471134
147214732
253834178
419343216
45792481
428176438
379931787
366723738
171298215
73557096
476841676
5628517
93559922
449866636
379516534
428090824
239917514
7661136
137638057
356280890
322527596
171098149
71999358
460550305
469981078
78511797
243051426
342798059
76727256
247046361
180371343
428032071
383741173
395663858
422228883
524354710
452876899
257255552
418976109
197629668
16482362
24312971
40412744
364742681
251896416
371482344
504602536
46266562
83830650
211221605
50550915
475943885
33182541
374979991
366841682
198312855
97153416
314583977
383911241
403591705
194013568
204366742
53331755
423985795
366925064
24226963
484020025
99350081
81059039
240386173
389000656
453410990
373324762
101596894
7613495
426060877
227686628
353308750
266037931
19172817
323125206
66111790
438861917
100173772
82835991
419025802
373865960
217905024
507960313
520144551
132562078
392637608
329399552
533909923
213986870
18763262
463897032
466271612
55160175
344873032
301218347
78286977
404550767
450323352
293956636
375926764
294393356
134944193
442752338
496380925
46792657
62741236
155468040
149856064
480359510
16389940
398353365
178452271
304742952
375160260
290117492
330836692
355596989
76657120
199922049
22298022
302597515
372899003
68658157
255744844
246377497
519811176
276624394
241356497
176820862
191372843
199269668
244465187
47912197
98464609
97329167
95635349
307371204
529223284
178422620
462258187
504344242
374793107
194956255
352163266
465231753
170207977
187565625
68148653
200698802
486625114
347351444
185896390
469750434
333059086
19773501
495404034
202001196
287025671
152904999
518988221
285853851
164298396
375910541
412000521
212958555
104880963
296776095
495335195
400311470
410632465
248882176
129698400
276381558
275442812
321825820
458193066
73923516
437394405
455286084
166527918
429344218
341509341
514473018
426897471
388594546
161536851
50560120
233524078
465229864
37462107
24714725
167098793
51697305
308747332
308948760
1391041
338424520
158328672
436455554
342406819
310965885
55181484
341232780
510691626
321680614
160756157
367884793
514269229
367151093
432016252
206890749
353159670
356812494
69674143
146673271
533202655
36527275
49283838
155850697
501828845
422723351
466155574
309274393
51138607
364491398
477686724
56785484
334910594
184556713
270994252
89378804
48995655
335967646
427365635
16541204
476424094
341736278
46635187
143811258
124185799
437037659
519297594
187954160
164478501
308545183
29149107
142656349
179696380
474766650
216613084
343809029
260796394
249651753
3113315
110439661
106042741
70857768
527111810
422655463
79947291
489120022
453276751
315325759
475215615
417938027
369018585
428046886
493129646
65693273
187187343
207711639
457230422
430718947
130788379
70671602
497122012
77250930
182641319
337566650
367523188
287622415
171424844
219411872
168462427
400781098
528234191
478744350
465848709
46081812
257594626
148044422
391065500
324218641
300613539
4468947
105517899
29790156
432718453
81047439
101306741
409860601
517124569
94894839
432723041
331225028
472594909
294289986
337109304
406641907
265843156
415696365
449681559
334484161
257548797
478133824
206618176
129463574
481490901
162525465
158010449
368049559
57358662
60432701
481874842
349630991
402456695
11168545
239458771
511101385
422609103
355081959
344473099
135830719
278843875
289163540
78025332
146851544
249836753
15900726
479697294
181222343
279684245
121818923
318574528
4667626
38694049
299463511
456619814
390076545
234110894
65069964
518607926
158706828
112637210
484619625
398070253
329225706
253792946
398502303
452349469
512872255
15367615
450247444
179820705
178019190
277165075
271092158
335372119
296281832
517664256
178954048
212639675
332382862
526583171
208947874
76009696
345551108
303954053
173024402
176712115
151534003
2528895
7800581
432968825
348505988
89602875
501293918
12789952
353510461
486415137
191339259
353059253
417755684
426597241
183619108
42543405
176460307
307937871
390807638
371849120
534396320
228796434
112993010
295931859
181137347
199362447
113667307
404647039
388968518
24061324
398320447
248602589
480793669
251397509
436701849
470086268
158970975
389959847
46448625
309817901
178298761
49347971
236694583
267175088
484638190
106431245
310530388
104782400
247638088
120704607
214474791
356163133
330972541
283029417
184413364
258764388
78409837
286159199
471896631
439769103
523506073
301939808
208069873
339183987
410080947
254703189
425920062
377718617
379750900
281607015
16698641
17310606
360650365
173158495
185249407
304162826
214370139
526965746
51818049
234387588
369638405
164871919
333443478
338085519
193746033
18447614
209881331
470640921
146398270
338372594
518697860
479296382
382963510
276303525
25698877
194158508
837175
21441461
405652327
35897225
132600724
103355282
165808083
324549621
303190024
455038253
192586016
386335230
48148136
245822694
499579679
309676296
27224494
129912619
19273415
175244637
39209671
79330841
427223683
134509673
256329738
305954358
383366271
486800102
407445449
327192212
283322501
81338313
185288180
497045375
8006034
523667382
333247814
44597197
299554323
433534894
389336593
3390057
184618718
514873123
276130335
418619201
525755928
70107110
203764592
198041633
354581820
319916248
497930685
167331188
295465081
230857856
101037449
454786011
336056135
245565422
355334407
23151444
59154146
302396838
487832983
367079996
509737770
336833280
38829871
41172186
302849209
64558979
533638903
290040596
524439428
191833243
144077391
123918646
526248707
36176109
296250142
233701349
83972194
473537490
154694934
439235446
353188925
241471575
378845715
170241788
473334947
280874273
364855799
260833452
313554367
315723212
47491235
254186781
145253971
504498532
430786932
206884859
344998665
427792635
106848994
182878072
236126582
158319865
82371612
304384060
477490653
195050500
343978043
184179742
256857634
503875484
62513415
510277351
412457568
70010134
21498451
197745754
59624361
263491230
140197310
483654580
225858875
142429902
102858958
157178866
334456485
83581257
488979065
50062768
342698123
50218703
245835471
534889234
55361301
318737142
256763703
286182583
314646512
488267581
38151241
475358512
189508790
219001544
226723466
366999591
410408529
476728644
199454860
490848738
303887472
327902500
523172138
472425749
230988304
328199869
525613067
161221679
390518913
407507388
323453961
488773250
149580329
431205364
273109955
36375627
43804543
162705474
20129034
71894192
386844334
119913704
287422023
454889165
425628720
477760016
291847995
339752913
