396976566
175959135
429849371
295428305
217077234
119008493
103143840
439288324
239185430
244712018
501709649
429934474
417412116
195773470
21238925
78471814
286580303
159227030
207749216
319783230
382534656
334067408
103610429
520878183
393840444
35068421
364693526
76818084
122664489
391387075
158683675
481134502
343642245
160852160
265267770
212834819
138386236
155457260
394122565
364070771
199428019
426122579
12858101
459292649
40740580
76165170
502610715
442391698
55702795
535928182
41540383
121531395
12415841
173647766
192659415
100630214
247459802
24552323
182970445
497669875
329552657
265262722
38758595
157076165
374522309
328450393
303366272
163040733
278164107
389257723
27005463
272164918
108507465
424111903
313833063
151906210
466694907
34600732
478875726
131554296
215771346
520242792
485896338
236870878
419242113
85613983
468129661
504886865
430489225
460394524
405041529
188145025
425187212
536084131
134898615
366856631
517394595
296397992
302287597
87194075
349428108
260421383
250360221
95529171
201993563
321273825
465188221
309798598
324441511
442490960
412053390
244015962
130992810
92426051
121623890
20893358
422155985
404201844
88382896
4250592
287703498
216101213
104917619
382483433
376772842
494976862
354210384
64269681
199103077
65057686
308795295
488841882
220760594
132801158
434641067
197213189
447399536
10827822
365415753
14072508
77894032
377459400
370126822
133879850
477079802
33180649
171700438
84250696
496346615
1702056
231171397
225699033
300825535
7373190
30605081
418271745
501553727
94429000
288995817
11874470
524053882
4593771
313758581
33112867
527063665
417005439
192865070
249947877
360824204
231507694
397179769
338477728
18337125
67108268
366395348
405420775
142069353
428333042
378509369
462143097
351596914
485678469
22536713
145489001
282236962
438942384
56396767
489080591
69330880
475691092
164738222
146638583
134232259
481820913
157291918
152792254
529149755
26649332
483655472
356649618
533263428
507939085
330171526
480904247
40921550
520330279
154392226
457092002
39190875
206780490
348834903
442122781
161675390
76664277
408066436
313130408
355425249
377633615
94715056
19961011
110128566
315971778
391805913
299069208
518762374
278168798
145610837
102376784
41258103
353095761
217670028
455108584
533982537
382279433
505846909
351907046
528655749
374675231
358766379
296728227
304293151
136689528
228366911
257997256
465650381
6576841
192377505
390518889
390750128
234589164
365326922
137515246
186626852
293709338
353961286
302229344
95088412
8595643
516862724
136186652
332897019
367613457
358598577
351236220
465434343
175056176
102219326
344266200
453241837
421043405
95252122
535455203
70200247
233026108
403675610
363862253
370457181
414027857
296924395
33283932
204340121
508200191
50003422
370528770
358005243
298997159
405955375
413232566
494712727
57356622
144625582
28454227
535439145
225449008
493275748
502744552
297273674
279003864
195361403
274189554
165720647
53556161
13903706
324301357
515137282
412439399
328367344
302689100
505599280
167415675
296817276
206846937
10458449
368122690
319550567
192408560
68692332
7022475
435528347
168926740
445230497
470304126
285005117
367487219
423501360
7887425
494474154
506064852
171616572
73666872
289916637
495755685
290015859
517432617
319816304
265164794
299570791
400508725
196127388
419006448
57876488
489443030
89144362
530183695
253529269
434028092
349857391
490096939
6984295
265716575
238412463
149584561
2587305
290397509
302494605
508724891
435578047
460553098
190308733
355982671
393883546
535500017
123666123
294807945
88997250
401347828
292069551
291065118
317871781
438408125
160726945
35340106
298086750
446301165
41196164
330499860
225246425
485636692
188450753
285613325
380332035
254820879
302270798
276946243
48192809
421267432
486508875
231087000
283362905
256255439
473923160
15882394
414682379
247108723
256181786
183075780
452460358
130882095
446026667
19820045
317700019
406875352
124106094
135902051
390949446
168418313
505780907
335973629
74839771
225997087
472360598
520704812
418496919
235442462
219363686
297357141
449316554
516436940
383883021
436253508
234991208
480082403
406864042
401936065
88493289
427475399
132813564
42588727
452326252
132532514
385199941
290815927
478065045
223478438
18733808
472540180
220740335
246161473
67149421
333302144
21512737
479849673
508081833
227792320
327169651
399993229
387693829
165729236
299793184
249180646
69657772
483605343
348594567
171043177
348284733
316887947
479626291
206033314
262819684
446882968
285681426
341800856
393795716
138654598
513461534
30776142
141920415
523931036
231816937
260203868
347372988
461022929
267978606
110017030
454356098
43280145
121893168
349994166
295785323
2405519
35925761
375100569
427930518
46510774
85877004
22725686
136630636
515564992
499515168
117809527
12204200
262395315
124705400
488522120
378537860
239525137
316721329
99476356
382902209
269987178
199302834
285707986
324056613
330561038
428848948
59959774
15661758
308672341
70103055
455273569
322671620
202173340
319303378
396278711
387281885
402936660
143250034
255188162
528637464
404346762
455101706
530422743
243452315
46431206
359722355
38005922
414105429
386369128
173759123
77377946
388453223
344619084
93807321
61055852
125246508
343183070
55886025
482357012
100271290
204443992
480437047
142031395
432851375
43250323
209642508
492107342
51347043
172069764
119160417
246512299
73978235
324806545
51848225
128602240
318757445
464718001
99895530
469163778
375854409
25027914
15238068
108537942
69353752
84854194
403234913
286829337
348470690
53367001
444617103
503475385
125097906
290604145
359902906
301293669
297297057
18551003
368894047
235470270
65186944
204456635
504793658
180013105
37349347
86920558
428622371
32391351
186963485
133438832
443489668
5159377
323561122
481278668
326589610
482623589
412376098
375314279
120786404
208984848
292972643
465153234
201844662
147893415
478751791
16115189
211441956
39944708
157503522
434943952
118191941
405848300
371147864
442682240
109289749
387466401
36285404
441587099
127687424
535658387
209851176
6538874
27695321
226240036
452421633
327371822
374064866
247038459
449948535
358830980
89725894
452226841
264981395
388911337
274453120
385046118
205681362
175180427
102756595
465832510
106798148
467121429
99340040
488432674
16454606
364119346
327373942
133262594
69124151
40527280
260477462
154432694
320289940
350115189
449765217
228280075
75935977
196378948
423775265
6465744
321786491
400904082
234257741
82115793
379708746
394392883
176237783
30126719
405518007
532677695
137595922
217244848
307785648
41937923
204698103
373083084
269034517
341593837
482332141
416192064
526022416
523207513
183503621
230165467
117836201
32890285
124693804
134788428
361292971
192501981
358465268
36351301
471209135
210935630
347907032
100031915
118744039
160901328
497230048
198954851
515728868
430785668
328993588
230843534
195079136
502652264
512388326
281396989
10451618
403193861
202207121
441167337
457830676
306487939
484709411
319748666
277846407
94221519
181710493
478106828
501033498
230432369
338432744
190020313
153051215
402452269
245405460
397933191
410107168
78970579
107276046
176649570
386657659
244395409
391009895
430018046
529343505
511635076
68389693
246658426
452212593
79359475
329749172
431717797
420648425
272402019
212093181
10975352
186187653
84383365
292183417
517748846
347192872
136577010
238709603
250266905
180758995
431656060
453789415
481335238
468755503
160381700
308587477
89183885
400230662
413735096
114714318
119121632
172569626
272961711
219736881
463034039
32963958
335641005
306867078
463733218
192151891
259514659
228563559
29312280
498667783
19948143
27024431
443200929
523704010
365128868
98235512
522537367
50662973
486838606
227255546
312149942
520729096
303508750
226652055
351218621
377953298
167753678
437242291
342957499
226107023
439987796
340467316
221986345
362524839
273786687
160185125
417954545
505121545
338859291
490566117
500322692
492339890
265168817
119287452
339992431
63227473
18882409
238314029
167947557
226247828
73320558
2454903
309564289
76114325
129267966
177867346
297417350
14258888
483308410
202881507
277883442
68199774
285537472
145149306
475450816
201803979
370488803
527174609
381579849
501745576
502929847
488842048
214849297
510819172
444108489
194620452
259692182
214090902
409390279
129604953
15913053
484392404
86086632
181620587
36697966
376789658
527070425
403936168
152364281
205145894
500670978
472488385
410581055
365890033
323511778
73879753
249203454
127466660
347963925
293079129
178669514
374941775
112111554
92970507
469123241
493711205
313834107
430764769
300715896
487883980
164620415
283195759
535504902
470781757
304627948
525582968
523626947
248304923
109886388
87180917
343921202
264111911
313127377
494658087
202166774
398071575
264486691
157528804
157267756
214737241
331516695
394227697
258901596
398592697
154082741
468072446
144281341
378505134
96774048
479112162
299763274
26797528
247968160
33495448
474428924
382437351
115683605
519853206
347467411
466487537
372363727
219405474
443115907
236775842
28754466
263082468
370439440
116528879
170487916
326841710
60097737
58001540
299328442
445234632
298337046
263216028
441786174
63622889
294960666
305490210
484842756
132298372
226493720
110842671
372099828
90434098
127500834
481853750
489393537
280871008
82558325
73673414
398369041
504313755
208695454
448985305
486738489
507826323
403981959
304587905
58382316
485273331
327488764
307895771
140458380
29765533
339665028
397846403
185626257
299364410
353236942
397479715
261084538
120722126
533086296
389957023
41201286
15821565
107594830
499636909
506677170
226359697
322448780
67243597
172761737
402391045
318347661
247550824
444045142
463955529
518090941
202767618
195668242
466711826
277915067
39903783
157555803
307142128
4807643
38909484
89082638
